frame,time,type,name,concentration
0,0.0,topo,topoI,0.25
0,0.0,topo,gyrase,0.25
0,0.0,RNAP,RNAP,1.0
1,0.25,topo,topoI,0.25
1,0.25,topo,gyrase,0.25
1,0.25,RNAP,RNAP,1.0
2,0.5,topo,topoI,0.25
2,0.5,topo,gyrase,0.25
2,0.5,RNAP,RNAP,1.0
3,0.75,topo,topoI,0.25
3,0.75,topo,gyrase,0.25
3,0.75,RNAP,RNAP,1.0
4,1.0,topo,topoI,0.25
4,1.0,topo,gyrase,0.25
4,1.0,RNAP,RNAP,1.0
5,1.25,topo,topoI,0.25
5,1.25,topo,gyrase,0.25
5,1.25,RNAP,RNAP,1.0
6,1.5,topo,topoI,0.25
6,1.5,topo,gyrase,0.25
6,1.5,RNAP,RNAP,1.0
7,1.75,topo,topoI,0.25
7,1.75,topo,gyrase,0.25
7,1.75,RNAP,RNAP,1.0
8,2.0,topo,topoI,0.25
8,2.0,topo,gyrase,0.25
8,2.0,RNAP,RNAP,1.0
9,2.25,topo,topoI,0.25
9,2.25,topo,gyrase,0.25
9,2.25,RNAP,RNAP,1.0
10,2.5,topo,topoI,0.25
10,2.5,topo,gyrase,0.25
10,2.5,RNAP,RNAP,1.0
11,2.75,topo,topoI,0.25
11,2.75,topo,gyrase,0.25
11,2.75,RNAP,RNAP,1.0
12,3.0,topo,topoI,0.25
12,3.0,topo,gyrase,0.25
12,3.0,RNAP,RNAP,1.0
13,3.25,topo,topoI,0.25
13,3.25,topo,gyrase,0.25
13,3.25,RNAP,RNAP,1.0
14,3.5,topo,topoI,0.25
14,3.5,topo,gyrase,0.25
14,3.5,RNAP,RNAP,1.0
15,3.75,topo,topoI,0.25
15,3.75,topo,gyrase,0.25
15,3.75,RNAP,RNAP,1.0
16,4.0,topo,topoI,0.25
16,4.0,topo,gyrase,0.25
16,4.0,RNAP,RNAP,1.0
17,4.25,topo,topoI,0.25
17,4.25,topo,gyrase,0.25
17,4.25,RNAP,RNAP,1.0
18,4.5,topo,topoI,0.25
18,4.5,topo,gyrase,0.25
18,4.5,RNAP,RNAP,1.0
19,4.75,topo,topoI,0.25
19,4.75,topo,gyrase,0.25
19,4.75,RNAP,RNAP,1.0
20,5.0,topo,topoI,0.25
20,5.0,topo,gyrase,0.25
20,5.0,RNAP,RNAP,1.0
21,5.25,topo,topoI,0.25
21,5.25,topo,gyrase,0.25
21,5.25,RNAP,RNAP,1.0
22,5.5,topo,topoI,0.25
22,5.5,topo,gyrase,0.25
22,5.5,RNAP,RNAP,1.0
23,5.75,topo,topoI,0.25
23,5.75,topo,gyrase,0.25
23,5.75,RNAP,RNAP,1.0
24,6.0,topo,topoI,0.25
24,6.0,topo,gyrase,0.25
24,6.0,RNAP,RNAP,1.0
25,6.25,topo,topoI,0.25
25,6.25,topo,gyrase,0.25
25,6.25,RNAP,RNAP,1.0
26,6.5,topo,topoI,0.25
26,6.5,topo,gyrase,0.25
26,6.5,RNAP,RNAP,1.0
27,6.75,topo,topoI,0.25
27,6.75,topo,gyrase,0.25
27,6.75,RNAP,RNAP,1.0
28,7.0,topo,topoI,0.25
28,7.0,topo,gyrase,0.25
28,7.0,RNAP,RNAP,1.0
29,7.25,topo,topoI,0.25
29,7.25,topo,gyrase,0.25
29,7.25,RNAP,RNAP,1.0
30,7.5,topo,topoI,0.25
30,7.5,topo,gyrase,0.25
30,7.5,RNAP,RNAP,1.0
31,7.75,topo,topoI,0.25
31,7.75,topo,gyrase,0.25
31,7.75,RNAP,RNAP,1.0
32,8.0,topo,topoI,0.25
32,8.0,topo,gyrase,0.25
32,8.0,RNAP,RNAP,1.0
33,8.25,topo,topoI,0.25
33,8.25,topo,gyrase,0.25
33,8.25,RNAP,RNAP,1.0
34,8.5,topo,topoI,0.25
34,8.5,topo,gyrase,0.25
34,8.5,RNAP,RNAP,1.0
35,8.75,topo,topoI,0.25
35,8.75,topo,gyrase,0.25
35,8.75,RNAP,RNAP,1.0
36,9.0,topo,topoI,0.25
36,9.0,topo,gyrase,0.25
36,9.0,RNAP,RNAP,1.0
37,9.25,topo,topoI,0.25
37,9.25,topo,gyrase,0.25
37,9.25,RNAP,RNAP,1.0
38,9.5,topo,topoI,0.25
38,9.5,topo,gyrase,0.25
38,9.5,RNAP,RNAP,1.0
39,9.75,topo,topoI,0.25
39,9.75,topo,gyrase,0.25
39,9.75,RNAP,RNAP,1.0
40,10.0,topo,topoI,0.25
40,10.0,topo,gyrase,0.25
40,10.0,RNAP,RNAP,1.0
41,10.25,topo,topoI,0.25
41,10.25,topo,gyrase,0.25
41,10.25,RNAP,RNAP,1.0
42,10.5,topo,topoI,0.25
42,10.5,topo,gyrase,0.25
42,10.5,RNAP,RNAP,1.0
43,10.75,topo,topoI,0.25
43,10.75,topo,gyrase,0.25
43,10.75,RNAP,RNAP,1.0
44,11.0,topo,topoI,0.25
44,11.0,topo,gyrase,0.25
44,11.0,RNAP,RNAP,1.0
45,11.25,topo,topoI,0.25
45,11.25,topo,gyrase,0.25
45,11.25,RNAP,RNAP,1.0
46,11.5,topo,topoI,0.25
46,11.5,topo,gyrase,0.25
46,11.5,RNAP,RNAP,1.0
47,11.75,topo,topoI,0.25
47,11.75,topo,gyrase,0.25
47,11.75,RNAP,RNAP,1.0
48,12.0,topo,topoI,0.25
48,12.0,topo,gyrase,0.25
48,12.0,RNAP,RNAP,1.0
49,12.25,topo,topoI,0.25
49,12.25,topo,gyrase,0.25
49,12.25,RNAP,RNAP,1.0
50,12.5,topo,topoI,0.25
50,12.5,topo,gyrase,0.25
50,12.5,RNAP,RNAP,1.0
51,12.75,topo,topoI,0.25
51,12.75,topo,gyrase,0.25
51,12.75,RNAP,RNAP,1.0
52,13.0,topo,topoI,0.25
52,13.0,topo,gyrase,0.25
52,13.0,RNAP,RNAP,1.0
53,13.25,topo,topoI,0.25
53,13.25,topo,gyrase,0.25
53,13.25,RNAP,RNAP,1.0
54,13.5,topo,topoI,0.25
54,13.5,topo,gyrase,0.25
54,13.5,RNAP,RNAP,1.0
55,13.75,topo,topoI,0.25
55,13.75,topo,gyrase,0.25
55,13.75,RNAP,RNAP,1.0
56,14.0,topo,topoI,0.25
56,14.0,topo,gyrase,0.25
56,14.0,RNAP,RNAP,1.0
57,14.25,topo,topoI,0.25
57,14.25,topo,gyrase,0.25
57,14.25,RNAP,RNAP,1.0
58,14.5,topo,topoI,0.25
58,14.5,topo,gyrase,0.25
58,14.5,RNAP,RNAP,1.0
59,14.75,topo,topoI,0.25
59,14.75,topo,gyrase,0.25
59,14.75,RNAP,RNAP,1.0
60,15.0,topo,topoI,0.25
60,15.0,topo,gyrase,0.25
60,15.0,RNAP,RNAP,1.0
61,15.25,topo,topoI,0.25
61,15.25,topo,gyrase,0.25
61,15.25,RNAP,RNAP,1.0
62,15.5,topo,topoI,0.25
62,15.5,topo,gyrase,0.25
62,15.5,RNAP,RNAP,1.0
63,15.75,topo,topoI,0.25
63,15.75,topo,gyrase,0.25
63,15.75,RNAP,RNAP,1.0
64,16.0,topo,topoI,0.25
64,16.0,topo,gyrase,0.25
64,16.0,RNAP,RNAP,1.0
65,16.25,topo,topoI,0.25
65,16.25,topo,gyrase,0.25
65,16.25,RNAP,RNAP,1.0
66,16.5,topo,topoI,0.25
66,16.5,topo,gyrase,0.25
66,16.5,RNAP,RNAP,1.0
67,16.75,topo,topoI,0.25
67,16.75,topo,gyrase,0.25
67,16.75,RNAP,RNAP,1.0
68,17.0,topo,topoI,0.25
68,17.0,topo,gyrase,0.25
68,17.0,RNAP,RNAP,1.0
69,17.25,topo,topoI,0.25
69,17.25,topo,gyrase,0.25
69,17.25,RNAP,RNAP,1.0
70,17.5,topo,topoI,0.25
70,17.5,topo,gyrase,0.25
70,17.5,RNAP,RNAP,1.0
71,17.75,topo,topoI,0.25
71,17.75,topo,gyrase,0.25
71,17.75,RNAP,RNAP,1.0
72,18.0,topo,topoI,0.25
72,18.0,topo,gyrase,0.25
72,18.0,RNAP,RNAP,1.0
73,18.25,topo,topoI,0.25
73,18.25,topo,gyrase,0.25
73,18.25,RNAP,RNAP,1.0
74,18.5,topo,topoI,0.25
74,18.5,topo,gyrase,0.25
74,18.5,RNAP,RNAP,1.0
75,18.75,topo,topoI,0.25
75,18.75,topo,gyrase,0.25
75,18.75,RNAP,RNAP,1.0
76,19.0,topo,topoI,0.25
76,19.0,topo,gyrase,0.25
76,19.0,RNAP,RNAP,1.0
77,19.25,topo,topoI,0.25
77,19.25,topo,gyrase,0.25
77,19.25,RNAP,RNAP,1.0
78,19.5,topo,topoI,0.25
78,19.5,topo,gyrase,0.25
78,19.5,RNAP,RNAP,1.0
79,19.75,topo,topoI,0.25
79,19.75,topo,gyrase,0.25
79,19.75,RNAP,RNAP,1.0
80,20.0,topo,topoI,0.25
80,20.0,topo,gyrase,0.25
80,20.0,RNAP,RNAP,1.0
81,20.25,topo,topoI,0.25
81,20.25,topo,gyrase,0.25
81,20.25,RNAP,RNAP,1.0
82,20.5,topo,topoI,0.25
82,20.5,topo,gyrase,0.25
82,20.5,RNAP,RNAP,1.0
83,20.75,topo,topoI,0.25
83,20.75,topo,gyrase,0.25
83,20.75,RNAP,RNAP,1.0
84,21.0,topo,topoI,0.25
84,21.0,topo,gyrase,0.25
84,21.0,RNAP,RNAP,1.0
85,21.25,topo,topoI,0.25
85,21.25,topo,gyrase,0.25
85,21.25,RNAP,RNAP,1.0
86,21.5,topo,topoI,0.25
86,21.5,topo,gyrase,0.25
86,21.5,RNAP,RNAP,1.0
87,21.75,topo,topoI,0.25
87,21.75,topo,gyrase,0.25
87,21.75,RNAP,RNAP,1.0
88,22.0,topo,topoI,0.25
88,22.0,topo,gyrase,0.25
88,22.0,RNAP,RNAP,1.0
89,22.25,topo,topoI,0.25
89,22.25,topo,gyrase,0.25
89,22.25,RNAP,RNAP,1.0
90,22.5,topo,topoI,0.25
90,22.5,topo,gyrase,0.25
90,22.5,RNAP,RNAP,1.0
91,22.75,topo,topoI,0.25
91,22.75,topo,gyrase,0.25
91,22.75,RNAP,RNAP,1.0
92,23.0,topo,topoI,0.25
92,23.0,topo,gyrase,0.25
92,23.0,RNAP,RNAP,1.0
93,23.25,topo,topoI,0.25
93,23.25,topo,gyrase,0.25
93,23.25,RNAP,RNAP,1.0
94,23.5,topo,topoI,0.25
94,23.5,topo,gyrase,0.25
94,23.5,RNAP,RNAP,1.0
95,23.75,topo,topoI,0.25
95,23.75,topo,gyrase,0.25
95,23.75,RNAP,RNAP,1.0
96,24.0,topo,topoI,0.25
96,24.0,topo,gyrase,0.25
96,24.0,RNAP,RNAP,1.0
97,24.25,topo,topoI,0.25
97,24.25,topo,gyrase,0.25
97,24.25,RNAP,RNAP,1.0
98,24.5,topo,topoI,0.25
98,24.5,topo,gyrase,0.25
98,24.5,RNAP,RNAP,1.0
99,24.75,topo,topoI,0.25
99,24.75,topo,gyrase,0.25
99,24.75,RNAP,RNAP,1.0
100,25.0,topo,topoI,0.25
100,25.0,topo,gyrase,0.25
100,25.0,RNAP,RNAP,1.0
101,25.25,topo,topoI,0.25
101,25.25,topo,gyrase,0.25
101,25.25,RNAP,RNAP,1.0
102,25.5,topo,topoI,0.25
102,25.5,topo,gyrase,0.25
102,25.5,RNAP,RNAP,1.0
103,25.75,topo,topoI,0.25
103,25.75,topo,gyrase,0.25
103,25.75,RNAP,RNAP,1.0
104,26.0,topo,topoI,0.25
104,26.0,topo,gyrase,0.25
104,26.0,RNAP,RNAP,1.0
105,26.25,topo,topoI,0.25
105,26.25,topo,gyrase,0.25
105,26.25,RNAP,RNAP,1.0
106,26.5,topo,topoI,0.25
106,26.5,topo,gyrase,0.25
106,26.5,RNAP,RNAP,1.0
107,26.75,topo,topoI,0.25
107,26.75,topo,gyrase,0.25
107,26.75,RNAP,RNAP,1.0
108,27.0,topo,topoI,0.25
108,27.0,topo,gyrase,0.25
108,27.0,RNAP,RNAP,1.0
109,27.25,topo,topoI,0.25
109,27.25,topo,gyrase,0.25
109,27.25,RNAP,RNAP,1.0
110,27.5,topo,topoI,0.25
110,27.5,topo,gyrase,0.25
110,27.5,RNAP,RNAP,1.0
111,27.75,topo,topoI,0.25
111,27.75,topo,gyrase,0.25
111,27.75,RNAP,RNAP,1.0
112,28.0,topo,topoI,0.25
112,28.0,topo,gyrase,0.25
112,28.0,RNAP,RNAP,1.0
113,28.25,topo,topoI,0.25
113,28.25,topo,gyrase,0.25
113,28.25,RNAP,RNAP,1.0
114,28.5,topo,topoI,0.25
114,28.5,topo,gyrase,0.25
114,28.5,RNAP,RNAP,1.0
115,28.75,topo,topoI,0.25
115,28.75,topo,gyrase,0.25
115,28.75,RNAP,RNAP,1.0
116,29.0,topo,topoI,0.25
116,29.0,topo,gyrase,0.25
116,29.0,RNAP,RNAP,1.0
117,29.25,topo,topoI,0.25
117,29.25,topo,gyrase,0.25
117,29.25,RNAP,RNAP,1.0
118,29.5,topo,topoI,0.25
118,29.5,topo,gyrase,0.25
118,29.5,RNAP,RNAP,1.0
119,29.75,topo,topoI,0.25
119,29.75,topo,gyrase,0.25
119,29.75,RNAP,RNAP,1.0
120,30.0,topo,topoI,0.25
120,30.0,topo,gyrase,0.25
120,30.0,RNAP,RNAP,1.0
121,30.25,topo,topoI,0.25
121,30.25,topo,gyrase,0.25
121,30.25,RNAP,RNAP,1.0
122,30.5,topo,topoI,0.25
122,30.5,topo,gyrase,0.25
122,30.5,RNAP,RNAP,1.0
123,30.75,topo,topoI,0.25
123,30.75,topo,gyrase,0.25
123,30.75,RNAP,RNAP,1.0
124,31.0,topo,topoI,0.25
124,31.0,topo,gyrase,0.25
124,31.0,RNAP,RNAP,1.0
125,31.25,topo,topoI,0.25
125,31.25,topo,gyrase,0.25
125,31.25,RNAP,RNAP,1.0
126,31.5,topo,topoI,0.25
126,31.5,topo,gyrase,0.25
126,31.5,RNAP,RNAP,1.0
127,31.75,topo,topoI,0.25
127,31.75,topo,gyrase,0.25
127,31.75,RNAP,RNAP,1.0
128,32.0,topo,topoI,0.25
128,32.0,topo,gyrase,0.25
128,32.0,RNAP,RNAP,1.0
129,32.25,topo,topoI,0.25
129,32.25,topo,gyrase,0.25
129,32.25,RNAP,RNAP,1.0
130,32.5,topo,topoI,0.25
130,32.5,topo,gyrase,0.25
130,32.5,RNAP,RNAP,1.0
131,32.75,topo,topoI,0.25
131,32.75,topo,gyrase,0.25
131,32.75,RNAP,RNAP,1.0
132,33.0,topo,topoI,0.25
132,33.0,topo,gyrase,0.25
132,33.0,RNAP,RNAP,1.0
133,33.25,topo,topoI,0.25
133,33.25,topo,gyrase,0.25
133,33.25,RNAP,RNAP,1.0
134,33.5,topo,topoI,0.25
134,33.5,topo,gyrase,0.25
134,33.5,RNAP,RNAP,1.0
135,33.75,topo,topoI,0.25
135,33.75,topo,gyrase,0.25
135,33.75,RNAP,RNAP,1.0
136,34.0,topo,topoI,0.25
136,34.0,topo,gyrase,0.25
136,34.0,RNAP,RNAP,1.0
137,34.25,topo,topoI,0.25
137,34.25,topo,gyrase,0.25
137,34.25,RNAP,RNAP,1.0
138,34.5,topo,topoI,0.25
138,34.5,topo,gyrase,0.25
138,34.5,RNAP,RNAP,1.0
139,34.75,topo,topoI,0.25
139,34.75,topo,gyrase,0.25
139,34.75,RNAP,RNAP,1.0
140,35.0,topo,topoI,0.25
140,35.0,topo,gyrase,0.25
140,35.0,RNAP,RNAP,1.0
141,35.25,topo,topoI,0.25
141,35.25,topo,gyrase,0.25
141,35.25,RNAP,RNAP,1.0
142,35.5,topo,topoI,0.25
142,35.5,topo,gyrase,0.25
142,35.5,RNAP,RNAP,1.0
143,35.75,topo,topoI,0.25
143,35.75,topo,gyrase,0.25
143,35.75,RNAP,RNAP,1.0
144,36.0,topo,topoI,0.25
144,36.0,topo,gyrase,0.25
144,36.0,RNAP,RNAP,1.0
145,36.25,topo,topoI,0.25
145,36.25,topo,gyrase,0.25
145,36.25,RNAP,RNAP,1.0
146,36.5,topo,topoI,0.25
146,36.5,topo,gyrase,0.25
146,36.5,RNAP,RNAP,1.0
147,36.75,topo,topoI,0.25
147,36.75,topo,gyrase,0.25
147,36.75,RNAP,RNAP,1.0
148,37.0,topo,topoI,0.25
148,37.0,topo,gyrase,0.25
148,37.0,RNAP,RNAP,1.0
149,37.25,topo,topoI,0.25
149,37.25,topo,gyrase,0.25
149,37.25,RNAP,RNAP,1.0
150,37.5,topo,topoI,0.25
150,37.5,topo,gyrase,0.25
150,37.5,RNAP,RNAP,1.0
151,37.75,topo,topoI,0.25
151,37.75,topo,gyrase,0.25
151,37.75,RNAP,RNAP,1.0
152,38.0,topo,topoI,0.25
152,38.0,topo,gyrase,0.25
152,38.0,RNAP,RNAP,1.0
153,38.25,topo,topoI,0.25
153,38.25,topo,gyrase,0.25
153,38.25,RNAP,RNAP,1.0
154,38.5,topo,topoI,0.25
154,38.5,topo,gyrase,0.25
154,38.5,RNAP,RNAP,1.0
155,38.75,topo,topoI,0.25
155,38.75,topo,gyrase,0.25
155,38.75,RNAP,RNAP,1.0
156,39.0,topo,topoI,0.25
156,39.0,topo,gyrase,0.25
156,39.0,RNAP,RNAP,1.0
157,39.25,topo,topoI,0.25
157,39.25,topo,gyrase,0.25
157,39.25,RNAP,RNAP,1.0
158,39.5,topo,topoI,0.25
158,39.5,topo,gyrase,0.25
158,39.5,RNAP,RNAP,1.0
159,39.75,topo,topoI,0.25
159,39.75,topo,gyrase,0.25
159,39.75,RNAP,RNAP,1.0
160,40.0,topo,topoI,0.25
160,40.0,topo,gyrase,0.25
160,40.0,RNAP,RNAP,1.0
161,40.25,topo,topoI,0.25
161,40.25,topo,gyrase,0.25
161,40.25,RNAP,RNAP,1.0
162,40.5,topo,topoI,0.25
162,40.5,topo,gyrase,0.25
162,40.5,RNAP,RNAP,1.0
163,40.75,topo,topoI,0.25
163,40.75,topo,gyrase,0.25
163,40.75,RNAP,RNAP,1.0
164,41.0,topo,topoI,0.25
164,41.0,topo,gyrase,0.25
164,41.0,RNAP,RNAP,1.0
165,41.25,topo,topoI,0.25
165,41.25,topo,gyrase,0.25
165,41.25,RNAP,RNAP,1.0
166,41.5,topo,topoI,0.25
166,41.5,topo,gyrase,0.25
166,41.5,RNAP,RNAP,1.0
167,41.75,topo,topoI,0.25
167,41.75,topo,gyrase,0.25
167,41.75,RNAP,RNAP,1.0
168,42.0,topo,topoI,0.25
168,42.0,topo,gyrase,0.25
168,42.0,RNAP,RNAP,1.0
169,42.25,topo,topoI,0.25
169,42.25,topo,gyrase,0.25
169,42.25,RNAP,RNAP,1.0
170,42.5,topo,topoI,0.25
170,42.5,topo,gyrase,0.25
170,42.5,RNAP,RNAP,1.0
171,42.75,topo,topoI,0.25
171,42.75,topo,gyrase,0.25
171,42.75,RNAP,RNAP,1.0
172,43.0,topo,topoI,0.25
172,43.0,topo,gyrase,0.25
172,43.0,RNAP,RNAP,1.0
173,43.25,topo,topoI,0.25
173,43.25,topo,gyrase,0.25
173,43.25,RNAP,RNAP,1.0
174,43.5,topo,topoI,0.25
174,43.5,topo,gyrase,0.25
174,43.5,RNAP,RNAP,1.0
175,43.75,topo,topoI,0.25
175,43.75,topo,gyrase,0.25
175,43.75,RNAP,RNAP,1.0
176,44.0,topo,topoI,0.25
176,44.0,topo,gyrase,0.25
176,44.0,RNAP,RNAP,1.0
177,44.25,topo,topoI,0.25
177,44.25,topo,gyrase,0.25
177,44.25,RNAP,RNAP,1.0
178,44.5,topo,topoI,0.25
178,44.5,topo,gyrase,0.25
178,44.5,RNAP,RNAP,1.0
179,44.75,topo,topoI,0.25
179,44.75,topo,gyrase,0.25
179,44.75,RNAP,RNAP,1.0
180,45.0,topo,topoI,0.25
180,45.0,topo,gyrase,0.25
180,45.0,RNAP,RNAP,1.0
181,45.25,topo,topoI,0.25
181,45.25,topo,gyrase,0.25
181,45.25,RNAP,RNAP,1.0
182,45.5,topo,topoI,0.25
182,45.5,topo,gyrase,0.25
182,45.5,RNAP,RNAP,1.0
183,45.75,topo,topoI,0.25
183,45.75,topo,gyrase,0.25
183,45.75,RNAP,RNAP,1.0
184,46.0,topo,topoI,0.25
184,46.0,topo,gyrase,0.25
184,46.0,RNAP,RNAP,1.0
185,46.25,topo,topoI,0.25
185,46.25,topo,gyrase,0.25
185,46.25,RNAP,RNAP,1.0
186,46.5,topo,topoI,0.25
186,46.5,topo,gyrase,0.25
186,46.5,RNAP,RNAP,1.0
187,46.75,topo,topoI,0.25
187,46.75,topo,gyrase,0.25
187,46.75,RNAP,RNAP,1.0
188,47.0,topo,topoI,0.25
188,47.0,topo,gyrase,0.25
188,47.0,RNAP,RNAP,1.0
189,47.25,topo,topoI,0.25
189,47.25,topo,gyrase,0.25
189,47.25,RNAP,RNAP,1.0
190,47.5,topo,topoI,0.25
190,47.5,topo,gyrase,0.25
190,47.5,RNAP,RNAP,1.0
191,47.75,topo,topoI,0.25
191,47.75,topo,gyrase,0.25
191,47.75,RNAP,RNAP,1.0
192,48.0,topo,topoI,0.25
192,48.0,topo,gyrase,0.25
192,48.0,RNAP,RNAP,1.0
193,48.25,topo,topoI,0.25
193,48.25,topo,gyrase,0.25
193,48.25,RNAP,RNAP,1.0
194,48.5,topo,topoI,0.25
194,48.5,topo,gyrase,0.25
194,48.5,RNAP,RNAP,1.0
195,48.75,topo,topoI,0.25
195,48.75,topo,gyrase,0.25
195,48.75,RNAP,RNAP,1.0
196,49.0,topo,topoI,0.25
196,49.0,topo,gyrase,0.25
196,49.0,RNAP,RNAP,1.0
197,49.25,topo,topoI,0.25
197,49.25,topo,gyrase,0.25
197,49.25,RNAP,RNAP,1.0
198,49.5,topo,topoI,0.25
198,49.5,topo,gyrase,0.25
198,49.5,RNAP,RNAP,1.0
199,49.75,topo,topoI,0.25
199,49.75,topo,gyrase,0.25
199,49.75,RNAP,RNAP,1.0
200,50.0,topo,topoI,0.25
200,50.0,topo,gyrase,0.25
200,50.0,RNAP,RNAP,1.0
201,50.25,topo,topoI,0.25
201,50.25,topo,gyrase,0.25
201,50.25,RNAP,RNAP,1.0
202,50.5,topo,topoI,0.25
202,50.5,topo,gyrase,0.25
202,50.5,RNAP,RNAP,1.0
203,50.75,topo,topoI,0.25
203,50.75,topo,gyrase,0.25
203,50.75,RNAP,RNAP,1.0
204,51.0,topo,topoI,0.25
204,51.0,topo,gyrase,0.25
204,51.0,RNAP,RNAP,1.0
205,51.25,topo,topoI,0.25
205,51.25,topo,gyrase,0.25
205,51.25,RNAP,RNAP,1.0
206,51.5,topo,topoI,0.25
206,51.5,topo,gyrase,0.25
206,51.5,RNAP,RNAP,1.0
207,51.75,topo,topoI,0.25
207,51.75,topo,gyrase,0.25
207,51.75,RNAP,RNAP,1.0
208,52.0,topo,topoI,0.25
208,52.0,topo,gyrase,0.25
208,52.0,RNAP,RNAP,1.0
209,52.25,topo,topoI,0.25
209,52.25,topo,gyrase,0.25
209,52.25,RNAP,RNAP,1.0
210,52.5,topo,topoI,0.25
210,52.5,topo,gyrase,0.25
210,52.5,RNAP,RNAP,1.0
211,52.75,topo,topoI,0.25
211,52.75,topo,gyrase,0.25
211,52.75,RNAP,RNAP,1.0
212,53.0,topo,topoI,0.25
212,53.0,topo,gyrase,0.25
212,53.0,RNAP,RNAP,1.0
213,53.25,topo,topoI,0.25
213,53.25,topo,gyrase,0.25
213,53.25,RNAP,RNAP,1.0
214,53.5,topo,topoI,0.25
214,53.5,topo,gyrase,0.25
214,53.5,RNAP,RNAP,1.0
215,53.75,topo,topoI,0.25
215,53.75,topo,gyrase,0.25
215,53.75,RNAP,RNAP,1.0
216,54.0,topo,topoI,0.25
216,54.0,topo,gyrase,0.25
216,54.0,RNAP,RNAP,1.0
217,54.25,topo,topoI,0.25
217,54.25,topo,gyrase,0.25
217,54.25,RNAP,RNAP,1.0
218,54.5,topo,topoI,0.25
218,54.5,topo,gyrase,0.25
218,54.5,RNAP,RNAP,1.0
219,54.75,topo,topoI,0.25
219,54.75,topo,gyrase,0.25
219,54.75,RNAP,RNAP,1.0
220,55.0,topo,topoI,0.25
220,55.0,topo,gyrase,0.25
220,55.0,RNAP,RNAP,1.0
221,55.25,topo,topoI,0.25
221,55.25,topo,gyrase,0.25
221,55.25,RNAP,RNAP,1.0
222,55.5,topo,topoI,0.25
222,55.5,topo,gyrase,0.25
222,55.5,RNAP,RNAP,1.0
223,55.75,topo,topoI,0.25
223,55.75,topo,gyrase,0.25
223,55.75,RNAP,RNAP,1.0
224,56.0,topo,topoI,0.25
224,56.0,topo,gyrase,0.25
224,56.0,RNAP,RNAP,1.0
225,56.25,topo,topoI,0.25
225,56.25,topo,gyrase,0.25
225,56.25,RNAP,RNAP,1.0
226,56.5,topo,topoI,0.25
226,56.5,topo,gyrase,0.25
226,56.5,RNAP,RNAP,1.0
227,56.75,topo,topoI,0.25
227,56.75,topo,gyrase,0.25
227,56.75,RNAP,RNAP,1.0
228,57.0,topo,topoI,0.25
228,57.0,topo,gyrase,0.25
228,57.0,RNAP,RNAP,1.0
229,57.25,topo,topoI,0.25
229,57.25,topo,gyrase,0.25
229,57.25,RNAP,RNAP,1.0
230,57.5,topo,topoI,0.25
230,57.5,topo,gyrase,0.25
230,57.5,RNAP,RNAP,1.0
231,57.75,topo,topoI,0.25
231,57.75,topo,gyrase,0.25
231,57.75,RNAP,RNAP,1.0
232,58.0,topo,topoI,0.25
232,58.0,topo,gyrase,0.25
232,58.0,RNAP,RNAP,1.0
233,58.25,topo,topoI,0.25
233,58.25,topo,gyrase,0.25
233,58.25,RNAP,RNAP,1.0
234,58.5,topo,topoI,0.25
234,58.5,topo,gyrase,0.25
234,58.5,RNAP,RNAP,1.0
235,58.75,topo,topoI,0.25
235,58.75,topo,gyrase,0.25
235,58.75,RNAP,RNAP,1.0
236,59.0,topo,topoI,0.25
236,59.0,topo,gyrase,0.25
236,59.0,RNAP,RNAP,1.0
237,59.25,topo,topoI,0.25
237,59.25,topo,gyrase,0.25
237,59.25,RNAP,RNAP,1.0
238,59.5,topo,topoI,0.25
238,59.5,topo,gyrase,0.25
238,59.5,RNAP,RNAP,1.0
239,59.75,topo,topoI,0.25
239,59.75,topo,gyrase,0.25
239,59.75,RNAP,RNAP,1.0
240,60.0,topo,topoI,0.25
240,60.0,topo,gyrase,0.25
240,60.0,RNAP,RNAP,1.0
241,60.25,topo,topoI,0.25
241,60.25,topo,gyrase,0.25
241,60.25,RNAP,RNAP,1.0
242,60.5,topo,topoI,0.25
242,60.5,topo,gyrase,0.25
242,60.5,RNAP,RNAP,1.0
243,60.75,topo,topoI,0.25
243,60.75,topo,gyrase,0.25
243,60.75,RNAP,RNAP,1.0
244,61.0,topo,topoI,0.25
244,61.0,topo,gyrase,0.25
244,61.0,RNAP,RNAP,1.0
245,61.25,topo,topoI,0.25
245,61.25,topo,gyrase,0.25
245,61.25,RNAP,RNAP,1.0
246,61.5,topo,topoI,0.25
246,61.5,topo,gyrase,0.25
246,61.5,RNAP,RNAP,1.0
247,61.75,topo,topoI,0.25
247,61.75,topo,gyrase,0.25
247,61.75,RNAP,RNAP,1.0
248,62.0,topo,topoI,0.25
248,62.0,topo,gyrase,0.25
248,62.0,RNAP,RNAP,1.0
249,62.25,topo,topoI,0.25
249,62.25,topo,gyrase,0.25
249,62.25,RNAP,RNAP,1.0
250,62.5,topo,topoI,0.25
250,62.5,topo,gyrase,0.25
250,62.5,RNAP,RNAP,1.0
251,62.75,topo,topoI,0.25
251,62.75,topo,gyrase,0.25
251,62.75,RNAP,RNAP,1.0
252,63.0,topo,topoI,0.25
252,63.0,topo,gyrase,0.25
252,63.0,RNAP,RNAP,1.0
253,63.25,topo,topoI,0.25
253,63.25,topo,gyrase,0.25
253,63.25,RNAP,RNAP,1.0
254,63.5,topo,topoI,0.25
254,63.5,topo,gyrase,0.25
254,63.5,RNAP,RNAP,1.0
255,63.75,topo,topoI,0.25
255,63.75,topo,gyrase,0.25
255,63.75,RNAP,RNAP,1.0
256,64.0,topo,topoI,0.25
256,64.0,topo,gyrase,0.25
256,64.0,RNAP,RNAP,1.0
257,64.25,topo,topoI,0.25
257,64.25,topo,gyrase,0.25
257,64.25,RNAP,RNAP,1.0
258,64.5,topo,topoI,0.25
258,64.5,topo,gyrase,0.25
258,64.5,RNAP,RNAP,1.0
259,64.75,topo,topoI,0.25
259,64.75,topo,gyrase,0.25
259,64.75,RNAP,RNAP,1.0
260,65.0,topo,topoI,0.25
260,65.0,topo,gyrase,0.25
260,65.0,RNAP,RNAP,1.0
261,65.25,topo,topoI,0.25
261,65.25,topo,gyrase,0.25
261,65.25,RNAP,RNAP,1.0
262,65.5,topo,topoI,0.25
262,65.5,topo,gyrase,0.25
262,65.5,RNAP,RNAP,1.0
263,65.75,topo,topoI,0.25
263,65.75,topo,gyrase,0.25
263,65.75,RNAP,RNAP,1.0
264,66.0,topo,topoI,0.25
264,66.0,topo,gyrase,0.25
264,66.0,RNAP,RNAP,1.0
265,66.25,topo,topoI,0.25
265,66.25,topo,gyrase,0.25
265,66.25,RNAP,RNAP,1.0
266,66.5,topo,topoI,0.25
266,66.5,topo,gyrase,0.25
266,66.5,RNAP,RNAP,1.0
267,66.75,topo,topoI,0.25
267,66.75,topo,gyrase,0.25
267,66.75,RNAP,RNAP,1.0
268,67.0,topo,topoI,0.25
268,67.0,topo,gyrase,0.25
268,67.0,RNAP,RNAP,1.0
269,67.25,topo,topoI,0.25
269,67.25,topo,gyrase,0.25
269,67.25,RNAP,RNAP,1.0
270,67.5,topo,topoI,0.25
270,67.5,topo,gyrase,0.25
270,67.5,RNAP,RNAP,1.0
271,67.75,topo,topoI,0.25
271,67.75,topo,gyrase,0.25
271,67.75,RNAP,RNAP,1.0
272,68.0,topo,topoI,0.25
272,68.0,topo,gyrase,0.25
272,68.0,RNAP,RNAP,1.0
273,68.25,topo,topoI,0.25
273,68.25,topo,gyrase,0.25
273,68.25,RNAP,RNAP,1.0
274,68.5,topo,topoI,0.25
274,68.5,topo,gyrase,0.25
274,68.5,RNAP,RNAP,1.0
275,68.75,topo,topoI,0.25
275,68.75,topo,gyrase,0.25
275,68.75,RNAP,RNAP,1.0
276,69.0,topo,topoI,0.25
276,69.0,topo,gyrase,0.25
276,69.0,RNAP,RNAP,1.0
277,69.25,topo,topoI,0.25
277,69.25,topo,gyrase,0.25
277,69.25,RNAP,RNAP,1.0
278,69.5,topo,topoI,0.25
278,69.5,topo,gyrase,0.25
278,69.5,RNAP,RNAP,1.0
279,69.75,topo,topoI,0.25
279,69.75,topo,gyrase,0.25
279,69.75,RNAP,RNAP,1.0
280,70.0,topo,topoI,0.25
280,70.0,topo,gyrase,0.25
280,70.0,RNAP,RNAP,1.0
281,70.25,topo,topoI,0.25
281,70.25,topo,gyrase,0.25
281,70.25,RNAP,RNAP,1.0
282,70.5,topo,topoI,0.25
282,70.5,topo,gyrase,0.25
282,70.5,RNAP,RNAP,1.0
283,70.75,topo,topoI,0.25
283,70.75,topo,gyrase,0.25
283,70.75,RNAP,RNAP,1.0
284,71.0,topo,topoI,0.25
284,71.0,topo,gyrase,0.25
284,71.0,RNAP,RNAP,1.0
285,71.25,topo,topoI,0.25
285,71.25,topo,gyrase,0.25
285,71.25,RNAP,RNAP,1.0
286,71.5,topo,topoI,0.25
286,71.5,topo,gyrase,0.25
286,71.5,RNAP,RNAP,1.0
287,71.75,topo,topoI,0.25
287,71.75,topo,gyrase,0.25
287,71.75,RNAP,RNAP,1.0
288,72.0,topo,topoI,0.25
288,72.0,topo,gyrase,0.25
288,72.0,RNAP,RNAP,1.0
289,72.25,topo,topoI,0.25
289,72.25,topo,gyrase,0.25
289,72.25,RNAP,RNAP,1.0
290,72.5,topo,topoI,0.25
290,72.5,topo,gyrase,0.25
290,72.5,RNAP,RNAP,1.0
291,72.75,topo,topoI,0.25
291,72.75,topo,gyrase,0.25
291,72.75,RNAP,RNAP,1.0
292,73.0,topo,topoI,0.25
292,73.0,topo,gyrase,0.25
292,73.0,RNAP,RNAP,1.0
293,73.25,topo,topoI,0.25
293,73.25,topo,gyrase,0.25
293,73.25,RNAP,RNAP,1.0
294,73.5,topo,topoI,0.25
294,73.5,topo,gyrase,0.25
294,73.5,RNAP,RNAP,1.0
295,73.75,topo,topoI,0.25
295,73.75,topo,gyrase,0.25
295,73.75,RNAP,RNAP,1.0
296,74.0,topo,topoI,0.25
296,74.0,topo,gyrase,0.25
296,74.0,RNAP,RNAP,1.0
297,74.25,topo,topoI,0.25
297,74.25,topo,gyrase,0.25
297,74.25,RNAP,RNAP,1.0
298,74.5,topo,topoI,0.25
298,74.5,topo,gyrase,0.25
298,74.5,RNAP,RNAP,1.0
299,74.75,topo,topoI,0.25
299,74.75,topo,gyrase,0.25
299,74.75,RNAP,RNAP,1.0
300,75.0,topo,topoI,0.25
300,75.0,topo,gyrase,0.25
300,75.0,RNAP,RNAP,1.0
301,75.25,topo,topoI,0.25
301,75.25,topo,gyrase,0.25
301,75.25,RNAP,RNAP,1.0
302,75.5,topo,topoI,0.25
302,75.5,topo,gyrase,0.25
302,75.5,RNAP,RNAP,1.0
303,75.75,topo,topoI,0.25
303,75.75,topo,gyrase,0.25
303,75.75,RNAP,RNAP,1.0
304,76.0,topo,topoI,0.25
304,76.0,topo,gyrase,0.25
304,76.0,RNAP,RNAP,1.0
305,76.25,topo,topoI,0.25
305,76.25,topo,gyrase,0.25
305,76.25,RNAP,RNAP,1.0
306,76.5,topo,topoI,0.25
306,76.5,topo,gyrase,0.25
306,76.5,RNAP,RNAP,1.0
307,76.75,topo,topoI,0.25
307,76.75,topo,gyrase,0.25
307,76.75,RNAP,RNAP,1.0
308,77.0,topo,topoI,0.25
308,77.0,topo,gyrase,0.25
308,77.0,RNAP,RNAP,1.0
309,77.25,topo,topoI,0.25
309,77.25,topo,gyrase,0.25
309,77.25,RNAP,RNAP,1.0
310,77.5,topo,topoI,0.25
310,77.5,topo,gyrase,0.25
310,77.5,RNAP,RNAP,1.0
311,77.75,topo,topoI,0.25
311,77.75,topo,gyrase,0.25
311,77.75,RNAP,RNAP,1.0
312,78.0,topo,topoI,0.25
312,78.0,topo,gyrase,0.25
312,78.0,RNAP,RNAP,1.0
313,78.25,topo,topoI,0.25
313,78.25,topo,gyrase,0.25
313,78.25,RNAP,RNAP,1.0
314,78.5,topo,topoI,0.25
314,78.5,topo,gyrase,0.25
314,78.5,RNAP,RNAP,1.0
315,78.75,topo,topoI,0.25
315,78.75,topo,gyrase,0.25
315,78.75,RNAP,RNAP,1.0
316,79.0,topo,topoI,0.25
316,79.0,topo,gyrase,0.25
316,79.0,RNAP,RNAP,1.0
317,79.25,topo,topoI,0.25
317,79.25,topo,gyrase,0.25
317,79.25,RNAP,RNAP,1.0
318,79.5,topo,topoI,0.25
318,79.5,topo,gyrase,0.25
318,79.5,RNAP,RNAP,1.0
319,79.75,topo,topoI,0.25
319,79.75,topo,gyrase,0.25
319,79.75,RNAP,RNAP,1.0
320,80.0,topo,topoI,0.25
320,80.0,topo,gyrase,0.25
320,80.0,RNAP,RNAP,1.0
321,80.25,topo,topoI,0.25
321,80.25,topo,gyrase,0.25
321,80.25,RNAP,RNAP,1.0
322,80.5,topo,topoI,0.25
322,80.5,topo,gyrase,0.25
322,80.5,RNAP,RNAP,1.0
323,80.75,topo,topoI,0.25
323,80.75,topo,gyrase,0.25
323,80.75,RNAP,RNAP,1.0
324,81.0,topo,topoI,0.25
324,81.0,topo,gyrase,0.25
324,81.0,RNAP,RNAP,1.0
325,81.25,topo,topoI,0.25
325,81.25,topo,gyrase,0.25
325,81.25,RNAP,RNAP,1.0
326,81.5,topo,topoI,0.25
326,81.5,topo,gyrase,0.25
326,81.5,RNAP,RNAP,1.0
327,81.75,topo,topoI,0.25
327,81.75,topo,gyrase,0.25
327,81.75,RNAP,RNAP,1.0
327,81.75,mRNA,tetA,1.0
328,82.0,topo,topoI,0.25
328,82.0,topo,gyrase,0.25
328,82.0,RNAP,RNAP,1.0
328,82.0,mRNA,tetA,1.0
329,82.25,topo,topoI,0.25
329,82.25,topo,gyrase,0.25
329,82.25,RNAP,RNAP,1.0
329,82.25,mRNA,tetA,1.0
330,82.5,topo,topoI,0.25
330,82.5,topo,gyrase,0.25
330,82.5,RNAP,RNAP,1.0
330,82.5,mRNA,tetA,1.0
331,82.75,topo,topoI,0.25
331,82.75,topo,gyrase,0.25
331,82.75,RNAP,RNAP,1.0
331,82.75,mRNA,tetA,1.0
332,83.0,topo,topoI,0.25
332,83.0,topo,gyrase,0.25
332,83.0,RNAP,RNAP,1.0
332,83.0,mRNA,tetA,1.0
333,83.25,topo,topoI,0.25
333,83.25,topo,gyrase,0.25
333,83.25,RNAP,RNAP,1.0
333,83.25,mRNA,tetA,1.0
334,83.5,topo,topoI,0.25
334,83.5,topo,gyrase,0.25
334,83.5,RNAP,RNAP,1.0
334,83.5,mRNA,tetA,1.0
335,83.75,topo,topoI,0.25
335,83.75,topo,gyrase,0.25
335,83.75,RNAP,RNAP,1.0
335,83.75,mRNA,tetA,1.0
336,84.0,topo,topoI,0.25
336,84.0,topo,gyrase,0.25
336,84.0,RNAP,RNAP,1.0
336,84.0,mRNA,tetA,1.0
337,84.25,topo,topoI,0.25
337,84.25,topo,gyrase,0.25
337,84.25,RNAP,RNAP,1.0
337,84.25,mRNA,tetA,1.0
338,84.5,topo,topoI,0.25
338,84.5,topo,gyrase,0.25
338,84.5,RNAP,RNAP,1.0
338,84.5,mRNA,tetA,1.0
339,84.75,topo,topoI,0.25
339,84.75,topo,gyrase,0.25
339,84.75,RNAP,RNAP,1.0
339,84.75,mRNA,tetA,1.0
340,85.0,topo,topoI,0.25
340,85.0,topo,gyrase,0.25
340,85.0,RNAP,RNAP,1.0
340,85.0,mRNA,tetA,1.0
341,85.25,topo,topoI,0.25
341,85.25,topo,gyrase,0.25
341,85.25,RNAP,RNAP,1.0
341,85.25,mRNA,tetA,1.0
342,85.5,topo,topoI,0.25
342,85.5,topo,gyrase,0.25
342,85.5,RNAP,RNAP,1.0
342,85.5,mRNA,tetA,1.0
343,85.75,topo,topoI,0.25
343,85.75,topo,gyrase,0.25
343,85.75,RNAP,RNAP,1.0
343,85.75,mRNA,tetA,1.0
344,86.0,topo,topoI,0.25
344,86.0,topo,gyrase,0.25
344,86.0,RNAP,RNAP,1.0
344,86.0,mRNA,tetA,1.0
345,86.25,topo,topoI,0.25
345,86.25,topo,gyrase,0.25
345,86.25,RNAP,RNAP,1.0
345,86.25,mRNA,tetA,1.0
346,86.5,topo,topoI,0.25
346,86.5,topo,gyrase,0.25
346,86.5,RNAP,RNAP,1.0
346,86.5,mRNA,tetA,1.0
347,86.75,topo,topoI,0.25
347,86.75,topo,gyrase,0.25
347,86.75,RNAP,RNAP,1.0
347,86.75,mRNA,tetA,1.0
348,87.0,topo,topoI,0.25
348,87.0,topo,gyrase,0.25
348,87.0,RNAP,RNAP,1.0
348,87.0,mRNA,tetA,1.0
349,87.25,topo,topoI,0.25
349,87.25,topo,gyrase,0.25
349,87.25,RNAP,RNAP,1.0
349,87.25,mRNA,tetA,1.0
350,87.5,topo,topoI,0.25
350,87.5,topo,gyrase,0.25
350,87.5,RNAP,RNAP,1.0
350,87.5,mRNA,tetA,1.0
351,87.75,topo,topoI,0.25
351,87.75,topo,gyrase,0.25
351,87.75,RNAP,RNAP,1.0
351,87.75,mRNA,tetA,1.0
352,88.0,topo,topoI,0.25
352,88.0,topo,gyrase,0.25
352,88.0,RNAP,RNAP,1.0
352,88.0,mRNA,tetA,1.0
353,88.25,topo,topoI,0.25
353,88.25,topo,gyrase,0.25
353,88.25,RNAP,RNAP,1.0
353,88.25,mRNA,tetA,1.0
354,88.5,topo,topoI,0.25
354,88.5,topo,gyrase,0.25
354,88.5,RNAP,RNAP,1.0
354,88.5,mRNA,tetA,1.0
355,88.75,topo,topoI,0.25
355,88.75,topo,gyrase,0.25
355,88.75,RNAP,RNAP,1.0
355,88.75,mRNA,tetA,1.0
356,89.0,topo,topoI,0.25
356,89.0,topo,gyrase,0.25
356,89.0,RNAP,RNAP,1.0
356,89.0,mRNA,tetA,1.0
357,89.25,topo,topoI,0.25
357,89.25,topo,gyrase,0.25
357,89.25,RNAP,RNAP,1.0
357,89.25,mRNA,tetA,1.0
358,89.5,topo,topoI,0.25
358,89.5,topo,gyrase,0.25
358,89.5,RNAP,RNAP,1.0
358,89.5,mRNA,tetA,1.0
359,89.75,topo,topoI,0.25
359,89.75,topo,gyrase,0.25
359,89.75,RNAP,RNAP,1.0
359,89.75,mRNA,tetA,1.0
360,90.0,topo,topoI,0.25
360,90.0,topo,gyrase,0.25
360,90.0,RNAP,RNAP,1.0
360,90.0,mRNA,tetA,1.0
361,90.25,topo,topoI,0.25
361,90.25,topo,gyrase,0.25
361,90.25,RNAP,RNAP,1.0
361,90.25,mRNA,tetA,1.0
362,90.5,topo,topoI,0.25
362,90.5,topo,gyrase,0.25
362,90.5,RNAP,RNAP,1.0
362,90.5,mRNA,tetA,1.0
363,90.75,topo,topoI,0.25
363,90.75,topo,gyrase,0.25
363,90.75,RNAP,RNAP,1.0
363,90.75,mRNA,tetA,1.0
364,91.0,topo,topoI,0.25
364,91.0,topo,gyrase,0.25
364,91.0,RNAP,RNAP,1.0
364,91.0,mRNA,tetA,1.0
365,91.25,topo,topoI,0.25
365,91.25,topo,gyrase,0.25
365,91.25,RNAP,RNAP,1.0
365,91.25,mRNA,tetA,1.0
366,91.5,topo,topoI,0.25
366,91.5,topo,gyrase,0.25
366,91.5,RNAP,RNAP,1.0
366,91.5,mRNA,tetA,1.0
367,91.75,topo,topoI,0.25
367,91.75,topo,gyrase,0.25
367,91.75,RNAP,RNAP,1.0
367,91.75,mRNA,tetA,1.0
368,92.0,topo,topoI,0.25
368,92.0,topo,gyrase,0.25
368,92.0,RNAP,RNAP,1.0
368,92.0,mRNA,tetA,1.0
369,92.25,topo,topoI,0.25
369,92.25,topo,gyrase,0.25
369,92.25,RNAP,RNAP,1.0
369,92.25,mRNA,tetA,1.0
370,92.5,topo,topoI,0.25
370,92.5,topo,gyrase,0.25
370,92.5,RNAP,RNAP,1.0
370,92.5,mRNA,tetA,1.0
371,92.75,topo,topoI,0.25
371,92.75,topo,gyrase,0.25
371,92.75,RNAP,RNAP,1.0
371,92.75,mRNA,tetA,1.0
372,93.0,topo,topoI,0.25
372,93.0,topo,gyrase,0.25
372,93.0,RNAP,RNAP,1.0
372,93.0,mRNA,tetA,1.0
373,93.25,topo,topoI,0.25
373,93.25,topo,gyrase,0.25
373,93.25,RNAP,RNAP,1.0
373,93.25,mRNA,tetA,1.0
374,93.5,topo,topoI,0.25
374,93.5,topo,gyrase,0.25
374,93.5,RNAP,RNAP,1.0
374,93.5,mRNA,tetA,1.0
375,93.75,topo,topoI,0.25
375,93.75,topo,gyrase,0.25
375,93.75,RNAP,RNAP,1.0
375,93.75,mRNA,tetA,1.0
376,94.0,topo,topoI,0.25
376,94.0,topo,gyrase,0.25
376,94.0,RNAP,RNAP,1.0
376,94.0,mRNA,tetA,1.0
377,94.25,topo,topoI,0.25
377,94.25,topo,gyrase,0.25
377,94.25,RNAP,RNAP,1.0
377,94.25,mRNA,tetA,1.0
378,94.5,topo,topoI,0.25
378,94.5,topo,gyrase,0.25
378,94.5,RNAP,RNAP,1.0
378,94.5,mRNA,tetA,1.0
379,94.75,topo,topoI,0.25
379,94.75,topo,gyrase,0.25
379,94.75,RNAP,RNAP,1.0
379,94.75,mRNA,tetA,1.0
380,95.0,topo,topoI,0.25
380,95.0,topo,gyrase,0.25
380,95.0,RNAP,RNAP,1.0
380,95.0,mRNA,tetA,1.0
381,95.25,topo,topoI,0.25
381,95.25,topo,gyrase,0.25
381,95.25,RNAP,RNAP,1.0
381,95.25,mRNA,tetA,1.0
382,95.5,topo,topoI,0.25
382,95.5,topo,gyrase,0.25
382,95.5,RNAP,RNAP,1.0
382,95.5,mRNA,tetA,1.0
383,95.75,topo,topoI,0.25
383,95.75,topo,gyrase,0.25
383,95.75,RNAP,RNAP,1.0
383,95.75,mRNA,tetA,1.0
384,96.0,topo,topoI,0.25
384,96.0,topo,gyrase,0.25
384,96.0,RNAP,RNAP,1.0
384,96.0,mRNA,tetA,1.0
385,96.25,topo,topoI,0.25
385,96.25,topo,gyrase,0.25
385,96.25,RNAP,RNAP,1.0
385,96.25,mRNA,tetA,1.0
386,96.5,topo,topoI,0.25
386,96.5,topo,gyrase,0.25
386,96.5,RNAP,RNAP,1.0
386,96.5,mRNA,tetA,1.0
387,96.75,topo,topoI,0.25
387,96.75,topo,gyrase,0.25
387,96.75,RNAP,RNAP,1.0
387,96.75,mRNA,tetA,1.0
388,97.0,topo,topoI,0.25
388,97.0,topo,gyrase,0.25
388,97.0,RNAP,RNAP,1.0
388,97.0,mRNA,tetA,1.0
389,97.25,topo,topoI,0.25
389,97.25,topo,gyrase,0.25
389,97.25,RNAP,RNAP,1.0
389,97.25,mRNA,tetA,1.0
390,97.5,topo,topoI,0.25
390,97.5,topo,gyrase,0.25
390,97.5,RNAP,RNAP,1.0
390,97.5,mRNA,tetA,1.0
391,97.75,topo,topoI,0.25
391,97.75,topo,gyrase,0.25
391,97.75,RNAP,RNAP,1.0
391,97.75,mRNA,tetA,1.0
392,98.0,topo,topoI,0.25
392,98.0,topo,gyrase,0.25
392,98.0,RNAP,RNAP,1.0
392,98.0,mRNA,tetA,1.0
393,98.25,topo,topoI,0.25
393,98.25,topo,gyrase,0.25
393,98.25,RNAP,RNAP,1.0
393,98.25,mRNA,tetA,1.0
394,98.5,topo,topoI,0.25
394,98.5,topo,gyrase,0.25
394,98.5,RNAP,RNAP,1.0
394,98.5,mRNA,tetA,1.0
395,98.75,topo,topoI,0.25
395,98.75,topo,gyrase,0.25
395,98.75,RNAP,RNAP,1.0
395,98.75,mRNA,tetA,1.0
396,99.0,topo,topoI,0.25
396,99.0,topo,gyrase,0.25
396,99.0,RNAP,RNAP,1.0
396,99.0,mRNA,tetA,1.0
397,99.25,topo,topoI,0.25
397,99.25,topo,gyrase,0.25
397,99.25,RNAP,RNAP,1.0
397,99.25,mRNA,tetA,1.0
398,99.5,topo,topoI,0.25
398,99.5,topo,gyrase,0.25
398,99.5,RNAP,RNAP,1.0
398,99.5,mRNA,tetA,1.0
399,99.75,topo,topoI,0.25
399,99.75,topo,gyrase,0.25
399,99.75,RNAP,RNAP,1.0
399,99.75,mRNA,tetA,1.0
400,100.0,topo,topoI,0.25
400,100.0,topo,gyrase,0.25
400,100.0,RNAP,RNAP,1.0
400,100.0,mRNA,tetA,1.0
401,100.25,topo,topoI,0.25
401,100.25,topo,gyrase,0.25
401,100.25,RNAP,RNAP,1.0
401,100.25,mRNA,tetA,1.0
402,100.5,topo,topoI,0.25
402,100.5,topo,gyrase,0.25
402,100.5,RNAP,RNAP,1.0
402,100.5,mRNA,tetA,1.0
403,100.75,topo,topoI,0.25
403,100.75,topo,gyrase,0.25
403,100.75,RNAP,RNAP,1.0
403,100.75,mRNA,tetA,1.0
404,101.0,topo,topoI,0.25
404,101.0,topo,gyrase,0.25
404,101.0,RNAP,RNAP,1.0
404,101.0,mRNA,tetA,1.0
405,101.25,topo,topoI,0.25
405,101.25,topo,gyrase,0.25
405,101.25,RNAP,RNAP,1.0
405,101.25,mRNA,tetA,1.0
406,101.5,topo,topoI,0.25
406,101.5,topo,gyrase,0.25
406,101.5,RNAP,RNAP,1.0
406,101.5,mRNA,tetA,1.0
407,101.75,topo,topoI,0.25
407,101.75,topo,gyrase,0.25
407,101.75,RNAP,RNAP,1.0
407,101.75,mRNA,tetA,1.0
408,102.0,topo,topoI,0.25
408,102.0,topo,gyrase,0.25
408,102.0,RNAP,RNAP,1.0
408,102.0,mRNA,tetA,1.0
409,102.25,topo,topoI,0.25
409,102.25,topo,gyrase,0.25
409,102.25,RNAP,RNAP,1.0
409,102.25,mRNA,tetA,1.0
410,102.5,topo,topoI,0.25
410,102.5,topo,gyrase,0.25
410,102.5,RNAP,RNAP,1.0
410,102.5,mRNA,tetA,1.0
411,102.75,topo,topoI,0.25
411,102.75,topo,gyrase,0.25
411,102.75,RNAP,RNAP,1.0
411,102.75,mRNA,tetA,1.0
412,103.0,topo,topoI,0.25
412,103.0,topo,gyrase,0.25
412,103.0,RNAP,RNAP,1.0
412,103.0,mRNA,tetA,1.0
413,103.25,topo,topoI,0.25
413,103.25,topo,gyrase,0.25
413,103.25,RNAP,RNAP,1.0
413,103.25,mRNA,tetA,1.0
414,103.5,topo,topoI,0.25
414,103.5,topo,gyrase,0.25
414,103.5,RNAP,RNAP,1.0
414,103.5,mRNA,tetA,1.0
415,103.75,topo,topoI,0.25
415,103.75,topo,gyrase,0.25
415,103.75,RNAP,RNAP,1.0
415,103.75,mRNA,tetA,1.0
416,104.0,topo,topoI,0.25
416,104.0,topo,gyrase,0.25
416,104.0,RNAP,RNAP,1.0
416,104.0,mRNA,tetA,1.0
417,104.25,topo,topoI,0.25
417,104.25,topo,gyrase,0.25
417,104.25,RNAP,RNAP,1.0
417,104.25,mRNA,tetA,2.0
418,104.5,topo,topoI,0.25
418,104.5,topo,gyrase,0.25
418,104.5,RNAP,RNAP,1.0
418,104.5,mRNA,tetA,2.0
419,104.75,topo,topoI,0.25
419,104.75,topo,gyrase,0.25
419,104.75,RNAP,RNAP,1.0
419,104.75,mRNA,tetA,2.0
420,105.0,topo,topoI,0.25
420,105.0,topo,gyrase,0.25
420,105.0,RNAP,RNAP,1.0
420,105.0,mRNA,tetA,2.0
421,105.25,topo,topoI,0.25
421,105.25,topo,gyrase,0.25
421,105.25,RNAP,RNAP,1.0
421,105.25,mRNA,tetA,2.0
422,105.5,topo,topoI,0.25
422,105.5,topo,gyrase,0.25
422,105.5,RNAP,RNAP,1.0
422,105.5,mRNA,tetA,2.0
423,105.75,topo,topoI,0.25
423,105.75,topo,gyrase,0.25
423,105.75,RNAP,RNAP,1.0
423,105.75,mRNA,tetA,2.0
424,106.0,topo,topoI,0.25
424,106.0,topo,gyrase,0.25
424,106.0,RNAP,RNAP,1.0
424,106.0,mRNA,tetA,2.0
425,106.25,topo,topoI,0.25
425,106.25,topo,gyrase,0.25
425,106.25,RNAP,RNAP,1.0
425,106.25,mRNA,tetA,2.0
426,106.5,topo,topoI,0.25
426,106.5,topo,gyrase,0.25
426,106.5,RNAP,RNAP,1.0
426,106.5,mRNA,tetA,2.0
427,106.75,topo,topoI,0.25
427,106.75,topo,gyrase,0.25
427,106.75,RNAP,RNAP,1.0
427,106.75,mRNA,tetA,2.0
428,107.0,topo,topoI,0.25
428,107.0,topo,gyrase,0.25
428,107.0,RNAP,RNAP,1.0
428,107.0,mRNA,tetA,2.0
429,107.25,topo,topoI,0.25
429,107.25,topo,gyrase,0.25
429,107.25,RNAP,RNAP,1.0
429,107.25,mRNA,tetA,2.0
430,107.5,topo,topoI,0.25
430,107.5,topo,gyrase,0.25
430,107.5,RNAP,RNAP,1.0
430,107.5,mRNA,tetA,2.0
431,107.75,topo,topoI,0.25
431,107.75,topo,gyrase,0.25
431,107.75,RNAP,RNAP,1.0
431,107.75,mRNA,tetA,2.0
432,108.0,topo,topoI,0.25
432,108.0,topo,gyrase,0.25
432,108.0,RNAP,RNAP,1.0
432,108.0,mRNA,tetA,2.0
433,108.25,topo,topoI,0.25
433,108.25,topo,gyrase,0.25
433,108.25,RNAP,RNAP,1.0
433,108.25,mRNA,tetA,2.0
434,108.5,topo,topoI,0.25
434,108.5,topo,gyrase,0.25
434,108.5,RNAP,RNAP,1.0
434,108.5,mRNA,tetA,2.0
435,108.75,topo,topoI,0.25
435,108.75,topo,gyrase,0.25
435,108.75,RNAP,RNAP,1.0
435,108.75,mRNA,tetA,2.0
436,109.0,topo,topoI,0.25
436,109.0,topo,gyrase,0.25
436,109.0,RNAP,RNAP,1.0
436,109.0,mRNA,tetA,2.0
437,109.25,topo,topoI,0.25
437,109.25,topo,gyrase,0.25
437,109.25,RNAP,RNAP,1.0
437,109.25,mRNA,tetA,2.0
438,109.5,topo,topoI,0.25
438,109.5,topo,gyrase,0.25
438,109.5,RNAP,RNAP,1.0
438,109.5,mRNA,tetA,2.0
439,109.75,topo,topoI,0.25
439,109.75,topo,gyrase,0.25
439,109.75,RNAP,RNAP,1.0
439,109.75,mRNA,tetA,2.0
440,110.0,topo,topoI,0.25
440,110.0,topo,gyrase,0.25
440,110.0,RNAP,RNAP,1.0
440,110.0,mRNA,tetA,2.0
441,110.25,topo,topoI,0.25
441,110.25,topo,gyrase,0.25
441,110.25,RNAP,RNAP,1.0
441,110.25,mRNA,tetA,2.0
442,110.5,topo,topoI,0.25
442,110.5,topo,gyrase,0.25
442,110.5,RNAP,RNAP,1.0
442,110.5,mRNA,tetA,2.0
443,110.75,topo,topoI,0.25
443,110.75,topo,gyrase,0.25
443,110.75,RNAP,RNAP,1.0
443,110.75,mRNA,tetA,2.0
444,111.0,topo,topoI,0.25
444,111.0,topo,gyrase,0.25
444,111.0,RNAP,RNAP,1.0
444,111.0,mRNA,tetA,2.0
445,111.25,topo,topoI,0.25
445,111.25,topo,gyrase,0.25
445,111.25,RNAP,RNAP,1.0
445,111.25,mRNA,tetA,2.0
446,111.5,topo,topoI,0.25
446,111.5,topo,gyrase,0.25
446,111.5,RNAP,RNAP,1.0
446,111.5,mRNA,tetA,2.0
447,111.75,topo,topoI,0.25
447,111.75,topo,gyrase,0.25
447,111.75,RNAP,RNAP,1.0
447,111.75,mRNA,tetA,2.0
448,112.0,topo,topoI,0.25
448,112.0,topo,gyrase,0.25
448,112.0,RNAP,RNAP,1.0
448,112.0,mRNA,tetA,2.0
449,112.25,topo,topoI,0.25
449,112.25,topo,gyrase,0.25
449,112.25,RNAP,RNAP,1.0
449,112.25,mRNA,tetA,2.0
450,112.5,topo,topoI,0.25
450,112.5,topo,gyrase,0.25
450,112.5,RNAP,RNAP,1.0
450,112.5,mRNA,tetA,2.0
451,112.75,topo,topoI,0.25
451,112.75,topo,gyrase,0.25
451,112.75,RNAP,RNAP,1.0
451,112.75,mRNA,tetA,2.0
452,113.0,topo,topoI,0.25
452,113.0,topo,gyrase,0.25
452,113.0,RNAP,RNAP,1.0
452,113.0,mRNA,tetA,2.0
453,113.25,topo,topoI,0.25
453,113.25,topo,gyrase,0.25
453,113.25,RNAP,RNAP,1.0
453,113.25,mRNA,tetA,2.0
454,113.5,topo,topoI,0.25
454,113.5,topo,gyrase,0.25
454,113.5,RNAP,RNAP,1.0
454,113.5,mRNA,tetA,2.0
455,113.75,topo,topoI,0.25
455,113.75,topo,gyrase,0.25
455,113.75,RNAP,RNAP,1.0
455,113.75,mRNA,tetA,2.0
456,114.0,topo,topoI,0.25
456,114.0,topo,gyrase,0.25
456,114.0,RNAP,RNAP,1.0
456,114.0,mRNA,tetA,2.0
457,114.25,topo,topoI,0.25
457,114.25,topo,gyrase,0.25
457,114.25,RNAP,RNAP,1.0
457,114.25,mRNA,tetA,2.0
458,114.5,topo,topoI,0.25
458,114.5,topo,gyrase,0.25
458,114.5,RNAP,RNAP,1.0
458,114.5,mRNA,tetA,2.0
459,114.75,topo,topoI,0.25
459,114.75,topo,gyrase,0.25
459,114.75,RNAP,RNAP,1.0
459,114.75,mRNA,tetA,2.0
460,115.0,topo,topoI,0.25
460,115.0,topo,gyrase,0.25
460,115.0,RNAP,RNAP,1.0
460,115.0,mRNA,tetA,2.0
461,115.25,topo,topoI,0.25
461,115.25,topo,gyrase,0.25
461,115.25,RNAP,RNAP,1.0
461,115.25,mRNA,tetA,2.0
462,115.5,topo,topoI,0.25
462,115.5,topo,gyrase,0.25
462,115.5,RNAP,RNAP,1.0
462,115.5,mRNA,tetA,2.0
463,115.75,topo,topoI,0.25
463,115.75,topo,gyrase,0.25
463,115.75,RNAP,RNAP,1.0
463,115.75,mRNA,tetA,2.0
464,116.0,topo,topoI,0.25
464,116.0,topo,gyrase,0.25
464,116.0,RNAP,RNAP,1.0
464,116.0,mRNA,tetA,2.0
465,116.25,topo,topoI,0.25
465,116.25,topo,gyrase,0.25
465,116.25,RNAP,RNAP,1.0
465,116.25,mRNA,tetA,2.0
466,116.5,topo,topoI,0.25
466,116.5,topo,gyrase,0.25
466,116.5,RNAP,RNAP,1.0
466,116.5,mRNA,tetA,2.0
467,116.75,topo,topoI,0.25
467,116.75,topo,gyrase,0.25
467,116.75,RNAP,RNAP,1.0
467,116.75,mRNA,tetA,2.0
468,117.0,topo,topoI,0.25
468,117.0,topo,gyrase,0.25
468,117.0,RNAP,RNAP,1.0
468,117.0,mRNA,tetA,2.0
469,117.25,topo,topoI,0.25
469,117.25,topo,gyrase,0.25
469,117.25,RNAP,RNAP,1.0
469,117.25,mRNA,tetA,2.0
470,117.5,topo,topoI,0.25
470,117.5,topo,gyrase,0.25
470,117.5,RNAP,RNAP,1.0
470,117.5,mRNA,tetA,2.0
471,117.75,topo,topoI,0.25
471,117.75,topo,gyrase,0.25
471,117.75,RNAP,RNAP,1.0
471,117.75,mRNA,tetA,2.0
472,118.0,topo,topoI,0.25
472,118.0,topo,gyrase,0.25
472,118.0,RNAP,RNAP,1.0
472,118.0,mRNA,tetA,2.0
473,118.25,topo,topoI,0.25
473,118.25,topo,gyrase,0.25
473,118.25,RNAP,RNAP,1.0
473,118.25,mRNA,tetA,2.0
474,118.5,topo,topoI,0.25
474,118.5,topo,gyrase,0.25
474,118.5,RNAP,RNAP,1.0
474,118.5,mRNA,tetA,2.0
475,118.75,topo,topoI,0.25
475,118.75,topo,gyrase,0.25
475,118.75,RNAP,RNAP,1.0
475,118.75,mRNA,tetA,2.0
476,119.0,topo,topoI,0.25
476,119.0,topo,gyrase,0.25
476,119.0,RNAP,RNAP,1.0
476,119.0,mRNA,tetA,2.0
477,119.25,topo,topoI,0.25
477,119.25,topo,gyrase,0.25
477,119.25,RNAP,RNAP,1.0
477,119.25,mRNA,tetA,2.0
478,119.5,topo,topoI,0.25
478,119.5,topo,gyrase,0.25
478,119.5,RNAP,RNAP,1.0
478,119.5,mRNA,tetA,2.0
479,119.75,topo,topoI,0.25
479,119.75,topo,gyrase,0.25
479,119.75,RNAP,RNAP,1.0
479,119.75,mRNA,tetA,2.0
480,120.0,topo,topoI,0.25
480,120.0,topo,gyrase,0.25
480,120.0,RNAP,RNAP,1.0
480,120.0,mRNA,tetA,2.0
481,120.25,topo,topoI,0.25
481,120.25,topo,gyrase,0.25
481,120.25,RNAP,RNAP,1.0
481,120.25,mRNA,tetA,2.0
482,120.5,topo,topoI,0.25
482,120.5,topo,gyrase,0.25
482,120.5,RNAP,RNAP,1.0
482,120.5,mRNA,tetA,2.0
483,120.75,topo,topoI,0.25
483,120.75,topo,gyrase,0.25
483,120.75,RNAP,RNAP,1.0
483,120.75,mRNA,tetA,2.0
484,121.0,topo,topoI,0.25
484,121.0,topo,gyrase,0.25
484,121.0,RNAP,RNAP,1.0
484,121.0,mRNA,tetA,2.0
485,121.25,topo,topoI,0.25
485,121.25,topo,gyrase,0.25
485,121.25,RNAP,RNAP,1.0
485,121.25,mRNA,tetA,2.0
486,121.5,topo,topoI,0.25
486,121.5,topo,gyrase,0.25
486,121.5,RNAP,RNAP,1.0
486,121.5,mRNA,tetA,2.0
487,121.75,topo,topoI,0.25
487,121.75,topo,gyrase,0.25
487,121.75,RNAP,RNAP,1.0
487,121.75,mRNA,tetA,2.0
488,122.0,topo,topoI,0.25
488,122.0,topo,gyrase,0.25
488,122.0,RNAP,RNAP,1.0
488,122.0,mRNA,tetA,2.0
489,122.25,topo,topoI,0.25
489,122.25,topo,gyrase,0.25
489,122.25,RNAP,RNAP,1.0
489,122.25,mRNA,tetA,2.0
490,122.5,topo,topoI,0.25
490,122.5,topo,gyrase,0.25
490,122.5,RNAP,RNAP,1.0
490,122.5,mRNA,tetA,2.0
491,122.75,topo,topoI,0.25
491,122.75,topo,gyrase,0.25
491,122.75,RNAP,RNAP,1.0
491,122.75,mRNA,tetA,2.0
492,123.0,topo,topoI,0.25
492,123.0,topo,gyrase,0.25
492,123.0,RNAP,RNAP,1.0
492,123.0,mRNA,tetA,2.0
493,123.25,topo,topoI,0.25
493,123.25,topo,gyrase,0.25
493,123.25,RNAP,RNAP,1.0
493,123.25,mRNA,tetA,2.0
494,123.5,topo,topoI,0.25
494,123.5,topo,gyrase,0.25
494,123.5,RNAP,RNAP,1.0
494,123.5,mRNA,tetA,2.0
495,123.75,topo,topoI,0.25
495,123.75,topo,gyrase,0.25
495,123.75,RNAP,RNAP,1.0
495,123.75,mRNA,tetA,2.0
496,124.0,topo,topoI,0.25
496,124.0,topo,gyrase,0.25
496,124.0,RNAP,RNAP,1.0
496,124.0,mRNA,tetA,2.0
497,124.25,topo,topoI,0.25
497,124.25,topo,gyrase,0.25
497,124.25,RNAP,RNAP,1.0
497,124.25,mRNA,tetA,2.0
498,124.5,topo,topoI,0.25
498,124.5,topo,gyrase,0.25
498,124.5,RNAP,RNAP,1.0
498,124.5,mRNA,tetA,2.0
499,124.75,topo,topoI,0.25
499,124.75,topo,gyrase,0.25
499,124.75,RNAP,RNAP,1.0
499,124.75,mRNA,tetA,2.0
500,125.0,topo,topoI,0.25
500,125.0,topo,gyrase,0.25
500,125.0,RNAP,RNAP,1.0
500,125.0,mRNA,tetA,2.0
501,125.25,topo,topoI,0.25
501,125.25,topo,gyrase,0.25
501,125.25,RNAP,RNAP,1.0
501,125.25,mRNA,tetA,2.0
502,125.5,topo,topoI,0.25
502,125.5,topo,gyrase,0.25
502,125.5,RNAP,RNAP,1.0
502,125.5,mRNA,tetA,2.0
503,125.75,topo,topoI,0.25
503,125.75,topo,gyrase,0.25
503,125.75,RNAP,RNAP,1.0
503,125.75,mRNA,tetA,2.0
504,126.0,topo,topoI,0.25
504,126.0,topo,gyrase,0.25
504,126.0,RNAP,RNAP,1.0
504,126.0,mRNA,tetA,2.0
505,126.25,topo,topoI,0.25
505,126.25,topo,gyrase,0.25
505,126.25,RNAP,RNAP,1.0
505,126.25,mRNA,tetA,2.0
506,126.5,topo,topoI,0.25
506,126.5,topo,gyrase,0.25
506,126.5,RNAP,RNAP,1.0
506,126.5,mRNA,tetA,2.0
507,126.75,topo,topoI,0.25
507,126.75,topo,gyrase,0.25
507,126.75,RNAP,RNAP,1.0
507,126.75,mRNA,tetA,2.0
508,127.0,topo,topoI,0.25
508,127.0,topo,gyrase,0.25
508,127.0,RNAP,RNAP,1.0
508,127.0,mRNA,tetA,2.0
509,127.25,topo,topoI,0.25
509,127.25,topo,gyrase,0.25
509,127.25,RNAP,RNAP,1.0
509,127.25,mRNA,tetA,2.0
510,127.5,topo,topoI,0.25
510,127.5,topo,gyrase,0.25
510,127.5,RNAP,RNAP,1.0
510,127.5,mRNA,tetA,2.0
511,127.75,topo,topoI,0.25
511,127.75,topo,gyrase,0.25
511,127.75,RNAP,RNAP,1.0
511,127.75,mRNA,tetA,2.0
512,128.0,topo,topoI,0.25
512,128.0,topo,gyrase,0.25
512,128.0,RNAP,RNAP,1.0
512,128.0,mRNA,tetA,2.0
513,128.25,topo,topoI,0.25
513,128.25,topo,gyrase,0.25
513,128.25,RNAP,RNAP,1.0
513,128.25,mRNA,tetA,2.0
514,128.5,topo,topoI,0.25
514,128.5,topo,gyrase,0.25
514,128.5,RNAP,RNAP,1.0
514,128.5,mRNA,tetA,2.0
515,128.75,topo,topoI,0.25
515,128.75,topo,gyrase,0.25
515,128.75,RNAP,RNAP,1.0
515,128.75,mRNA,tetA,2.0
516,129.0,topo,topoI,0.25
516,129.0,topo,gyrase,0.25
516,129.0,RNAP,RNAP,1.0
516,129.0,mRNA,tetA,2.0
517,129.25,topo,topoI,0.25
517,129.25,topo,gyrase,0.25
517,129.25,RNAP,RNAP,1.0
517,129.25,mRNA,tetA,2.0
518,129.5,topo,topoI,0.25
518,129.5,topo,gyrase,0.25
518,129.5,RNAP,RNAP,1.0
518,129.5,mRNA,tetA,2.0
519,129.75,topo,topoI,0.25
519,129.75,topo,gyrase,0.25
519,129.75,RNAP,RNAP,1.0
519,129.75,mRNA,tetA,2.0
520,130.0,topo,topoI,0.25
520,130.0,topo,gyrase,0.25
520,130.0,RNAP,RNAP,1.0
520,130.0,mRNA,tetA,2.0
521,130.25,topo,topoI,0.25
521,130.25,topo,gyrase,0.25
521,130.25,RNAP,RNAP,1.0
521,130.25,mRNA,tetA,2.0
522,130.5,topo,topoI,0.25
522,130.5,topo,gyrase,0.25
522,130.5,RNAP,RNAP,1.0
522,130.5,mRNA,tetA,2.0
523,130.75,topo,topoI,0.25
523,130.75,topo,gyrase,0.25
523,130.75,RNAP,RNAP,1.0
523,130.75,mRNA,tetA,2.0
524,131.0,topo,topoI,0.25
524,131.0,topo,gyrase,0.25
524,131.0,RNAP,RNAP,1.0
524,131.0,mRNA,tetA,2.0
525,131.25,topo,topoI,0.25
525,131.25,topo,gyrase,0.25
525,131.25,RNAP,RNAP,1.0
525,131.25,mRNA,tetA,2.0
526,131.5,topo,topoI,0.25
526,131.5,topo,gyrase,0.25
526,131.5,RNAP,RNAP,1.0
526,131.5,mRNA,tetA,2.0
527,131.75,topo,topoI,0.25
527,131.75,topo,gyrase,0.25
527,131.75,RNAP,RNAP,1.0
527,131.75,mRNA,tetA,2.0
528,132.0,topo,topoI,0.25
528,132.0,topo,gyrase,0.25
528,132.0,RNAP,RNAP,1.0
528,132.0,mRNA,tetA,2.0
529,132.25,topo,topoI,0.25
529,132.25,topo,gyrase,0.25
529,132.25,RNAP,RNAP,1.0
529,132.25,mRNA,tetA,2.0
530,132.5,topo,topoI,0.25
530,132.5,topo,gyrase,0.25
530,132.5,RNAP,RNAP,1.0
530,132.5,mRNA,tetA,2.0
531,132.75,topo,topoI,0.25
531,132.75,topo,gyrase,0.25
531,132.75,RNAP,RNAP,1.0
531,132.75,mRNA,tetA,2.0
532,133.0,topo,topoI,0.25
532,133.0,topo,gyrase,0.25
532,133.0,RNAP,RNAP,1.0
532,133.0,mRNA,tetA,2.0
533,133.25,topo,topoI,0.25
533,133.25,topo,gyrase,0.25
533,133.25,RNAP,RNAP,1.0
533,133.25,mRNA,tetA,2.0
534,133.5,topo,topoI,0.25
534,133.5,topo,gyrase,0.25
534,133.5,RNAP,RNAP,1.0
534,133.5,mRNA,tetA,2.0
535,133.75,topo,topoI,0.25
535,133.75,topo,gyrase,0.25
535,133.75,RNAP,RNAP,1.0
535,133.75,mRNA,tetA,2.0
536,134.0,topo,topoI,0.25
536,134.0,topo,gyrase,0.25
536,134.0,RNAP,RNAP,1.0
536,134.0,mRNA,tetA,2.0
537,134.25,topo,topoI,0.25
537,134.25,topo,gyrase,0.25
537,134.25,RNAP,RNAP,1.0
537,134.25,mRNA,tetA,2.0
538,134.5,topo,topoI,0.25
538,134.5,topo,gyrase,0.25
538,134.5,RNAP,RNAP,1.0
538,134.5,mRNA,tetA,2.0
539,134.75,topo,topoI,0.25
539,134.75,topo,gyrase,0.25
539,134.75,RNAP,RNAP,1.0
539,134.75,mRNA,tetA,2.0
540,135.0,topo,topoI,0.25
540,135.0,topo,gyrase,0.25
540,135.0,RNAP,RNAP,1.0
540,135.0,mRNA,tetA,2.0
541,135.25,topo,topoI,0.25
541,135.25,topo,gyrase,0.25
541,135.25,RNAP,RNAP,1.0
541,135.25,mRNA,tetA,2.0
542,135.5,topo,topoI,0.25
542,135.5,topo,gyrase,0.25
542,135.5,RNAP,RNAP,1.0
542,135.5,mRNA,tetA,2.0
543,135.75,topo,topoI,0.25
543,135.75,topo,gyrase,0.25
543,135.75,RNAP,RNAP,1.0
543,135.75,mRNA,tetA,2.0
544,136.0,topo,topoI,0.25
544,136.0,topo,gyrase,0.25
544,136.0,RNAP,RNAP,1.0
544,136.0,mRNA,tetA,2.0
545,136.25,topo,topoI,0.25
545,136.25,topo,gyrase,0.25
545,136.25,RNAP,RNAP,1.0
545,136.25,mRNA,tetA,2.0
546,136.5,topo,topoI,0.25
546,136.5,topo,gyrase,0.25
546,136.5,RNAP,RNAP,1.0
546,136.5,mRNA,tetA,2.0
547,136.75,topo,topoI,0.25
547,136.75,topo,gyrase,0.25
547,136.75,RNAP,RNAP,1.0
547,136.75,mRNA,tetA,2.0
548,137.0,topo,topoI,0.25
548,137.0,topo,gyrase,0.25
548,137.0,RNAP,RNAP,1.0
548,137.0,mRNA,tetA,2.0
549,137.25,topo,topoI,0.25
549,137.25,topo,gyrase,0.25
549,137.25,RNAP,RNAP,1.0
549,137.25,mRNA,tetA,2.0
550,137.5,topo,topoI,0.25
550,137.5,topo,gyrase,0.25
550,137.5,RNAP,RNAP,1.0
550,137.5,mRNA,tetA,2.0
551,137.75,topo,topoI,0.25
551,137.75,topo,gyrase,0.25
551,137.75,RNAP,RNAP,1.0
551,137.75,mRNA,tetA,2.0
552,138.0,topo,topoI,0.25
552,138.0,topo,gyrase,0.25
552,138.0,RNAP,RNAP,1.0
552,138.0,mRNA,tetA,2.0
553,138.25,topo,topoI,0.25
553,138.25,topo,gyrase,0.25
553,138.25,RNAP,RNAP,1.0
553,138.25,mRNA,tetA,2.0
554,138.5,topo,topoI,0.25
554,138.5,topo,gyrase,0.25
554,138.5,RNAP,RNAP,1.0
554,138.5,mRNA,tetA,2.0
555,138.75,topo,topoI,0.25
555,138.75,topo,gyrase,0.25
555,138.75,RNAP,RNAP,1.0
555,138.75,mRNA,tetA,2.0
556,139.0,topo,topoI,0.25
556,139.0,topo,gyrase,0.25
556,139.0,RNAP,RNAP,1.0
556,139.0,mRNA,tetA,2.0
557,139.25,topo,topoI,0.25
557,139.25,topo,gyrase,0.25
557,139.25,RNAP,RNAP,1.0
557,139.25,mRNA,tetA,2.0
558,139.5,topo,topoI,0.25
558,139.5,topo,gyrase,0.25
558,139.5,RNAP,RNAP,1.0
558,139.5,mRNA,tetA,2.0
559,139.75,topo,topoI,0.25
559,139.75,topo,gyrase,0.25
559,139.75,RNAP,RNAP,1.0
559,139.75,mRNA,tetA,2.0
560,140.0,topo,topoI,0.25
560,140.0,topo,gyrase,0.25
560,140.0,RNAP,RNAP,1.0
560,140.0,mRNA,tetA,2.0
561,140.25,topo,topoI,0.25
561,140.25,topo,gyrase,0.25
561,140.25,RNAP,RNAP,1.0
561,140.25,mRNA,tetA,2.0
562,140.5,topo,topoI,0.25
562,140.5,topo,gyrase,0.25
562,140.5,RNAP,RNAP,1.0
562,140.5,mRNA,tetA,2.0
563,140.75,topo,topoI,0.25
563,140.75,topo,gyrase,0.25
563,140.75,RNAP,RNAP,1.0
563,140.75,mRNA,tetA,2.0
564,141.0,topo,topoI,0.25
564,141.0,topo,gyrase,0.25
564,141.0,RNAP,RNAP,1.0
564,141.0,mRNA,tetA,2.0
565,141.25,topo,topoI,0.25
565,141.25,topo,gyrase,0.25
565,141.25,RNAP,RNAP,1.0
565,141.25,mRNA,tetA,2.0
566,141.5,topo,topoI,0.25
566,141.5,topo,gyrase,0.25
566,141.5,RNAP,RNAP,1.0
566,141.5,mRNA,tetA,2.0
567,141.75,topo,topoI,0.25
567,141.75,topo,gyrase,0.25
567,141.75,RNAP,RNAP,1.0
567,141.75,mRNA,tetA,2.0
568,142.0,topo,topoI,0.25
568,142.0,topo,gyrase,0.25
568,142.0,RNAP,RNAP,1.0
568,142.0,mRNA,tetA,2.0
569,142.25,topo,topoI,0.25
569,142.25,topo,gyrase,0.25
569,142.25,RNAP,RNAP,1.0
569,142.25,mRNA,tetA,2.0
570,142.5,topo,topoI,0.25
570,142.5,topo,gyrase,0.25
570,142.5,RNAP,RNAP,1.0
570,142.5,mRNA,tetA,2.0
571,142.75,topo,topoI,0.25
571,142.75,topo,gyrase,0.25
571,142.75,RNAP,RNAP,1.0
571,142.75,mRNA,tetA,2.0
572,143.0,topo,topoI,0.25
572,143.0,topo,gyrase,0.25
572,143.0,RNAP,RNAP,1.0
572,143.0,mRNA,tetA,2.0
573,143.25,topo,topoI,0.25
573,143.25,topo,gyrase,0.25
573,143.25,RNAP,RNAP,1.0
573,143.25,mRNA,tetA,2.0
574,143.5,topo,topoI,0.25
574,143.5,topo,gyrase,0.25
574,143.5,RNAP,RNAP,1.0
574,143.5,mRNA,tetA,2.0
575,143.75,topo,topoI,0.25
575,143.75,topo,gyrase,0.25
575,143.75,RNAP,RNAP,1.0
575,143.75,mRNA,tetA,2.0
576,144.0,topo,topoI,0.25
576,144.0,topo,gyrase,0.25
576,144.0,RNAP,RNAP,1.0
576,144.0,mRNA,tetA,2.0
577,144.25,topo,topoI,0.25
577,144.25,topo,gyrase,0.25
577,144.25,RNAP,RNAP,1.0
577,144.25,mRNA,tetA,2.0
578,144.5,topo,topoI,0.25
578,144.5,topo,gyrase,0.25
578,144.5,RNAP,RNAP,1.0
578,144.5,mRNA,tetA,2.0
579,144.75,topo,topoI,0.25
579,144.75,topo,gyrase,0.25
579,144.75,RNAP,RNAP,1.0
579,144.75,mRNA,tetA,2.0
580,145.0,topo,topoI,0.25
580,145.0,topo,gyrase,0.25
580,145.0,RNAP,RNAP,1.0
580,145.0,mRNA,tetA,2.0
581,145.25,topo,topoI,0.25
581,145.25,topo,gyrase,0.25
581,145.25,RNAP,RNAP,1.0
581,145.25,mRNA,tetA,2.0
582,145.5,topo,topoI,0.25
582,145.5,topo,gyrase,0.25
582,145.5,RNAP,RNAP,1.0
582,145.5,mRNA,tetA,2.0
583,145.75,topo,topoI,0.25
583,145.75,topo,gyrase,0.25
583,145.75,RNAP,RNAP,1.0
583,145.75,mRNA,tetA,2.0
584,146.0,topo,topoI,0.25
584,146.0,topo,gyrase,0.25
584,146.0,RNAP,RNAP,1.0
584,146.0,mRNA,tetA,2.0
585,146.25,topo,topoI,0.25
585,146.25,topo,gyrase,0.25
585,146.25,RNAP,RNAP,1.0
585,146.25,mRNA,tetA,2.0
586,146.5,topo,topoI,0.25
586,146.5,topo,gyrase,0.25
586,146.5,RNAP,RNAP,1.0
586,146.5,mRNA,tetA,2.0
587,146.75,topo,topoI,0.25
587,146.75,topo,gyrase,0.25
587,146.75,RNAP,RNAP,1.0
587,146.75,mRNA,tetA,2.0
588,147.0,topo,topoI,0.25
588,147.0,topo,gyrase,0.25
588,147.0,RNAP,RNAP,1.0
588,147.0,mRNA,tetA,2.0
589,147.25,topo,topoI,0.25
589,147.25,topo,gyrase,0.25
589,147.25,RNAP,RNAP,1.0
589,147.25,mRNA,tetA,2.0
590,147.5,topo,topoI,0.25
590,147.5,topo,gyrase,0.25
590,147.5,RNAP,RNAP,1.0
590,147.5,mRNA,tetA,2.0
591,147.75,topo,topoI,0.25
591,147.75,topo,gyrase,0.25
591,147.75,RNAP,RNAP,1.0
591,147.75,mRNA,tetA,2.0
592,148.0,topo,topoI,0.25
592,148.0,topo,gyrase,0.25
592,148.0,RNAP,RNAP,1.0
592,148.0,mRNA,tetA,2.0
593,148.25,topo,topoI,0.25
593,148.25,topo,gyrase,0.25
593,148.25,RNAP,RNAP,1.0
593,148.25,mRNA,tetA,2.0
594,148.5,topo,topoI,0.25
594,148.5,topo,gyrase,0.25
594,148.5,RNAP,RNAP,1.0
594,148.5,mRNA,tetA,2.0
595,148.75,topo,topoI,0.25
595,148.75,topo,gyrase,0.25
595,148.75,RNAP,RNAP,1.0
595,148.75,mRNA,tetA,2.0
596,149.0,topo,topoI,0.25
596,149.0,topo,gyrase,0.25
596,149.0,RNAP,RNAP,1.0
596,149.0,mRNA,tetA,2.0
597,149.25,topo,topoI,0.25
597,149.25,topo,gyrase,0.25
597,149.25,RNAP,RNAP,1.0
597,149.25,mRNA,tetA,2.0
598,149.5,topo,topoI,0.25
598,149.5,topo,gyrase,0.25
598,149.5,RNAP,RNAP,1.0
598,149.5,mRNA,tetA,2.0
599,149.75,topo,topoI,0.25
599,149.75,topo,gyrase,0.25
599,149.75,RNAP,RNAP,1.0
599,149.75,mRNA,tetA,2.0
600,150.0,topo,topoI,0.25
600,150.0,topo,gyrase,0.25
600,150.0,RNAP,RNAP,1.0
600,150.0,mRNA,tetA,2.0
601,150.25,topo,topoI,0.25
601,150.25,topo,gyrase,0.25
601,150.25,RNAP,RNAP,1.0
601,150.25,mRNA,tetA,2.0
602,150.5,topo,topoI,0.25
602,150.5,topo,gyrase,0.25
602,150.5,RNAP,RNAP,1.0
602,150.5,mRNA,tetA,2.0
603,150.75,topo,topoI,0.25
603,150.75,topo,gyrase,0.25
603,150.75,RNAP,RNAP,1.0
603,150.75,mRNA,tetA,2.0
604,151.0,topo,topoI,0.25
604,151.0,topo,gyrase,0.25
604,151.0,RNAP,RNAP,1.0
604,151.0,mRNA,tetA,2.0
605,151.25,topo,topoI,0.25
605,151.25,topo,gyrase,0.25
605,151.25,RNAP,RNAP,1.0
605,151.25,mRNA,tetA,2.0
606,151.5,topo,topoI,0.25
606,151.5,topo,gyrase,0.25
606,151.5,RNAP,RNAP,1.0
606,151.5,mRNA,tetA,2.0
607,151.75,topo,topoI,0.25
607,151.75,topo,gyrase,0.25
607,151.75,RNAP,RNAP,1.0
607,151.75,mRNA,tetA,2.0
608,152.0,topo,topoI,0.25
608,152.0,topo,gyrase,0.25
608,152.0,RNAP,RNAP,1.0
608,152.0,mRNA,tetA,2.0
609,152.25,topo,topoI,0.25
609,152.25,topo,gyrase,0.25
609,152.25,RNAP,RNAP,1.0
609,152.25,mRNA,tetA,2.0
610,152.5,topo,topoI,0.25
610,152.5,topo,gyrase,0.25
610,152.5,RNAP,RNAP,1.0
610,152.5,mRNA,tetA,2.0
611,152.75,topo,topoI,0.25
611,152.75,topo,gyrase,0.25
611,152.75,RNAP,RNAP,1.0
611,152.75,mRNA,tetA,2.0
612,153.0,topo,topoI,0.25
612,153.0,topo,gyrase,0.25
612,153.0,RNAP,RNAP,1.0
612,153.0,mRNA,tetA,2.0
613,153.25,topo,topoI,0.25
613,153.25,topo,gyrase,0.25
613,153.25,RNAP,RNAP,1.0
613,153.25,mRNA,tetA,2.0
614,153.5,topo,topoI,0.25
614,153.5,topo,gyrase,0.25
614,153.5,RNAP,RNAP,1.0
614,153.5,mRNA,tetA,2.0
615,153.75,topo,topoI,0.25
615,153.75,topo,gyrase,0.25
615,153.75,RNAP,RNAP,1.0
615,153.75,mRNA,tetA,2.0
616,154.0,topo,topoI,0.25
616,154.0,topo,gyrase,0.25
616,154.0,RNAP,RNAP,1.0
616,154.0,mRNA,tetA,2.0
617,154.25,topo,topoI,0.25
617,154.25,topo,gyrase,0.25
617,154.25,RNAP,RNAP,1.0
617,154.25,mRNA,tetA,2.0
618,154.5,topo,topoI,0.25
618,154.5,topo,gyrase,0.25
618,154.5,RNAP,RNAP,1.0
618,154.5,mRNA,tetA,2.0
619,154.75,topo,topoI,0.25
619,154.75,topo,gyrase,0.25
619,154.75,RNAP,RNAP,1.0
619,154.75,mRNA,tetA,2.0
620,155.0,topo,topoI,0.25
620,155.0,topo,gyrase,0.25
620,155.0,RNAP,RNAP,1.0
620,155.0,mRNA,tetA,2.0
621,155.25,topo,topoI,0.25
621,155.25,topo,gyrase,0.25
621,155.25,RNAP,RNAP,1.0
621,155.25,mRNA,tetA,2.0
622,155.5,topo,topoI,0.25
622,155.5,topo,gyrase,0.25
622,155.5,RNAP,RNAP,1.0
622,155.5,mRNA,tetA,2.0
623,155.75,topo,topoI,0.25
623,155.75,topo,gyrase,0.25
623,155.75,RNAP,RNAP,1.0
623,155.75,mRNA,tetA,2.0
624,156.0,topo,topoI,0.25
624,156.0,topo,gyrase,0.25
624,156.0,RNAP,RNAP,1.0
624,156.0,mRNA,tetA,2.0
625,156.25,topo,topoI,0.25
625,156.25,topo,gyrase,0.25
625,156.25,RNAP,RNAP,1.0
625,156.25,mRNA,tetA,2.0
626,156.5,topo,topoI,0.25
626,156.5,topo,gyrase,0.25
626,156.5,RNAP,RNAP,1.0
626,156.5,mRNA,tetA,2.0
627,156.75,topo,topoI,0.25
627,156.75,topo,gyrase,0.25
627,156.75,RNAP,RNAP,1.0
627,156.75,mRNA,tetA,2.0
628,157.0,topo,topoI,0.25
628,157.0,topo,gyrase,0.25
628,157.0,RNAP,RNAP,1.0
628,157.0,mRNA,tetA,2.0
629,157.25,topo,topoI,0.25
629,157.25,topo,gyrase,0.25
629,157.25,RNAP,RNAP,1.0
629,157.25,mRNA,tetA,2.0
630,157.5,topo,topoI,0.25
630,157.5,topo,gyrase,0.25
630,157.5,RNAP,RNAP,1.0
630,157.5,mRNA,tetA,2.0
631,157.75,topo,topoI,0.25
631,157.75,topo,gyrase,0.25
631,157.75,RNAP,RNAP,1.0
631,157.75,mRNA,tetA,2.0
632,158.0,topo,topoI,0.25
632,158.0,topo,gyrase,0.25
632,158.0,RNAP,RNAP,1.0
632,158.0,mRNA,tetA,2.0
633,158.25,topo,topoI,0.25
633,158.25,topo,gyrase,0.25
633,158.25,RNAP,RNAP,1.0
633,158.25,mRNA,tetA,2.0
634,158.5,topo,topoI,0.25
634,158.5,topo,gyrase,0.25
634,158.5,RNAP,RNAP,1.0
634,158.5,mRNA,tetA,2.0
635,158.75,topo,topoI,0.25
635,158.75,topo,gyrase,0.25
635,158.75,RNAP,RNAP,1.0
635,158.75,mRNA,tetA,2.0
636,159.0,topo,topoI,0.25
636,159.0,topo,gyrase,0.25
636,159.0,RNAP,RNAP,1.0
636,159.0,mRNA,tetA,2.0
637,159.25,topo,topoI,0.25
637,159.25,topo,gyrase,0.25
637,159.25,RNAP,RNAP,1.0
637,159.25,mRNA,tetA,2.0
638,159.5,topo,topoI,0.25
638,159.5,topo,gyrase,0.25
638,159.5,RNAP,RNAP,1.0
638,159.5,mRNA,tetA,2.0
639,159.75,topo,topoI,0.25
639,159.75,topo,gyrase,0.25
639,159.75,RNAP,RNAP,1.0
639,159.75,mRNA,tetA,2.0
640,160.0,topo,topoI,0.25
640,160.0,topo,gyrase,0.25
640,160.0,RNAP,RNAP,1.0
640,160.0,mRNA,tetA,2.0
641,160.25,topo,topoI,0.25
641,160.25,topo,gyrase,0.25
641,160.25,RNAP,RNAP,1.0
641,160.25,mRNA,tetA,2.0
642,160.5,topo,topoI,0.25
642,160.5,topo,gyrase,0.25
642,160.5,RNAP,RNAP,1.0
642,160.5,mRNA,tetA,2.0
643,160.75,topo,topoI,0.25
643,160.75,topo,gyrase,0.25
643,160.75,RNAP,RNAP,1.0
643,160.75,mRNA,tetA,2.0
644,161.0,topo,topoI,0.25
644,161.0,topo,gyrase,0.25
644,161.0,RNAP,RNAP,1.0
644,161.0,mRNA,tetA,2.0
645,161.25,topo,topoI,0.25
645,161.25,topo,gyrase,0.25
645,161.25,RNAP,RNAP,1.0
645,161.25,mRNA,tetA,2.0
646,161.5,topo,topoI,0.25
646,161.5,topo,gyrase,0.25
646,161.5,RNAP,RNAP,1.0
646,161.5,mRNA,tetA,2.0
647,161.75,topo,topoI,0.25
647,161.75,topo,gyrase,0.25
647,161.75,RNAP,RNAP,1.0
647,161.75,mRNA,tetA,2.0
648,162.0,topo,topoI,0.25
648,162.0,topo,gyrase,0.25
648,162.0,RNAP,RNAP,1.0
648,162.0,mRNA,tetA,2.0
649,162.25,topo,topoI,0.25
649,162.25,topo,gyrase,0.25
649,162.25,RNAP,RNAP,1.0
649,162.25,mRNA,tetA,2.0
650,162.5,topo,topoI,0.25
650,162.5,topo,gyrase,0.25
650,162.5,RNAP,RNAP,1.0
650,162.5,mRNA,tetA,2.0
651,162.75,topo,topoI,0.25
651,162.75,topo,gyrase,0.25
651,162.75,RNAP,RNAP,1.0
651,162.75,mRNA,tetA,2.0
652,163.0,topo,topoI,0.25
652,163.0,topo,gyrase,0.25
652,163.0,RNAP,RNAP,1.0
652,163.0,mRNA,tetA,2.0
653,163.25,topo,topoI,0.25
653,163.25,topo,gyrase,0.25
653,163.25,RNAP,RNAP,1.0
653,163.25,mRNA,tetA,2.0
654,163.5,topo,topoI,0.25
654,163.5,topo,gyrase,0.25
654,163.5,RNAP,RNAP,1.0
654,163.5,mRNA,tetA,2.0
655,163.75,topo,topoI,0.25
655,163.75,topo,gyrase,0.25
655,163.75,RNAP,RNAP,1.0
655,163.75,mRNA,tetA,2.0
656,164.0,topo,topoI,0.25
656,164.0,topo,gyrase,0.25
656,164.0,RNAP,RNAP,1.0
656,164.0,mRNA,tetA,2.0
657,164.25,topo,topoI,0.25
657,164.25,topo,gyrase,0.25
657,164.25,RNAP,RNAP,1.0
657,164.25,mRNA,tetA,2.0
658,164.5,topo,topoI,0.25
658,164.5,topo,gyrase,0.25
658,164.5,RNAP,RNAP,1.0
658,164.5,mRNA,tetA,2.0
659,164.75,topo,topoI,0.25
659,164.75,topo,gyrase,0.25
659,164.75,RNAP,RNAP,1.0
659,164.75,mRNA,tetA,2.0
660,165.0,topo,topoI,0.25
660,165.0,topo,gyrase,0.25
660,165.0,RNAP,RNAP,1.0
660,165.0,mRNA,tetA,2.0
661,165.25,topo,topoI,0.25
661,165.25,topo,gyrase,0.25
661,165.25,RNAP,RNAP,1.0
661,165.25,mRNA,tetA,2.0
662,165.5,topo,topoI,0.25
662,165.5,topo,gyrase,0.25
662,165.5,RNAP,RNAP,1.0
662,165.5,mRNA,tetA,2.0
663,165.75,topo,topoI,0.25
663,165.75,topo,gyrase,0.25
663,165.75,RNAP,RNAP,1.0
663,165.75,mRNA,tetA,2.0
664,166.0,topo,topoI,0.25
664,166.0,topo,gyrase,0.25
664,166.0,RNAP,RNAP,1.0
664,166.0,mRNA,tetA,2.0
665,166.25,topo,topoI,0.25
665,166.25,topo,gyrase,0.25
665,166.25,RNAP,RNAP,1.0
665,166.25,mRNA,tetA,2.0
666,166.5,topo,topoI,0.25
666,166.5,topo,gyrase,0.25
666,166.5,RNAP,RNAP,1.0
666,166.5,mRNA,tetA,2.0
667,166.75,topo,topoI,0.25
667,166.75,topo,gyrase,0.25
667,166.75,RNAP,RNAP,1.0
667,166.75,mRNA,tetA,2.0
668,167.0,topo,topoI,0.25
668,167.0,topo,gyrase,0.25
668,167.0,RNAP,RNAP,1.0
668,167.0,mRNA,tetA,2.0
669,167.25,topo,topoI,0.25
669,167.25,topo,gyrase,0.25
669,167.25,RNAP,RNAP,1.0
669,167.25,mRNA,tetA,2.0
670,167.5,topo,topoI,0.25
670,167.5,topo,gyrase,0.25
670,167.5,RNAP,RNAP,1.0
670,167.5,mRNA,tetA,2.0
671,167.75,topo,topoI,0.25
671,167.75,topo,gyrase,0.25
671,167.75,RNAP,RNAP,1.0
671,167.75,mRNA,tetA,2.0
672,168.0,topo,topoI,0.25
672,168.0,topo,gyrase,0.25
672,168.0,RNAP,RNAP,1.0
672,168.0,mRNA,tetA,2.0
673,168.25,topo,topoI,0.25
673,168.25,topo,gyrase,0.25
673,168.25,RNAP,RNAP,1.0
673,168.25,mRNA,tetA,2.0
674,168.5,topo,topoI,0.25
674,168.5,topo,gyrase,0.25
674,168.5,RNAP,RNAP,1.0
674,168.5,mRNA,tetA,2.0
675,168.75,topo,topoI,0.25
675,168.75,topo,gyrase,0.25
675,168.75,RNAP,RNAP,1.0
675,168.75,mRNA,tetA,2.0
676,169.0,topo,topoI,0.25
676,169.0,topo,gyrase,0.25
676,169.0,RNAP,RNAP,1.0
676,169.0,mRNA,tetA,2.0
677,169.25,topo,topoI,0.25
677,169.25,topo,gyrase,0.25
677,169.25,RNAP,RNAP,1.0
677,169.25,mRNA,tetA,2.0
678,169.5,topo,topoI,0.25
678,169.5,topo,gyrase,0.25
678,169.5,RNAP,RNAP,1.0
678,169.5,mRNA,tetA,2.0
679,169.75,topo,topoI,0.25
679,169.75,topo,gyrase,0.25
679,169.75,RNAP,RNAP,1.0
679,169.75,mRNA,tetA,2.0
680,170.0,topo,topoI,0.25
680,170.0,topo,gyrase,0.25
680,170.0,RNAP,RNAP,1.0
680,170.0,mRNA,tetA,2.0
681,170.25,topo,topoI,0.25
681,170.25,topo,gyrase,0.25
681,170.25,RNAP,RNAP,1.0
681,170.25,mRNA,tetA,2.0
682,170.5,topo,topoI,0.25
682,170.5,topo,gyrase,0.25
682,170.5,RNAP,RNAP,1.0
682,170.5,mRNA,tetA,2.0
683,170.75,topo,topoI,0.25
683,170.75,topo,gyrase,0.25
683,170.75,RNAP,RNAP,1.0
683,170.75,mRNA,tetA,2.0
684,171.0,topo,topoI,0.25
684,171.0,topo,gyrase,0.25
684,171.0,RNAP,RNAP,1.0
684,171.0,mRNA,tetA,2.0
685,171.25,topo,topoI,0.25
685,171.25,topo,gyrase,0.25
685,171.25,RNAP,RNAP,1.0
685,171.25,mRNA,tetA,2.0
686,171.5,topo,topoI,0.25
686,171.5,topo,gyrase,0.25
686,171.5,RNAP,RNAP,1.0
686,171.5,mRNA,tetA,2.0
687,171.75,topo,topoI,0.25
687,171.75,topo,gyrase,0.25
687,171.75,RNAP,RNAP,1.0
687,171.75,mRNA,tetA,2.0
688,172.0,topo,topoI,0.25
688,172.0,topo,gyrase,0.25
688,172.0,RNAP,RNAP,1.0
688,172.0,mRNA,tetA,2.0
689,172.25,topo,topoI,0.25
689,172.25,topo,gyrase,0.25
689,172.25,RNAP,RNAP,1.0
689,172.25,mRNA,tetA,2.0
690,172.5,topo,topoI,0.25
690,172.5,topo,gyrase,0.25
690,172.5,RNAP,RNAP,1.0
690,172.5,mRNA,tetA,2.0
691,172.75,topo,topoI,0.25
691,172.75,topo,gyrase,0.25
691,172.75,RNAP,RNAP,1.0
691,172.75,mRNA,tetA,2.0
692,173.0,topo,topoI,0.25
692,173.0,topo,gyrase,0.25
692,173.0,RNAP,RNAP,1.0
692,173.0,mRNA,tetA,2.0
693,173.25,topo,topoI,0.25
693,173.25,topo,gyrase,0.25
693,173.25,RNAP,RNAP,1.0
693,173.25,mRNA,tetA,2.0
694,173.5,topo,topoI,0.25
694,173.5,topo,gyrase,0.25
694,173.5,RNAP,RNAP,1.0
694,173.5,mRNA,tetA,2.0
695,173.75,topo,topoI,0.25
695,173.75,topo,gyrase,0.25
695,173.75,RNAP,RNAP,1.0
695,173.75,mRNA,tetA,2.0
696,174.0,topo,topoI,0.25
696,174.0,topo,gyrase,0.25
696,174.0,RNAP,RNAP,1.0
696,174.0,mRNA,tetA,2.0
697,174.25,topo,topoI,0.25
697,174.25,topo,gyrase,0.25
697,174.25,RNAP,RNAP,1.0
697,174.25,mRNA,tetA,2.0
698,174.5,topo,topoI,0.25
698,174.5,topo,gyrase,0.25
698,174.5,RNAP,RNAP,1.0
698,174.5,mRNA,tetA,2.0
699,174.75,topo,topoI,0.25
699,174.75,topo,gyrase,0.25
699,174.75,RNAP,RNAP,1.0
699,174.75,mRNA,tetA,2.0
700,175.0,topo,topoI,0.25
700,175.0,topo,gyrase,0.25
700,175.0,RNAP,RNAP,1.0
700,175.0,mRNA,tetA,2.0
701,175.25,topo,topoI,0.25
701,175.25,topo,gyrase,0.25
701,175.25,RNAP,RNAP,1.0
701,175.25,mRNA,tetA,2.0
702,175.5,topo,topoI,0.25
702,175.5,topo,gyrase,0.25
702,175.5,RNAP,RNAP,1.0
702,175.5,mRNA,tetA,2.0
703,175.75,topo,topoI,0.25
703,175.75,topo,gyrase,0.25
703,175.75,RNAP,RNAP,1.0
703,175.75,mRNA,tetA,2.0
704,176.0,topo,topoI,0.25
704,176.0,topo,gyrase,0.25
704,176.0,RNAP,RNAP,1.0
704,176.0,mRNA,tetA,2.0
705,176.25,topo,topoI,0.25
705,176.25,topo,gyrase,0.25
705,176.25,RNAP,RNAP,1.0
705,176.25,mRNA,tetA,2.0
706,176.5,topo,topoI,0.25
706,176.5,topo,gyrase,0.25
706,176.5,RNAP,RNAP,1.0
706,176.5,mRNA,tetA,2.0
707,176.75,topo,topoI,0.25
707,176.75,topo,gyrase,0.25
707,176.75,RNAP,RNAP,1.0
707,176.75,mRNA,tetA,2.0
708,177.0,topo,topoI,0.25
708,177.0,topo,gyrase,0.25
708,177.0,RNAP,RNAP,1.0
708,177.0,mRNA,tetA,2.0
709,177.25,topo,topoI,0.25
709,177.25,topo,gyrase,0.25
709,177.25,RNAP,RNAP,1.0
709,177.25,mRNA,tetA,2.0
710,177.5,topo,topoI,0.25
710,177.5,topo,gyrase,0.25
710,177.5,RNAP,RNAP,1.0
710,177.5,mRNA,tetA,2.0
711,177.75,topo,topoI,0.25
711,177.75,topo,gyrase,0.25
711,177.75,RNAP,RNAP,1.0
711,177.75,mRNA,tetA,2.0
712,178.0,topo,topoI,0.25
712,178.0,topo,gyrase,0.25
712,178.0,RNAP,RNAP,1.0
712,178.0,mRNA,tetA,2.0
713,178.25,topo,topoI,0.25
713,178.25,topo,gyrase,0.25
713,178.25,RNAP,RNAP,1.0
713,178.25,mRNA,tetA,2.0
714,178.5,topo,topoI,0.25
714,178.5,topo,gyrase,0.25
714,178.5,RNAP,RNAP,1.0
714,178.5,mRNA,tetA,2.0
715,178.75,topo,topoI,0.25
715,178.75,topo,gyrase,0.25
715,178.75,RNAP,RNAP,1.0
715,178.75,mRNA,tetA,2.0
716,179.0,topo,topoI,0.25
716,179.0,topo,gyrase,0.25
716,179.0,RNAP,RNAP,1.0
716,179.0,mRNA,tetA,2.0
717,179.25,topo,topoI,0.25
717,179.25,topo,gyrase,0.25
717,179.25,RNAP,RNAP,1.0
717,179.25,mRNA,tetA,2.0
718,179.5,topo,topoI,0.25
718,179.5,topo,gyrase,0.25
718,179.5,RNAP,RNAP,1.0
718,179.5,mRNA,tetA,2.0
719,179.75,topo,topoI,0.25
719,179.75,topo,gyrase,0.25
719,179.75,RNAP,RNAP,1.0
719,179.75,mRNA,tetA,2.0
720,180.0,topo,topoI,0.25
720,180.0,topo,gyrase,0.25
720,180.0,RNAP,RNAP,1.0
720,180.0,mRNA,tetA,2.0
721,180.25,topo,topoI,0.25
721,180.25,topo,gyrase,0.25
721,180.25,RNAP,RNAP,1.0
721,180.25,mRNA,tetA,2.0
722,180.5,topo,topoI,0.25
722,180.5,topo,gyrase,0.25
722,180.5,RNAP,RNAP,1.0
722,180.5,mRNA,tetA,2.0
723,180.75,topo,topoI,0.25
723,180.75,topo,gyrase,0.25
723,180.75,RNAP,RNAP,1.0
723,180.75,mRNA,tetA,2.0
724,181.0,topo,topoI,0.25
724,181.0,topo,gyrase,0.25
724,181.0,RNAP,RNAP,1.0
724,181.0,mRNA,tetA,2.0
725,181.25,topo,topoI,0.25
725,181.25,topo,gyrase,0.25
725,181.25,RNAP,RNAP,1.0
725,181.25,mRNA,tetA,2.0
726,181.5,topo,topoI,0.25
726,181.5,topo,gyrase,0.25
726,181.5,RNAP,RNAP,1.0
726,181.5,mRNA,tetA,2.0
727,181.75,topo,topoI,0.25
727,181.75,topo,gyrase,0.25
727,181.75,RNAP,RNAP,1.0
727,181.75,mRNA,tetA,2.0
728,182.0,topo,topoI,0.25
728,182.0,topo,gyrase,0.25
728,182.0,RNAP,RNAP,1.0
728,182.0,mRNA,tetA,2.0
729,182.25,topo,topoI,0.25
729,182.25,topo,gyrase,0.25
729,182.25,RNAP,RNAP,1.0
729,182.25,mRNA,tetA,2.0
730,182.5,topo,topoI,0.25
730,182.5,topo,gyrase,0.25
730,182.5,RNAP,RNAP,1.0
730,182.5,mRNA,tetA,2.0
731,182.75,topo,topoI,0.25
731,182.75,topo,gyrase,0.25
731,182.75,RNAP,RNAP,1.0
731,182.75,mRNA,tetA,2.0
732,183.0,topo,topoI,0.25
732,183.0,topo,gyrase,0.25
732,183.0,RNAP,RNAP,1.0
732,183.0,mRNA,tetA,2.0
733,183.25,topo,topoI,0.25
733,183.25,topo,gyrase,0.25
733,183.25,RNAP,RNAP,1.0
733,183.25,mRNA,tetA,2.0
734,183.5,topo,topoI,0.25
734,183.5,topo,gyrase,0.25
734,183.5,RNAP,RNAP,1.0
734,183.5,mRNA,tetA,2.0
735,183.75,topo,topoI,0.25
735,183.75,topo,gyrase,0.25
735,183.75,RNAP,RNAP,1.0
735,183.75,mRNA,tetA,2.0
736,184.0,topo,topoI,0.25
736,184.0,topo,gyrase,0.25
736,184.0,RNAP,RNAP,1.0
736,184.0,mRNA,tetA,3.0
737,184.25,topo,topoI,0.25
737,184.25,topo,gyrase,0.25
737,184.25,RNAP,RNAP,1.0
737,184.25,mRNA,tetA,3.0
738,184.5,topo,topoI,0.25
738,184.5,topo,gyrase,0.25
738,184.5,RNAP,RNAP,1.0
738,184.5,mRNA,tetA,3.0
739,184.75,topo,topoI,0.25
739,184.75,topo,gyrase,0.25
739,184.75,RNAP,RNAP,1.0
739,184.75,mRNA,tetA,3.0
740,185.0,topo,topoI,0.25
740,185.0,topo,gyrase,0.25
740,185.0,RNAP,RNAP,1.0
740,185.0,mRNA,tetA,3.0
741,185.25,topo,topoI,0.25
741,185.25,topo,gyrase,0.25
741,185.25,RNAP,RNAP,1.0
741,185.25,mRNA,tetA,3.0
742,185.5,topo,topoI,0.25
742,185.5,topo,gyrase,0.25
742,185.5,RNAP,RNAP,1.0
742,185.5,mRNA,tetA,3.0
743,185.75,topo,topoI,0.25
743,185.75,topo,gyrase,0.25
743,185.75,RNAP,RNAP,1.0
743,185.75,mRNA,tetA,3.0
744,186.0,topo,topoI,0.25
744,186.0,topo,gyrase,0.25
744,186.0,RNAP,RNAP,1.0
744,186.0,mRNA,tetA,3.0
745,186.25,topo,topoI,0.25
745,186.25,topo,gyrase,0.25
745,186.25,RNAP,RNAP,1.0
745,186.25,mRNA,tetA,3.0
746,186.5,topo,topoI,0.25
746,186.5,topo,gyrase,0.25
746,186.5,RNAP,RNAP,1.0
746,186.5,mRNA,tetA,3.0
747,186.75,topo,topoI,0.25
747,186.75,topo,gyrase,0.25
747,186.75,RNAP,RNAP,1.0
747,186.75,mRNA,tetA,3.0
748,187.0,topo,topoI,0.25
748,187.0,topo,gyrase,0.25
748,187.0,RNAP,RNAP,1.0
748,187.0,mRNA,tetA,3.0
749,187.25,topo,topoI,0.25
749,187.25,topo,gyrase,0.25
749,187.25,RNAP,RNAP,1.0
749,187.25,mRNA,tetA,3.0
750,187.5,topo,topoI,0.25
750,187.5,topo,gyrase,0.25
750,187.5,RNAP,RNAP,1.0
750,187.5,mRNA,tetA,3.0
751,187.75,topo,topoI,0.25
751,187.75,topo,gyrase,0.25
751,187.75,RNAP,RNAP,1.0
751,187.75,mRNA,tetA,4.0
752,188.0,topo,topoI,0.25
752,188.0,topo,gyrase,0.25
752,188.0,RNAP,RNAP,1.0
752,188.0,mRNA,tetA,4.0
753,188.25,topo,topoI,0.25
753,188.25,topo,gyrase,0.25
753,188.25,RNAP,RNAP,1.0
753,188.25,mRNA,tetA,4.0
754,188.5,topo,topoI,0.25
754,188.5,topo,gyrase,0.25
754,188.5,RNAP,RNAP,1.0
754,188.5,mRNA,tetA,4.0
755,188.75,topo,topoI,0.25
755,188.75,topo,gyrase,0.25
755,188.75,RNAP,RNAP,1.0
755,188.75,mRNA,tetA,4.0
756,189.0,topo,topoI,0.25
756,189.0,topo,gyrase,0.25
756,189.0,RNAP,RNAP,1.0
756,189.0,mRNA,tetA,4.0
757,189.25,topo,topoI,0.25
757,189.25,topo,gyrase,0.25
757,189.25,RNAP,RNAP,1.0
757,189.25,mRNA,tetA,4.0
758,189.5,topo,topoI,0.25
758,189.5,topo,gyrase,0.25
758,189.5,RNAP,RNAP,1.0
758,189.5,mRNA,tetA,4.0
759,189.75,topo,topoI,0.25
759,189.75,topo,gyrase,0.25
759,189.75,RNAP,RNAP,1.0
759,189.75,mRNA,tetA,4.0
760,190.0,topo,topoI,0.25
760,190.0,topo,gyrase,0.25
760,190.0,RNAP,RNAP,1.0
760,190.0,mRNA,tetA,4.0
761,190.25,topo,topoI,0.25
761,190.25,topo,gyrase,0.25
761,190.25,RNAP,RNAP,1.0
761,190.25,mRNA,tetA,4.0
762,190.5,topo,topoI,0.25
762,190.5,topo,gyrase,0.25
762,190.5,RNAP,RNAP,1.0
762,190.5,mRNA,tetA,4.0
763,190.75,topo,topoI,0.25
763,190.75,topo,gyrase,0.25
763,190.75,RNAP,RNAP,1.0
763,190.75,mRNA,tetA,4.0
764,191.0,topo,topoI,0.25
764,191.0,topo,gyrase,0.25
764,191.0,RNAP,RNAP,1.0
764,191.0,mRNA,tetA,4.0
765,191.25,topo,topoI,0.25
765,191.25,topo,gyrase,0.25
765,191.25,RNAP,RNAP,1.0
765,191.25,mRNA,tetA,4.0
766,191.5,topo,topoI,0.25
766,191.5,topo,gyrase,0.25
766,191.5,RNAP,RNAP,1.0
766,191.5,mRNA,tetA,4.0
767,191.75,topo,topoI,0.25
767,191.75,topo,gyrase,0.25
767,191.75,RNAP,RNAP,1.0
767,191.75,mRNA,tetA,4.0
768,192.0,topo,topoI,0.25
768,192.0,topo,gyrase,0.25
768,192.0,RNAP,RNAP,1.0
768,192.0,mRNA,tetA,4.0
769,192.25,topo,topoI,0.25
769,192.25,topo,gyrase,0.25
769,192.25,RNAP,RNAP,1.0
769,192.25,mRNA,tetA,4.0
770,192.5,topo,topoI,0.25
770,192.5,topo,gyrase,0.25
770,192.5,RNAP,RNAP,1.0
770,192.5,mRNA,tetA,4.0
771,192.75,topo,topoI,0.25
771,192.75,topo,gyrase,0.25
771,192.75,RNAP,RNAP,1.0
771,192.75,mRNA,tetA,4.0
772,193.0,topo,topoI,0.25
772,193.0,topo,gyrase,0.25
772,193.0,RNAP,RNAP,1.0
772,193.0,mRNA,tetA,4.0
773,193.25,topo,topoI,0.25
773,193.25,topo,gyrase,0.25
773,193.25,RNAP,RNAP,1.0
773,193.25,mRNA,tetA,4.0
774,193.5,topo,topoI,0.25
774,193.5,topo,gyrase,0.25
774,193.5,RNAP,RNAP,1.0
774,193.5,mRNA,tetA,4.0
775,193.75,topo,topoI,0.25
775,193.75,topo,gyrase,0.25
775,193.75,RNAP,RNAP,1.0
775,193.75,mRNA,tetA,4.0
776,194.0,topo,topoI,0.25
776,194.0,topo,gyrase,0.25
776,194.0,RNAP,RNAP,1.0
776,194.0,mRNA,tetA,4.0
777,194.25,topo,topoI,0.25
777,194.25,topo,gyrase,0.25
777,194.25,RNAP,RNAP,1.0
777,194.25,mRNA,tetA,4.0
778,194.5,topo,topoI,0.25
778,194.5,topo,gyrase,0.25
778,194.5,RNAP,RNAP,1.0
778,194.5,mRNA,tetA,4.0
779,194.75,topo,topoI,0.25
779,194.75,topo,gyrase,0.25
779,194.75,RNAP,RNAP,1.0
779,194.75,mRNA,tetA,4.0
780,195.0,topo,topoI,0.25
780,195.0,topo,gyrase,0.25
780,195.0,RNAP,RNAP,1.0
780,195.0,mRNA,tetA,4.0
781,195.25,topo,topoI,0.25
781,195.25,topo,gyrase,0.25
781,195.25,RNAP,RNAP,1.0
781,195.25,mRNA,tetA,4.0
782,195.5,topo,topoI,0.25
782,195.5,topo,gyrase,0.25
782,195.5,RNAP,RNAP,1.0
782,195.5,mRNA,tetA,4.0
783,195.75,topo,topoI,0.25
783,195.75,topo,gyrase,0.25
783,195.75,RNAP,RNAP,1.0
783,195.75,mRNA,tetA,4.0
784,196.0,topo,topoI,0.25
784,196.0,topo,gyrase,0.25
784,196.0,RNAP,RNAP,1.0
784,196.0,mRNA,tetA,4.0
785,196.25,topo,topoI,0.25
785,196.25,topo,gyrase,0.25
785,196.25,RNAP,RNAP,1.0
785,196.25,mRNA,tetA,4.0
786,196.5,topo,topoI,0.25
786,196.5,topo,gyrase,0.25
786,196.5,RNAP,RNAP,1.0
786,196.5,mRNA,tetA,4.0
786,196.5,mRNA,Raspberry,1.0
787,196.75,topo,topoI,0.25
787,196.75,topo,gyrase,0.25
787,196.75,RNAP,RNAP,1.0
787,196.75,mRNA,tetA,4.0
787,196.75,mRNA,Raspberry,1.0
788,197.0,topo,topoI,0.25
788,197.0,topo,gyrase,0.25
788,197.0,RNAP,RNAP,1.0
788,197.0,mRNA,tetA,4.0
788,197.0,mRNA,Raspberry,1.0
789,197.25,topo,topoI,0.25
789,197.25,topo,gyrase,0.25
789,197.25,RNAP,RNAP,1.0
789,197.25,mRNA,tetA,4.0
789,197.25,mRNA,Raspberry,1.0
790,197.5,topo,topoI,0.25
790,197.5,topo,gyrase,0.25
790,197.5,RNAP,RNAP,1.0
790,197.5,mRNA,tetA,4.0
790,197.5,mRNA,Raspberry,1.0
791,197.75,topo,topoI,0.25
791,197.75,topo,gyrase,0.25
791,197.75,RNAP,RNAP,1.0
791,197.75,mRNA,tetA,4.0
791,197.75,mRNA,Raspberry,1.0
792,198.0,topo,topoI,0.25
792,198.0,topo,gyrase,0.25
792,198.0,RNAP,RNAP,1.0
792,198.0,mRNA,tetA,4.0
792,198.0,mRNA,Raspberry,1.0
793,198.25,topo,topoI,0.25
793,198.25,topo,gyrase,0.25
793,198.25,RNAP,RNAP,1.0
793,198.25,mRNA,tetA,4.0
793,198.25,mRNA,Raspberry,1.0
794,198.5,topo,topoI,0.25
794,198.5,topo,gyrase,0.25
794,198.5,RNAP,RNAP,1.0
794,198.5,mRNA,tetA,4.0
794,198.5,mRNA,Raspberry,1.0
795,198.75,topo,topoI,0.25
795,198.75,topo,gyrase,0.25
795,198.75,RNAP,RNAP,1.0
795,198.75,mRNA,tetA,4.0
795,198.75,mRNA,Raspberry,1.0
796,199.0,topo,topoI,0.25
796,199.0,topo,gyrase,0.25
796,199.0,RNAP,RNAP,1.0
796,199.0,mRNA,tetA,4.0
796,199.0,mRNA,Raspberry,1.0
797,199.25,topo,topoI,0.25
797,199.25,topo,gyrase,0.25
797,199.25,RNAP,RNAP,1.0
797,199.25,mRNA,tetA,4.0
797,199.25,mRNA,Raspberry,1.0
798,199.5,topo,topoI,0.25
798,199.5,topo,gyrase,0.25
798,199.5,RNAP,RNAP,1.0
798,199.5,mRNA,tetA,4.0
798,199.5,mRNA,Raspberry,1.0
799,199.75,topo,topoI,0.25
799,199.75,topo,gyrase,0.25
799,199.75,RNAP,RNAP,1.0
799,199.75,mRNA,tetA,4.0
799,199.75,mRNA,Raspberry,1.0
800,200.0,topo,topoI,0.25
800,200.0,topo,gyrase,0.25
800,200.0,RNAP,RNAP,1.0
800,200.0,mRNA,tetA,4.0
800,200.0,mRNA,Raspberry,1.0
801,200.25,topo,topoI,0.25
801,200.25,topo,gyrase,0.25
801,200.25,RNAP,RNAP,1.0
801,200.25,mRNA,tetA,4.0
801,200.25,mRNA,Raspberry,1.0
802,200.5,topo,topoI,0.25
802,200.5,topo,gyrase,0.25
802,200.5,RNAP,RNAP,1.0
802,200.5,mRNA,tetA,4.0
802,200.5,mRNA,Raspberry,1.0
803,200.75,topo,topoI,0.25
803,200.75,topo,gyrase,0.25
803,200.75,RNAP,RNAP,1.0
803,200.75,mRNA,tetA,4.0
803,200.75,mRNA,Raspberry,1.0
804,201.0,topo,topoI,0.25
804,201.0,topo,gyrase,0.25
804,201.0,RNAP,RNAP,1.0
804,201.0,mRNA,tetA,4.0
804,201.0,mRNA,Raspberry,1.0
805,201.25,topo,topoI,0.25
805,201.25,topo,gyrase,0.25
805,201.25,RNAP,RNAP,1.0
805,201.25,mRNA,tetA,4.0
805,201.25,mRNA,Raspberry,1.0
805,201.25,mRNA,mKalama1,1.0
806,201.5,topo,topoI,0.25
806,201.5,topo,gyrase,0.25
806,201.5,RNAP,RNAP,1.0
806,201.5,mRNA,tetA,4.0
806,201.5,mRNA,Raspberry,1.0
806,201.5,mRNA,mKalama1,1.0
807,201.75,topo,topoI,0.25
807,201.75,topo,gyrase,0.25
807,201.75,RNAP,RNAP,1.0
807,201.75,mRNA,tetA,4.0
807,201.75,mRNA,Raspberry,1.0
807,201.75,mRNA,mKalama1,1.0
808,202.0,topo,topoI,0.25
808,202.0,topo,gyrase,0.25
808,202.0,RNAP,RNAP,1.0
808,202.0,mRNA,tetA,4.0
808,202.0,mRNA,Raspberry,1.0
808,202.0,mRNA,mKalama1,1.0
809,202.25,topo,topoI,0.25
809,202.25,topo,gyrase,0.25
809,202.25,RNAP,RNAP,1.0
809,202.25,mRNA,tetA,4.0
809,202.25,mRNA,Raspberry,1.0
809,202.25,mRNA,mKalama1,1.0
810,202.5,topo,topoI,0.25
810,202.5,topo,gyrase,0.25
810,202.5,RNAP,RNAP,1.0
810,202.5,mRNA,tetA,4.0
810,202.5,mRNA,Raspberry,1.0
810,202.5,mRNA,mKalama1,1.0
811,202.75,topo,topoI,0.25
811,202.75,topo,gyrase,0.25
811,202.75,RNAP,RNAP,1.0
811,202.75,mRNA,tetA,4.0
811,202.75,mRNA,Raspberry,1.0
811,202.75,mRNA,mKalama1,1.0
812,203.0,topo,topoI,0.25
812,203.0,topo,gyrase,0.25
812,203.0,RNAP,RNAP,1.0
812,203.0,mRNA,tetA,4.0
812,203.0,mRNA,Raspberry,1.0
812,203.0,mRNA,mKalama1,1.0
813,203.25,topo,topoI,0.25
813,203.25,topo,gyrase,0.25
813,203.25,RNAP,RNAP,1.0
813,203.25,mRNA,tetA,4.0
813,203.25,mRNA,Raspberry,1.0
813,203.25,mRNA,mKalama1,1.0
814,203.5,topo,topoI,0.25
814,203.5,topo,gyrase,0.25
814,203.5,RNAP,RNAP,1.0
814,203.5,mRNA,tetA,4.0
814,203.5,mRNA,Raspberry,1.0
814,203.5,mRNA,mKalama1,1.0
815,203.75,topo,topoI,0.25
815,203.75,topo,gyrase,0.25
815,203.75,RNAP,RNAP,1.0
815,203.75,mRNA,tetA,4.0
815,203.75,mRNA,Raspberry,1.0
815,203.75,mRNA,mKalama1,1.0
816,204.0,topo,topoI,0.25
816,204.0,topo,gyrase,0.25
816,204.0,RNAP,RNAP,1.0
816,204.0,mRNA,tetA,4.0
816,204.0,mRNA,Raspberry,1.0
816,204.0,mRNA,mKalama1,1.0
817,204.25,topo,topoI,0.25
817,204.25,topo,gyrase,0.25
817,204.25,RNAP,RNAP,1.0
817,204.25,mRNA,tetA,4.0
817,204.25,mRNA,Raspberry,1.0
817,204.25,mRNA,mKalama1,1.0
818,204.5,topo,topoI,0.25
818,204.5,topo,gyrase,0.25
818,204.5,RNAP,RNAP,1.0
818,204.5,mRNA,tetA,4.0
818,204.5,mRNA,Raspberry,1.0
818,204.5,mRNA,mKalama1,1.0
819,204.75,topo,topoI,0.25
819,204.75,topo,gyrase,0.25
819,204.75,RNAP,RNAP,1.0
819,204.75,mRNA,tetA,4.0
819,204.75,mRNA,Raspberry,1.0
819,204.75,mRNA,mKalama1,1.0
820,205.0,topo,topoI,0.25
820,205.0,topo,gyrase,0.25
820,205.0,RNAP,RNAP,1.0
820,205.0,mRNA,tetA,4.0
820,205.0,mRNA,Raspberry,1.0
820,205.0,mRNA,mKalama1,1.0
821,205.25,topo,topoI,0.25
821,205.25,topo,gyrase,0.25
821,205.25,RNAP,RNAP,1.0
821,205.25,mRNA,tetA,4.0
821,205.25,mRNA,Raspberry,1.0
821,205.25,mRNA,mKalama1,1.0
822,205.5,topo,topoI,0.25
822,205.5,topo,gyrase,0.25
822,205.5,RNAP,RNAP,1.0
822,205.5,mRNA,tetA,4.0
822,205.5,mRNA,Raspberry,1.0
822,205.5,mRNA,mKalama1,1.0
823,205.75,topo,topoI,0.25
823,205.75,topo,gyrase,0.25
823,205.75,RNAP,RNAP,1.0
823,205.75,mRNA,tetA,4.0
823,205.75,mRNA,Raspberry,1.0
823,205.75,mRNA,mKalama1,1.0
824,206.0,topo,topoI,0.25
824,206.0,topo,gyrase,0.25
824,206.0,RNAP,RNAP,1.0
824,206.0,mRNA,tetA,4.0
824,206.0,mRNA,Raspberry,1.0
824,206.0,mRNA,mKalama1,1.0
825,206.25,topo,topoI,0.25
825,206.25,topo,gyrase,0.25
825,206.25,RNAP,RNAP,1.0
825,206.25,mRNA,tetA,4.0
825,206.25,mRNA,Raspberry,1.0
825,206.25,mRNA,mKalama1,1.0
826,206.5,topo,topoI,0.25
826,206.5,topo,gyrase,0.25
826,206.5,RNAP,RNAP,1.0
826,206.5,mRNA,tetA,4.0
826,206.5,mRNA,Raspberry,1.0
826,206.5,mRNA,mKalama1,1.0
827,206.75,topo,topoI,0.25
827,206.75,topo,gyrase,0.25
827,206.75,RNAP,RNAP,1.0
827,206.75,mRNA,tetA,4.0
827,206.75,mRNA,Raspberry,1.0
827,206.75,mRNA,mKalama1,1.0
828,207.0,topo,topoI,0.25
828,207.0,topo,gyrase,0.25
828,207.0,RNAP,RNAP,1.0
828,207.0,mRNA,tetA,4.0
828,207.0,mRNA,Raspberry,1.0
828,207.0,mRNA,mKalama1,1.0
829,207.25,topo,topoI,0.25
829,207.25,topo,gyrase,0.25
829,207.25,RNAP,RNAP,1.0
829,207.25,mRNA,tetA,4.0
829,207.25,mRNA,Raspberry,1.0
829,207.25,mRNA,mKalama1,1.0
830,207.5,topo,topoI,0.25
830,207.5,topo,gyrase,0.25
830,207.5,RNAP,RNAP,1.0
830,207.5,mRNA,tetA,4.0
830,207.5,mRNA,Raspberry,1.0
830,207.5,mRNA,mKalama1,1.0
831,207.75,topo,topoI,0.25
831,207.75,topo,gyrase,0.25
831,207.75,RNAP,RNAP,1.0
831,207.75,mRNA,tetA,4.0
831,207.75,mRNA,Raspberry,1.0
831,207.75,mRNA,mKalama1,1.0
832,208.0,topo,topoI,0.25
832,208.0,topo,gyrase,0.25
832,208.0,RNAP,RNAP,1.0
832,208.0,mRNA,tetA,4.0
832,208.0,mRNA,Raspberry,1.0
832,208.0,mRNA,mKalama1,1.0
833,208.25,topo,topoI,0.25
833,208.25,topo,gyrase,0.25
833,208.25,RNAP,RNAP,1.0
833,208.25,mRNA,tetA,4.0
833,208.25,mRNA,Raspberry,1.0
833,208.25,mRNA,mKalama1,1.0
834,208.5,topo,topoI,0.25
834,208.5,topo,gyrase,0.25
834,208.5,RNAP,RNAP,1.0
834,208.5,mRNA,tetA,4.0
834,208.5,mRNA,Raspberry,1.0
834,208.5,mRNA,mKalama1,1.0
835,208.75,topo,topoI,0.25
835,208.75,topo,gyrase,0.25
835,208.75,RNAP,RNAP,1.0
835,208.75,mRNA,tetA,4.0
835,208.75,mRNA,Raspberry,1.0
835,208.75,mRNA,mKalama1,1.0
836,209.0,topo,topoI,0.25
836,209.0,topo,gyrase,0.25
836,209.0,RNAP,RNAP,1.0
836,209.0,mRNA,tetA,4.0
836,209.0,mRNA,Raspberry,1.0
836,209.0,mRNA,mKalama1,1.0
837,209.25,topo,topoI,0.25
837,209.25,topo,gyrase,0.25
837,209.25,RNAP,RNAP,1.0
837,209.25,mRNA,tetA,4.0
837,209.25,mRNA,Raspberry,1.0
837,209.25,mRNA,mKalama1,1.0
838,209.5,topo,topoI,0.25
838,209.5,topo,gyrase,0.25
838,209.5,RNAP,RNAP,1.0
838,209.5,mRNA,tetA,4.0
838,209.5,mRNA,Raspberry,1.0
838,209.5,mRNA,mKalama1,1.0
839,209.75,topo,topoI,0.25
839,209.75,topo,gyrase,0.25
839,209.75,RNAP,RNAP,1.0
839,209.75,mRNA,tetA,4.0
839,209.75,mRNA,Raspberry,1.0
839,209.75,mRNA,mKalama1,1.0
840,210.0,topo,topoI,0.25
840,210.0,topo,gyrase,0.25
840,210.0,RNAP,RNAP,1.0
840,210.0,mRNA,tetA,4.0
840,210.0,mRNA,Raspberry,1.0
840,210.0,mRNA,mKalama1,1.0
841,210.25,topo,topoI,0.25
841,210.25,topo,gyrase,0.25
841,210.25,RNAP,RNAP,1.0
841,210.25,mRNA,tetA,4.0
841,210.25,mRNA,Raspberry,1.0
841,210.25,mRNA,mKalama1,1.0
842,210.5,topo,topoI,0.25
842,210.5,topo,gyrase,0.25
842,210.5,RNAP,RNAP,1.0
842,210.5,mRNA,tetA,4.0
842,210.5,mRNA,Raspberry,1.0
842,210.5,mRNA,mKalama1,1.0
843,210.75,topo,topoI,0.25
843,210.75,topo,gyrase,0.25
843,210.75,RNAP,RNAP,1.0
843,210.75,mRNA,tetA,4.0
843,210.75,mRNA,Raspberry,1.0
843,210.75,mRNA,mKalama1,1.0
844,211.0,topo,topoI,0.25
844,211.0,topo,gyrase,0.25
844,211.0,RNAP,RNAP,1.0
844,211.0,mRNA,tetA,4.0
844,211.0,mRNA,Raspberry,1.0
844,211.0,mRNA,mKalama1,1.0
845,211.25,topo,topoI,0.25
845,211.25,topo,gyrase,0.25
845,211.25,RNAP,RNAP,1.0
845,211.25,mRNA,tetA,4.0
845,211.25,mRNA,Raspberry,1.0
845,211.25,mRNA,mKalama1,1.0
846,211.5,topo,topoI,0.25
846,211.5,topo,gyrase,0.25
846,211.5,RNAP,RNAP,1.0
846,211.5,mRNA,tetA,4.0
846,211.5,mRNA,Raspberry,1.0
846,211.5,mRNA,mKalama1,1.0
847,211.75,topo,topoI,0.25
847,211.75,topo,gyrase,0.25
847,211.75,RNAP,RNAP,1.0
847,211.75,mRNA,tetA,4.0
847,211.75,mRNA,Raspberry,1.0
847,211.75,mRNA,mKalama1,1.0
848,212.0,topo,topoI,0.25
848,212.0,topo,gyrase,0.25
848,212.0,RNAP,RNAP,1.0
848,212.0,mRNA,tetA,4.0
848,212.0,mRNA,Raspberry,1.0
848,212.0,mRNA,mKalama1,1.0
849,212.25,topo,topoI,0.25
849,212.25,topo,gyrase,0.25
849,212.25,RNAP,RNAP,1.0
849,212.25,mRNA,tetA,4.0
849,212.25,mRNA,Raspberry,1.0
849,212.25,mRNA,mKalama1,1.0
850,212.5,topo,topoI,0.25
850,212.5,topo,gyrase,0.25
850,212.5,RNAP,RNAP,1.0
850,212.5,mRNA,tetA,4.0
850,212.5,mRNA,Raspberry,1.0
850,212.5,mRNA,mKalama1,1.0
851,212.75,topo,topoI,0.25
851,212.75,topo,gyrase,0.25
851,212.75,RNAP,RNAP,1.0
851,212.75,mRNA,tetA,4.0
851,212.75,mRNA,Raspberry,1.0
851,212.75,mRNA,mKalama1,1.0
852,213.0,topo,topoI,0.25
852,213.0,topo,gyrase,0.25
852,213.0,RNAP,RNAP,1.0
852,213.0,mRNA,tetA,4.0
852,213.0,mRNA,Raspberry,1.0
852,213.0,mRNA,mKalama1,1.0
853,213.25,topo,topoI,0.25
853,213.25,topo,gyrase,0.25
853,213.25,RNAP,RNAP,1.0
853,213.25,mRNA,tetA,4.0
853,213.25,mRNA,Raspberry,1.0
853,213.25,mRNA,mKalama1,1.0
854,213.5,topo,topoI,0.25
854,213.5,topo,gyrase,0.25
854,213.5,RNAP,RNAP,1.0
854,213.5,mRNA,tetA,4.0
854,213.5,mRNA,Raspberry,1.0
854,213.5,mRNA,mKalama1,1.0
855,213.75,topo,topoI,0.25
855,213.75,topo,gyrase,0.25
855,213.75,RNAP,RNAP,1.0
855,213.75,mRNA,tetA,4.0
855,213.75,mRNA,Raspberry,1.0
855,213.75,mRNA,mKalama1,1.0
856,214.0,topo,topoI,0.25
856,214.0,topo,gyrase,0.25
856,214.0,RNAP,RNAP,1.0
856,214.0,mRNA,tetA,4.0
856,214.0,mRNA,Raspberry,1.0
856,214.0,mRNA,mKalama1,1.0
857,214.25,topo,topoI,0.25
857,214.25,topo,gyrase,0.25
857,214.25,RNAP,RNAP,1.0
857,214.25,mRNA,tetA,4.0
857,214.25,mRNA,Raspberry,1.0
857,214.25,mRNA,mKalama1,1.0
858,214.5,topo,topoI,0.25
858,214.5,topo,gyrase,0.25
858,214.5,RNAP,RNAP,1.0
858,214.5,mRNA,tetA,4.0
858,214.5,mRNA,Raspberry,1.0
858,214.5,mRNA,mKalama1,1.0
859,214.75,topo,topoI,0.25
859,214.75,topo,gyrase,0.25
859,214.75,RNAP,RNAP,1.0
859,214.75,mRNA,tetA,4.0
859,214.75,mRNA,Raspberry,1.0
859,214.75,mRNA,mKalama1,1.0
860,215.0,topo,topoI,0.25
860,215.0,topo,gyrase,0.25
860,215.0,RNAP,RNAP,1.0
860,215.0,mRNA,tetA,4.0
860,215.0,mRNA,Raspberry,1.0
860,215.0,mRNA,mKalama1,1.0
861,215.25,topo,topoI,0.25
861,215.25,topo,gyrase,0.25
861,215.25,RNAP,RNAP,1.0
861,215.25,mRNA,tetA,4.0
861,215.25,mRNA,Raspberry,1.0
861,215.25,mRNA,mKalama1,1.0
862,215.5,topo,topoI,0.25
862,215.5,topo,gyrase,0.25
862,215.5,RNAP,RNAP,1.0
862,215.5,mRNA,tetA,4.0
862,215.5,mRNA,Raspberry,1.0
862,215.5,mRNA,mKalama1,1.0
863,215.75,topo,topoI,0.25
863,215.75,topo,gyrase,0.25
863,215.75,RNAP,RNAP,1.0
863,215.75,mRNA,tetA,4.0
863,215.75,mRNA,Raspberry,1.0
863,215.75,mRNA,mKalama1,1.0
864,216.0,topo,topoI,0.25
864,216.0,topo,gyrase,0.25
864,216.0,RNAP,RNAP,1.0
864,216.0,mRNA,tetA,4.0
864,216.0,mRNA,Raspberry,1.0
864,216.0,mRNA,mKalama1,1.0
865,216.25,topo,topoI,0.25
865,216.25,topo,gyrase,0.25
865,216.25,RNAP,RNAP,1.0
865,216.25,mRNA,tetA,4.0
865,216.25,mRNA,Raspberry,1.0
865,216.25,mRNA,mKalama1,1.0
866,216.5,topo,topoI,0.25
866,216.5,topo,gyrase,0.25
866,216.5,RNAP,RNAP,1.0
866,216.5,mRNA,tetA,4.0
866,216.5,mRNA,Raspberry,1.0
866,216.5,mRNA,mKalama1,1.0
867,216.75,topo,topoI,0.25
867,216.75,topo,gyrase,0.25
867,216.75,RNAP,RNAP,1.0
867,216.75,mRNA,tetA,4.0
867,216.75,mRNA,Raspberry,1.0
867,216.75,mRNA,mKalama1,1.0
868,217.0,topo,topoI,0.25
868,217.0,topo,gyrase,0.25
868,217.0,RNAP,RNAP,1.0
868,217.0,mRNA,tetA,4.0
868,217.0,mRNA,Raspberry,1.0
868,217.0,mRNA,mKalama1,1.0
869,217.25,topo,topoI,0.25
869,217.25,topo,gyrase,0.25
869,217.25,RNAP,RNAP,1.0
869,217.25,mRNA,tetA,4.0
869,217.25,mRNA,Raspberry,1.0
869,217.25,mRNA,mKalama1,1.0
870,217.5,topo,topoI,0.25
870,217.5,topo,gyrase,0.25
870,217.5,RNAP,RNAP,1.0
870,217.5,mRNA,tetA,4.0
870,217.5,mRNA,Raspberry,1.0
870,217.5,mRNA,mKalama1,1.0
871,217.75,topo,topoI,0.25
871,217.75,topo,gyrase,0.25
871,217.75,RNAP,RNAP,1.0
871,217.75,mRNA,tetA,4.0
871,217.75,mRNA,Raspberry,1.0
871,217.75,mRNA,mKalama1,1.0
872,218.0,topo,topoI,0.25
872,218.0,topo,gyrase,0.25
872,218.0,RNAP,RNAP,1.0
872,218.0,mRNA,tetA,4.0
872,218.0,mRNA,Raspberry,1.0
872,218.0,mRNA,mKalama1,1.0
873,218.25,topo,topoI,0.25
873,218.25,topo,gyrase,0.25
873,218.25,RNAP,RNAP,1.0
873,218.25,mRNA,tetA,4.0
873,218.25,mRNA,Raspberry,1.0
873,218.25,mRNA,mKalama1,1.0
874,218.5,topo,topoI,0.25
874,218.5,topo,gyrase,0.25
874,218.5,RNAP,RNAP,1.0
874,218.5,mRNA,tetA,4.0
874,218.5,mRNA,Raspberry,1.0
874,218.5,mRNA,mKalama1,1.0
875,218.75,topo,topoI,0.25
875,218.75,topo,gyrase,0.25
875,218.75,RNAP,RNAP,1.0
875,218.75,mRNA,tetA,4.0
875,218.75,mRNA,Raspberry,1.0
875,218.75,mRNA,mKalama1,1.0
876,219.0,topo,topoI,0.25
876,219.0,topo,gyrase,0.25
876,219.0,RNAP,RNAP,1.0
876,219.0,mRNA,tetA,4.0
876,219.0,mRNA,Raspberry,1.0
876,219.0,mRNA,mKalama1,1.0
877,219.25,topo,topoI,0.25
877,219.25,topo,gyrase,0.25
877,219.25,RNAP,RNAP,1.0
877,219.25,mRNA,tetA,4.0
877,219.25,mRNA,Raspberry,1.0
877,219.25,mRNA,mKalama1,1.0
878,219.5,topo,topoI,0.25
878,219.5,topo,gyrase,0.25
878,219.5,RNAP,RNAP,1.0
878,219.5,mRNA,tetA,4.0
878,219.5,mRNA,Raspberry,1.0
878,219.5,mRNA,mKalama1,1.0
879,219.75,topo,topoI,0.25
879,219.75,topo,gyrase,0.25
879,219.75,RNAP,RNAP,1.0
879,219.75,mRNA,tetA,4.0
879,219.75,mRNA,Raspberry,1.0
879,219.75,mRNA,mKalama1,1.0
880,220.0,topo,topoI,0.25
880,220.0,topo,gyrase,0.25
880,220.0,RNAP,RNAP,1.0
880,220.0,mRNA,tetA,4.0
880,220.0,mRNA,Raspberry,1.0
880,220.0,mRNA,mKalama1,1.0
881,220.25,topo,topoI,0.25
881,220.25,topo,gyrase,0.25
881,220.25,RNAP,RNAP,1.0
881,220.25,mRNA,tetA,4.0
881,220.25,mRNA,Raspberry,1.0
881,220.25,mRNA,mKalama1,1.0
882,220.5,topo,topoI,0.25
882,220.5,topo,gyrase,0.25
882,220.5,RNAP,RNAP,1.0
882,220.5,mRNA,tetA,4.0
882,220.5,mRNA,Raspberry,1.0
882,220.5,mRNA,mKalama1,1.0
883,220.75,topo,topoI,0.25
883,220.75,topo,gyrase,0.25
883,220.75,RNAP,RNAP,1.0
883,220.75,mRNA,tetA,4.0
883,220.75,mRNA,Raspberry,1.0
883,220.75,mRNA,mKalama1,1.0
884,221.0,topo,topoI,0.25
884,221.0,topo,gyrase,0.25
884,221.0,RNAP,RNAP,1.0
884,221.0,mRNA,tetA,4.0
884,221.0,mRNA,Raspberry,1.0
884,221.0,mRNA,mKalama1,1.0
885,221.25,topo,topoI,0.25
885,221.25,topo,gyrase,0.25
885,221.25,RNAP,RNAP,1.0
885,221.25,mRNA,tetA,4.0
885,221.25,mRNA,Raspberry,1.0
885,221.25,mRNA,mKalama1,1.0
886,221.5,topo,topoI,0.25
886,221.5,topo,gyrase,0.25
886,221.5,RNAP,RNAP,1.0
886,221.5,mRNA,tetA,4.0
886,221.5,mRNA,Raspberry,1.0
886,221.5,mRNA,mKalama1,1.0
887,221.75,topo,topoI,0.25
887,221.75,topo,gyrase,0.25
887,221.75,RNAP,RNAP,1.0
887,221.75,mRNA,tetA,4.0
887,221.75,mRNA,Raspberry,1.0
887,221.75,mRNA,mKalama1,1.0
888,222.0,topo,topoI,0.25
888,222.0,topo,gyrase,0.25
888,222.0,RNAP,RNAP,1.0
888,222.0,mRNA,tetA,4.0
888,222.0,mRNA,Raspberry,1.0
888,222.0,mRNA,mKalama1,1.0
889,222.25,topo,topoI,0.25
889,222.25,topo,gyrase,0.25
889,222.25,RNAP,RNAP,1.0
889,222.25,mRNA,tetA,4.0
889,222.25,mRNA,Raspberry,1.0
889,222.25,mRNA,mKalama1,1.0
890,222.5,topo,topoI,0.25
890,222.5,topo,gyrase,0.25
890,222.5,RNAP,RNAP,1.0
890,222.5,mRNA,tetA,4.0
890,222.5,mRNA,Raspberry,1.0
890,222.5,mRNA,mKalama1,1.0
891,222.75,topo,topoI,0.25
891,222.75,topo,gyrase,0.25
891,222.75,RNAP,RNAP,1.0
891,222.75,mRNA,tetA,4.0
891,222.75,mRNA,Raspberry,1.0
891,222.75,mRNA,mKalama1,1.0
892,223.0,topo,topoI,0.25
892,223.0,topo,gyrase,0.25
892,223.0,RNAP,RNAP,1.0
892,223.0,mRNA,tetA,4.0
892,223.0,mRNA,Raspberry,1.0
892,223.0,mRNA,mKalama1,1.0
893,223.25,topo,topoI,0.25
893,223.25,topo,gyrase,0.25
893,223.25,RNAP,RNAP,1.0
893,223.25,mRNA,tetA,4.0
893,223.25,mRNA,Raspberry,1.0
893,223.25,mRNA,mKalama1,1.0
894,223.5,topo,topoI,0.25
894,223.5,topo,gyrase,0.25
894,223.5,RNAP,RNAP,1.0
894,223.5,mRNA,tetA,4.0
894,223.5,mRNA,Raspberry,1.0
894,223.5,mRNA,mKalama1,1.0
895,223.75,topo,topoI,0.25
895,223.75,topo,gyrase,0.25
895,223.75,RNAP,RNAP,1.0
895,223.75,mRNA,tetA,4.0
895,223.75,mRNA,Raspberry,1.0
895,223.75,mRNA,mKalama1,1.0
896,224.0,topo,topoI,0.25
896,224.0,topo,gyrase,0.25
896,224.0,RNAP,RNAP,1.0
896,224.0,mRNA,tetA,4.0
896,224.0,mRNA,Raspberry,1.0
896,224.0,mRNA,mKalama1,1.0
897,224.25,topo,topoI,0.25
897,224.25,topo,gyrase,0.25
897,224.25,RNAP,RNAP,1.0
897,224.25,mRNA,tetA,4.0
897,224.25,mRNA,Raspberry,1.0
897,224.25,mRNA,mKalama1,1.0
898,224.5,topo,topoI,0.25
898,224.5,topo,gyrase,0.25
898,224.5,RNAP,RNAP,1.0
898,224.5,mRNA,tetA,4.0
898,224.5,mRNA,Raspberry,1.0
898,224.5,mRNA,mKalama1,1.0
899,224.75,topo,topoI,0.25
899,224.75,topo,gyrase,0.25
899,224.75,RNAP,RNAP,1.0
899,224.75,mRNA,tetA,4.0
899,224.75,mRNA,Raspberry,1.0
899,224.75,mRNA,mKalama1,1.0
900,225.0,topo,topoI,0.25
900,225.0,topo,gyrase,0.25
900,225.0,RNAP,RNAP,1.0
900,225.0,mRNA,tetA,4.0
900,225.0,mRNA,Raspberry,1.0
900,225.0,mRNA,mKalama1,1.0
901,225.25,topo,topoI,0.25
901,225.25,topo,gyrase,0.25
901,225.25,RNAP,RNAP,1.0
901,225.25,mRNA,tetA,4.0
901,225.25,mRNA,Raspberry,1.0
901,225.25,mRNA,mKalama1,1.0
902,225.5,topo,topoI,0.25
902,225.5,topo,gyrase,0.25
902,225.5,RNAP,RNAP,1.0
902,225.5,mRNA,tetA,4.0
902,225.5,mRNA,Raspberry,1.0
902,225.5,mRNA,mKalama1,1.0
903,225.75,topo,topoI,0.25
903,225.75,topo,gyrase,0.25
903,225.75,RNAP,RNAP,1.0
903,225.75,mRNA,tetA,4.0
903,225.75,mRNA,Raspberry,1.0
903,225.75,mRNA,mKalama1,1.0
904,226.0,topo,topoI,0.25
904,226.0,topo,gyrase,0.25
904,226.0,RNAP,RNAP,1.0
904,226.0,mRNA,tetA,4.0
904,226.0,mRNA,Raspberry,1.0
904,226.0,mRNA,mKalama1,1.0
905,226.25,topo,topoI,0.25
905,226.25,topo,gyrase,0.25
905,226.25,RNAP,RNAP,1.0
905,226.25,mRNA,tetA,4.0
905,226.25,mRNA,Raspberry,1.0
905,226.25,mRNA,mKalama1,1.0
906,226.5,topo,topoI,0.25
906,226.5,topo,gyrase,0.25
906,226.5,RNAP,RNAP,1.0
906,226.5,mRNA,tetA,4.0
906,226.5,mRNA,Raspberry,1.0
906,226.5,mRNA,mKalama1,1.0
907,226.75,topo,topoI,0.25
907,226.75,topo,gyrase,0.25
907,226.75,RNAP,RNAP,1.0
907,226.75,mRNA,tetA,4.0
907,226.75,mRNA,Raspberry,1.0
907,226.75,mRNA,mKalama1,1.0
908,227.0,topo,topoI,0.25
908,227.0,topo,gyrase,0.25
908,227.0,RNAP,RNAP,1.0
908,227.0,mRNA,tetA,4.0
908,227.0,mRNA,Raspberry,1.0
908,227.0,mRNA,mKalama1,1.0
909,227.25,topo,topoI,0.25
909,227.25,topo,gyrase,0.25
909,227.25,RNAP,RNAP,1.0
909,227.25,mRNA,tetA,4.0
909,227.25,mRNA,Raspberry,1.0
909,227.25,mRNA,mKalama1,1.0
910,227.5,topo,topoI,0.25
910,227.5,topo,gyrase,0.25
910,227.5,RNAP,RNAP,1.0
910,227.5,mRNA,tetA,4.0
910,227.5,mRNA,Raspberry,1.0
910,227.5,mRNA,mKalama1,1.0
911,227.75,topo,topoI,0.25
911,227.75,topo,gyrase,0.25
911,227.75,RNAP,RNAP,1.0
911,227.75,mRNA,tetA,4.0
911,227.75,mRNA,Raspberry,1.0
911,227.75,mRNA,mKalama1,1.0
912,228.0,topo,topoI,0.25
912,228.0,topo,gyrase,0.25
912,228.0,RNAP,RNAP,1.0
912,228.0,mRNA,tetA,4.0
912,228.0,mRNA,Raspberry,1.0
912,228.0,mRNA,mKalama1,1.0
913,228.25,topo,topoI,0.25
913,228.25,topo,gyrase,0.25
913,228.25,RNAP,RNAP,1.0
913,228.25,mRNA,tetA,4.0
913,228.25,mRNA,Raspberry,1.0
913,228.25,mRNA,mKalama1,1.0
914,228.5,topo,topoI,0.25
914,228.5,topo,gyrase,0.25
914,228.5,RNAP,RNAP,1.0
914,228.5,mRNA,tetA,4.0
914,228.5,mRNA,Raspberry,1.0
914,228.5,mRNA,mKalama1,1.0
915,228.75,topo,topoI,0.25
915,228.75,topo,gyrase,0.25
915,228.75,RNAP,RNAP,1.0
915,228.75,mRNA,tetA,4.0
915,228.75,mRNA,Raspberry,1.0
915,228.75,mRNA,mKalama1,1.0
916,229.0,topo,topoI,0.25
916,229.0,topo,gyrase,0.25
916,229.0,RNAP,RNAP,1.0
916,229.0,mRNA,tetA,4.0
916,229.0,mRNA,Raspberry,1.0
916,229.0,mRNA,mKalama1,1.0
917,229.25,topo,topoI,0.25
917,229.25,topo,gyrase,0.25
917,229.25,RNAP,RNAP,1.0
917,229.25,mRNA,tetA,4.0
917,229.25,mRNA,Raspberry,1.0
917,229.25,mRNA,mKalama1,1.0
918,229.5,topo,topoI,0.25
918,229.5,topo,gyrase,0.25
918,229.5,RNAP,RNAP,1.0
918,229.5,mRNA,tetA,4.0
918,229.5,mRNA,Raspberry,1.0
918,229.5,mRNA,mKalama1,1.0
919,229.75,topo,topoI,0.25
919,229.75,topo,gyrase,0.25
919,229.75,RNAP,RNAP,1.0
919,229.75,mRNA,tetA,4.0
919,229.75,mRNA,Raspberry,1.0
919,229.75,mRNA,mKalama1,1.0
920,230.0,topo,topoI,0.25
920,230.0,topo,gyrase,0.25
920,230.0,RNAP,RNAP,1.0
920,230.0,mRNA,tetA,4.0
920,230.0,mRNA,Raspberry,1.0
920,230.0,mRNA,mKalama1,1.0
921,230.25,topo,topoI,0.25
921,230.25,topo,gyrase,0.25
921,230.25,RNAP,RNAP,1.0
921,230.25,mRNA,tetA,4.0
921,230.25,mRNA,Raspberry,1.0
921,230.25,mRNA,mKalama1,1.0
922,230.5,topo,topoI,0.25
922,230.5,topo,gyrase,0.25
922,230.5,RNAP,RNAP,1.0
922,230.5,mRNA,tetA,4.0
922,230.5,mRNA,Raspberry,1.0
922,230.5,mRNA,mKalama1,1.0
923,230.75,topo,topoI,0.25
923,230.75,topo,gyrase,0.25
923,230.75,RNAP,RNAP,1.0
923,230.75,mRNA,tetA,4.0
923,230.75,mRNA,Raspberry,1.0
923,230.75,mRNA,mKalama1,1.0
924,231.0,topo,topoI,0.25
924,231.0,topo,gyrase,0.25
924,231.0,RNAP,RNAP,1.0
924,231.0,mRNA,tetA,4.0
924,231.0,mRNA,Raspberry,1.0
924,231.0,mRNA,mKalama1,1.0
925,231.25,topo,topoI,0.25
925,231.25,topo,gyrase,0.25
925,231.25,RNAP,RNAP,1.0
925,231.25,mRNA,tetA,4.0
925,231.25,mRNA,Raspberry,1.0
925,231.25,mRNA,mKalama1,1.0
926,231.5,topo,topoI,0.25
926,231.5,topo,gyrase,0.25
926,231.5,RNAP,RNAP,1.0
926,231.5,mRNA,tetA,4.0
926,231.5,mRNA,Raspberry,1.0
926,231.5,mRNA,mKalama1,1.0
927,231.75,topo,topoI,0.25
927,231.75,topo,gyrase,0.25
927,231.75,RNAP,RNAP,1.0
927,231.75,mRNA,tetA,4.0
927,231.75,mRNA,Raspberry,1.0
927,231.75,mRNA,mKalama1,1.0
928,232.0,topo,topoI,0.25
928,232.0,topo,gyrase,0.25
928,232.0,RNAP,RNAP,1.0
928,232.0,mRNA,tetA,4.0
928,232.0,mRNA,Raspberry,1.0
928,232.0,mRNA,mKalama1,1.0
929,232.25,topo,topoI,0.25
929,232.25,topo,gyrase,0.25
929,232.25,RNAP,RNAP,1.0
929,232.25,mRNA,tetA,4.0
929,232.25,mRNA,Raspberry,1.0
929,232.25,mRNA,mKalama1,1.0
930,232.5,topo,topoI,0.25
930,232.5,topo,gyrase,0.25
930,232.5,RNAP,RNAP,1.0
930,232.5,mRNA,tetA,4.0
930,232.5,mRNA,Raspberry,1.0
930,232.5,mRNA,mKalama1,1.0
931,232.75,topo,topoI,0.25
931,232.75,topo,gyrase,0.25
931,232.75,RNAP,RNAP,1.0
931,232.75,mRNA,tetA,4.0
931,232.75,mRNA,Raspberry,1.0
931,232.75,mRNA,mKalama1,1.0
932,233.0,topo,topoI,0.25
932,233.0,topo,gyrase,0.25
932,233.0,RNAP,RNAP,1.0
932,233.0,mRNA,tetA,4.0
932,233.0,mRNA,Raspberry,1.0
932,233.0,mRNA,mKalama1,1.0
933,233.25,topo,topoI,0.25
933,233.25,topo,gyrase,0.25
933,233.25,RNAP,RNAP,1.0
933,233.25,mRNA,tetA,4.0
933,233.25,mRNA,Raspberry,1.0
933,233.25,mRNA,mKalama1,1.0
934,233.5,topo,topoI,0.25
934,233.5,topo,gyrase,0.25
934,233.5,RNAP,RNAP,1.0
934,233.5,mRNA,tetA,4.0
934,233.5,mRNA,Raspberry,1.0
934,233.5,mRNA,mKalama1,1.0
935,233.75,topo,topoI,0.25
935,233.75,topo,gyrase,0.25
935,233.75,RNAP,RNAP,1.0
935,233.75,mRNA,tetA,4.0
935,233.75,mRNA,Raspberry,1.0
935,233.75,mRNA,mKalama1,1.0
936,234.0,topo,topoI,0.25
936,234.0,topo,gyrase,0.25
936,234.0,RNAP,RNAP,1.0
936,234.0,mRNA,tetA,4.0
936,234.0,mRNA,Raspberry,1.0
936,234.0,mRNA,mKalama1,1.0
937,234.25,topo,topoI,0.25
937,234.25,topo,gyrase,0.25
937,234.25,RNAP,RNAP,1.0
937,234.25,mRNA,tetA,4.0
937,234.25,mRNA,Raspberry,1.0
937,234.25,mRNA,mKalama1,1.0
938,234.5,topo,topoI,0.25
938,234.5,topo,gyrase,0.25
938,234.5,RNAP,RNAP,1.0
938,234.5,mRNA,tetA,4.0
938,234.5,mRNA,Raspberry,1.0
938,234.5,mRNA,mKalama1,1.0
939,234.75,topo,topoI,0.25
939,234.75,topo,gyrase,0.25
939,234.75,RNAP,RNAP,1.0
939,234.75,mRNA,tetA,4.0
939,234.75,mRNA,Raspberry,1.0
939,234.75,mRNA,mKalama1,1.0
940,235.0,topo,topoI,0.25
940,235.0,topo,gyrase,0.25
940,235.0,RNAP,RNAP,1.0
940,235.0,mRNA,tetA,4.0
940,235.0,mRNA,Raspberry,1.0
940,235.0,mRNA,mKalama1,1.0
941,235.25,topo,topoI,0.25
941,235.25,topo,gyrase,0.25
941,235.25,RNAP,RNAP,1.0
941,235.25,mRNA,tetA,4.0
941,235.25,mRNA,Raspberry,1.0
941,235.25,mRNA,mKalama1,1.0
942,235.5,topo,topoI,0.25
942,235.5,topo,gyrase,0.25
942,235.5,RNAP,RNAP,1.0
942,235.5,mRNA,tetA,4.0
942,235.5,mRNA,Raspberry,1.0
942,235.5,mRNA,mKalama1,1.0
943,235.75,topo,topoI,0.25
943,235.75,topo,gyrase,0.25
943,235.75,RNAP,RNAP,1.0
943,235.75,mRNA,tetA,4.0
943,235.75,mRNA,Raspberry,1.0
943,235.75,mRNA,mKalama1,1.0
944,236.0,topo,topoI,0.25
944,236.0,topo,gyrase,0.25
944,236.0,RNAP,RNAP,1.0
944,236.0,mRNA,tetA,4.0
944,236.0,mRNA,Raspberry,1.0
944,236.0,mRNA,mKalama1,1.0
945,236.25,topo,topoI,0.25
945,236.25,topo,gyrase,0.25
945,236.25,RNAP,RNAP,1.0
945,236.25,mRNA,tetA,4.0
945,236.25,mRNA,Raspberry,1.0
945,236.25,mRNA,mKalama1,1.0
946,236.5,topo,topoI,0.25
946,236.5,topo,gyrase,0.25
946,236.5,RNAP,RNAP,1.0
946,236.5,mRNA,tetA,4.0
946,236.5,mRNA,Raspberry,1.0
946,236.5,mRNA,mKalama1,1.0
947,236.75,topo,topoI,0.25
947,236.75,topo,gyrase,0.25
947,236.75,RNAP,RNAP,1.0
947,236.75,mRNA,tetA,4.0
947,236.75,mRNA,Raspberry,1.0
947,236.75,mRNA,mKalama1,1.0
948,237.0,topo,topoI,0.25
948,237.0,topo,gyrase,0.25
948,237.0,RNAP,RNAP,1.0
948,237.0,mRNA,tetA,4.0
948,237.0,mRNA,Raspberry,1.0
948,237.0,mRNA,mKalama1,1.0
949,237.25,topo,topoI,0.25
949,237.25,topo,gyrase,0.25
949,237.25,RNAP,RNAP,1.0
949,237.25,mRNA,tetA,4.0
949,237.25,mRNA,Raspberry,1.0
949,237.25,mRNA,mKalama1,1.0
950,237.5,topo,topoI,0.25
950,237.5,topo,gyrase,0.25
950,237.5,RNAP,RNAP,1.0
950,237.5,mRNA,tetA,4.0
950,237.5,mRNA,Raspberry,1.0
950,237.5,mRNA,mKalama1,1.0
951,237.75,topo,topoI,0.25
951,237.75,topo,gyrase,0.25
951,237.75,RNAP,RNAP,1.0
951,237.75,mRNA,tetA,4.0
951,237.75,mRNA,Raspberry,1.0
951,237.75,mRNA,mKalama1,1.0
952,238.0,topo,topoI,0.25
952,238.0,topo,gyrase,0.25
952,238.0,RNAP,RNAP,1.0
952,238.0,mRNA,tetA,4.0
952,238.0,mRNA,Raspberry,1.0
952,238.0,mRNA,mKalama1,1.0
953,238.25,topo,topoI,0.25
953,238.25,topo,gyrase,0.25
953,238.25,RNAP,RNAP,1.0
953,238.25,mRNA,tetA,4.0
953,238.25,mRNA,Raspberry,1.0
953,238.25,mRNA,mKalama1,1.0
954,238.5,topo,topoI,0.25
954,238.5,topo,gyrase,0.25
954,238.5,RNAP,RNAP,1.0
954,238.5,mRNA,tetA,4.0
954,238.5,mRNA,Raspberry,1.0
954,238.5,mRNA,mKalama1,1.0
955,238.75,topo,topoI,0.25
955,238.75,topo,gyrase,0.25
955,238.75,RNAP,RNAP,1.0
955,238.75,mRNA,tetA,4.0
955,238.75,mRNA,Raspberry,1.0
955,238.75,mRNA,mKalama1,1.0
956,239.0,topo,topoI,0.25
956,239.0,topo,gyrase,0.25
956,239.0,RNAP,RNAP,1.0
956,239.0,mRNA,tetA,4.0
956,239.0,mRNA,Raspberry,1.0
956,239.0,mRNA,mKalama1,1.0
957,239.25,topo,topoI,0.25
957,239.25,topo,gyrase,0.25
957,239.25,RNAP,RNAP,1.0
957,239.25,mRNA,tetA,4.0
957,239.25,mRNA,Raspberry,1.0
957,239.25,mRNA,mKalama1,1.0
958,239.5,topo,topoI,0.25
958,239.5,topo,gyrase,0.25
958,239.5,RNAP,RNAP,1.0
958,239.5,mRNA,tetA,4.0
958,239.5,mRNA,Raspberry,1.0
958,239.5,mRNA,mKalama1,1.0
959,239.75,topo,topoI,0.25
959,239.75,topo,gyrase,0.25
959,239.75,RNAP,RNAP,1.0
959,239.75,mRNA,tetA,4.0
959,239.75,mRNA,Raspberry,1.0
959,239.75,mRNA,mKalama1,1.0
960,240.0,topo,topoI,0.25
960,240.0,topo,gyrase,0.25
960,240.0,RNAP,RNAP,1.0
960,240.0,mRNA,tetA,4.0
960,240.0,mRNA,Raspberry,1.0
960,240.0,mRNA,mKalama1,1.0
961,240.25,topo,topoI,0.25
961,240.25,topo,gyrase,0.25
961,240.25,RNAP,RNAP,1.0
961,240.25,mRNA,tetA,4.0
961,240.25,mRNA,Raspberry,1.0
961,240.25,mRNA,mKalama1,1.0
962,240.5,topo,topoI,0.25
962,240.5,topo,gyrase,0.25
962,240.5,RNAP,RNAP,1.0
962,240.5,mRNA,tetA,4.0
962,240.5,mRNA,Raspberry,1.0
962,240.5,mRNA,mKalama1,1.0
963,240.75,topo,topoI,0.25
963,240.75,topo,gyrase,0.25
963,240.75,RNAP,RNAP,1.0
963,240.75,mRNA,tetA,4.0
963,240.75,mRNA,Raspberry,1.0
963,240.75,mRNA,mKalama1,1.0
964,241.0,topo,topoI,0.25
964,241.0,topo,gyrase,0.25
964,241.0,RNAP,RNAP,1.0
964,241.0,mRNA,tetA,4.0
964,241.0,mRNA,Raspberry,1.0
964,241.0,mRNA,mKalama1,1.0
965,241.25,topo,topoI,0.25
965,241.25,topo,gyrase,0.25
965,241.25,RNAP,RNAP,1.0
965,241.25,mRNA,tetA,4.0
965,241.25,mRNA,Raspberry,1.0
965,241.25,mRNA,mKalama1,1.0
966,241.5,topo,topoI,0.25
966,241.5,topo,gyrase,0.25
966,241.5,RNAP,RNAP,1.0
966,241.5,mRNA,tetA,4.0
966,241.5,mRNA,Raspberry,1.0
966,241.5,mRNA,mKalama1,1.0
967,241.75,topo,topoI,0.25
967,241.75,topo,gyrase,0.25
967,241.75,RNAP,RNAP,1.0
967,241.75,mRNA,tetA,4.0
967,241.75,mRNA,Raspberry,1.0
967,241.75,mRNA,mKalama1,1.0
968,242.0,topo,topoI,0.25
968,242.0,topo,gyrase,0.25
968,242.0,RNAP,RNAP,1.0
968,242.0,mRNA,tetA,4.0
968,242.0,mRNA,Raspberry,1.0
968,242.0,mRNA,mKalama1,1.0
969,242.25,topo,topoI,0.25
969,242.25,topo,gyrase,0.25
969,242.25,RNAP,RNAP,1.0
969,242.25,mRNA,tetA,4.0
969,242.25,mRNA,Raspberry,1.0
969,242.25,mRNA,mKalama1,1.0
970,242.5,topo,topoI,0.25
970,242.5,topo,gyrase,0.25
970,242.5,RNAP,RNAP,1.0
970,242.5,mRNA,tetA,4.0
970,242.5,mRNA,Raspberry,1.0
970,242.5,mRNA,mKalama1,1.0
971,242.75,topo,topoI,0.25
971,242.75,topo,gyrase,0.25
971,242.75,RNAP,RNAP,1.0
971,242.75,mRNA,tetA,4.0
971,242.75,mRNA,Raspberry,1.0
971,242.75,mRNA,mKalama1,1.0
972,243.0,topo,topoI,0.25
972,243.0,topo,gyrase,0.25
972,243.0,RNAP,RNAP,1.0
972,243.0,mRNA,tetA,4.0
972,243.0,mRNA,Raspberry,1.0
972,243.0,mRNA,mKalama1,1.0
973,243.25,topo,topoI,0.25
973,243.25,topo,gyrase,0.25
973,243.25,RNAP,RNAP,1.0
973,243.25,mRNA,tetA,4.0
973,243.25,mRNA,Raspberry,1.0
973,243.25,mRNA,mKalama1,1.0
974,243.5,topo,topoI,0.25
974,243.5,topo,gyrase,0.25
974,243.5,RNAP,RNAP,1.0
974,243.5,mRNA,tetA,4.0
974,243.5,mRNA,Raspberry,1.0
974,243.5,mRNA,mKalama1,1.0
975,243.75,topo,topoI,0.25
975,243.75,topo,gyrase,0.25
975,243.75,RNAP,RNAP,1.0
975,243.75,mRNA,tetA,4.0
975,243.75,mRNA,Raspberry,1.0
975,243.75,mRNA,mKalama1,1.0
976,244.0,topo,topoI,0.25
976,244.0,topo,gyrase,0.25
976,244.0,RNAP,RNAP,1.0
976,244.0,mRNA,tetA,4.0
976,244.0,mRNA,Raspberry,1.0
976,244.0,mRNA,mKalama1,1.0
977,244.25,topo,topoI,0.25
977,244.25,topo,gyrase,0.25
977,244.25,RNAP,RNAP,1.0
977,244.25,mRNA,tetA,4.0
977,244.25,mRNA,Raspberry,1.0
977,244.25,mRNA,mKalama1,1.0
978,244.5,topo,topoI,0.25
978,244.5,topo,gyrase,0.25
978,244.5,RNAP,RNAP,1.0
978,244.5,mRNA,tetA,4.0
978,244.5,mRNA,Raspberry,1.0
978,244.5,mRNA,mKalama1,1.0
979,244.75,topo,topoI,0.25
979,244.75,topo,gyrase,0.25
979,244.75,RNAP,RNAP,1.0
979,244.75,mRNA,tetA,4.0
979,244.75,mRNA,Raspberry,1.0
979,244.75,mRNA,mKalama1,1.0
980,245.0,topo,topoI,0.25
980,245.0,topo,gyrase,0.25
980,245.0,RNAP,RNAP,1.0
980,245.0,mRNA,tetA,4.0
980,245.0,mRNA,Raspberry,1.0
980,245.0,mRNA,mKalama1,1.0
981,245.25,topo,topoI,0.25
981,245.25,topo,gyrase,0.25
981,245.25,RNAP,RNAP,1.0
981,245.25,mRNA,tetA,4.0
981,245.25,mRNA,Raspberry,1.0
981,245.25,mRNA,mKalama1,1.0
982,245.5,topo,topoI,0.25
982,245.5,topo,gyrase,0.25
982,245.5,RNAP,RNAP,1.0
982,245.5,mRNA,tetA,4.0
982,245.5,mRNA,Raspberry,1.0
982,245.5,mRNA,mKalama1,1.0
983,245.75,topo,topoI,0.25
983,245.75,topo,gyrase,0.25
983,245.75,RNAP,RNAP,1.0
983,245.75,mRNA,tetA,4.0
983,245.75,mRNA,Raspberry,1.0
983,245.75,mRNA,mKalama1,1.0
984,246.0,topo,topoI,0.25
984,246.0,topo,gyrase,0.25
984,246.0,RNAP,RNAP,1.0
984,246.0,mRNA,tetA,4.0
984,246.0,mRNA,Raspberry,1.0
984,246.0,mRNA,mKalama1,1.0
985,246.25,topo,topoI,0.25
985,246.25,topo,gyrase,0.25
985,246.25,RNAP,RNAP,1.0
985,246.25,mRNA,tetA,4.0
985,246.25,mRNA,Raspberry,1.0
985,246.25,mRNA,mKalama1,1.0
986,246.5,topo,topoI,0.25
986,246.5,topo,gyrase,0.25
986,246.5,RNAP,RNAP,1.0
986,246.5,mRNA,tetA,4.0
986,246.5,mRNA,Raspberry,1.0
986,246.5,mRNA,mKalama1,1.0
987,246.75,topo,topoI,0.25
987,246.75,topo,gyrase,0.25
987,246.75,RNAP,RNAP,1.0
987,246.75,mRNA,tetA,4.0
987,246.75,mRNA,Raspberry,1.0
987,246.75,mRNA,mKalama1,1.0
988,247.0,topo,topoI,0.25
988,247.0,topo,gyrase,0.25
988,247.0,RNAP,RNAP,1.0
988,247.0,mRNA,tetA,4.0
988,247.0,mRNA,Raspberry,1.0
988,247.0,mRNA,mKalama1,1.0
989,247.25,topo,topoI,0.25
989,247.25,topo,gyrase,0.25
989,247.25,RNAP,RNAP,1.0
989,247.25,mRNA,tetA,4.0
989,247.25,mRNA,Raspberry,1.0
989,247.25,mRNA,mKalama1,1.0
990,247.5,topo,topoI,0.25
990,247.5,topo,gyrase,0.25
990,247.5,RNAP,RNAP,1.0
990,247.5,mRNA,tetA,4.0
990,247.5,mRNA,Raspberry,1.0
990,247.5,mRNA,mKalama1,1.0
991,247.75,topo,topoI,0.25
991,247.75,topo,gyrase,0.25
991,247.75,RNAP,RNAP,1.0
991,247.75,mRNA,tetA,4.0
991,247.75,mRNA,Raspberry,1.0
991,247.75,mRNA,mKalama1,1.0
992,248.0,topo,topoI,0.25
992,248.0,topo,gyrase,0.25
992,248.0,RNAP,RNAP,1.0
992,248.0,mRNA,tetA,4.0
992,248.0,mRNA,Raspberry,1.0
992,248.0,mRNA,mKalama1,1.0
993,248.25,topo,topoI,0.25
993,248.25,topo,gyrase,0.25
993,248.25,RNAP,RNAP,1.0
993,248.25,mRNA,tetA,4.0
993,248.25,mRNA,Raspberry,1.0
993,248.25,mRNA,mKalama1,1.0
994,248.5,topo,topoI,0.25
994,248.5,topo,gyrase,0.25
994,248.5,RNAP,RNAP,1.0
994,248.5,mRNA,tetA,4.0
994,248.5,mRNA,Raspberry,1.0
994,248.5,mRNA,mKalama1,1.0
995,248.75,topo,topoI,0.25
995,248.75,topo,gyrase,0.25
995,248.75,RNAP,RNAP,1.0
995,248.75,mRNA,tetA,4.0
995,248.75,mRNA,Raspberry,1.0
995,248.75,mRNA,mKalama1,1.0
996,249.0,topo,topoI,0.25
996,249.0,topo,gyrase,0.25
996,249.0,RNAP,RNAP,1.0
996,249.0,mRNA,tetA,4.0
996,249.0,mRNA,Raspberry,1.0
996,249.0,mRNA,mKalama1,1.0
997,249.25,topo,topoI,0.25
997,249.25,topo,gyrase,0.25
997,249.25,RNAP,RNAP,1.0
997,249.25,mRNA,tetA,4.0
997,249.25,mRNA,Raspberry,1.0
997,249.25,mRNA,mKalama1,1.0
998,249.5,topo,topoI,0.25
998,249.5,topo,gyrase,0.25
998,249.5,RNAP,RNAP,1.0
998,249.5,mRNA,tetA,4.0
998,249.5,mRNA,Raspberry,1.0
998,249.5,mRNA,mKalama1,1.0
999,249.75,topo,topoI,0.25
999,249.75,topo,gyrase,0.25
999,249.75,RNAP,RNAP,1.0
999,249.75,mRNA,tetA,4.0
999,249.75,mRNA,Raspberry,1.0
999,249.75,mRNA,mKalama1,1.0
1000,250.0,topo,topoI,0.25
1000,250.0,topo,gyrase,0.25
1000,250.0,RNAP,RNAP,1.0
1000,250.0,mRNA,tetA,4.0
1000,250.0,mRNA,Raspberry,1.0
1000,250.0,mRNA,mKalama1,1.0
1001,250.25,topo,topoI,0.25
1001,250.25,topo,gyrase,0.25
1001,250.25,RNAP,RNAP,1.0
1001,250.25,mRNA,tetA,4.0
1001,250.25,mRNA,Raspberry,1.0
1001,250.25,mRNA,mKalama1,1.0
1002,250.5,topo,topoI,0.25
1002,250.5,topo,gyrase,0.25
1002,250.5,RNAP,RNAP,1.0
1002,250.5,mRNA,tetA,4.0
1002,250.5,mRNA,Raspberry,1.0
1002,250.5,mRNA,mKalama1,1.0
1003,250.75,topo,topoI,0.25
1003,250.75,topo,gyrase,0.25
1003,250.75,RNAP,RNAP,1.0
1003,250.75,mRNA,tetA,4.0
1003,250.75,mRNA,Raspberry,1.0
1003,250.75,mRNA,mKalama1,1.0
1004,251.0,topo,topoI,0.25
1004,251.0,topo,gyrase,0.25
1004,251.0,RNAP,RNAP,1.0
1004,251.0,mRNA,tetA,4.0
1004,251.0,mRNA,Raspberry,1.0
1004,251.0,mRNA,mKalama1,1.0
1005,251.25,topo,topoI,0.25
1005,251.25,topo,gyrase,0.25
1005,251.25,RNAP,RNAP,1.0
1005,251.25,mRNA,tetA,4.0
1005,251.25,mRNA,Raspberry,1.0
1005,251.25,mRNA,mKalama1,1.0
1006,251.5,topo,topoI,0.25
1006,251.5,topo,gyrase,0.25
1006,251.5,RNAP,RNAP,1.0
1006,251.5,mRNA,tetA,4.0
1006,251.5,mRNA,Raspberry,1.0
1006,251.5,mRNA,mKalama1,1.0
1007,251.75,topo,topoI,0.25
1007,251.75,topo,gyrase,0.25
1007,251.75,RNAP,RNAP,1.0
1007,251.75,mRNA,tetA,4.0
1007,251.75,mRNA,Raspberry,1.0
1007,251.75,mRNA,mKalama1,1.0
1008,252.0,topo,topoI,0.25
1008,252.0,topo,gyrase,0.25
1008,252.0,RNAP,RNAP,1.0
1008,252.0,mRNA,tetA,4.0
1008,252.0,mRNA,Raspberry,1.0
1008,252.0,mRNA,mKalama1,1.0
1009,252.25,topo,topoI,0.25
1009,252.25,topo,gyrase,0.25
1009,252.25,RNAP,RNAP,1.0
1009,252.25,mRNA,tetA,4.0
1009,252.25,mRNA,Raspberry,1.0
1009,252.25,mRNA,mKalama1,1.0
1010,252.5,topo,topoI,0.25
1010,252.5,topo,gyrase,0.25
1010,252.5,RNAP,RNAP,1.0
1010,252.5,mRNA,tetA,4.0
1010,252.5,mRNA,Raspberry,1.0
1010,252.5,mRNA,mKalama1,1.0
1011,252.75,topo,topoI,0.25
1011,252.75,topo,gyrase,0.25
1011,252.75,RNAP,RNAP,1.0
1011,252.75,mRNA,tetA,4.0
1011,252.75,mRNA,Raspberry,1.0
1011,252.75,mRNA,mKalama1,1.0
1012,253.0,topo,topoI,0.25
1012,253.0,topo,gyrase,0.25
1012,253.0,RNAP,RNAP,1.0
1012,253.0,mRNA,tetA,4.0
1012,253.0,mRNA,Raspberry,1.0
1012,253.0,mRNA,mKalama1,1.0
1013,253.25,topo,topoI,0.25
1013,253.25,topo,gyrase,0.25
1013,253.25,RNAP,RNAP,1.0
1013,253.25,mRNA,tetA,4.0
1013,253.25,mRNA,Raspberry,1.0
1013,253.25,mRNA,mKalama1,1.0
1014,253.5,topo,topoI,0.25
1014,253.5,topo,gyrase,0.25
1014,253.5,RNAP,RNAP,1.0
1014,253.5,mRNA,tetA,4.0
1014,253.5,mRNA,Raspberry,1.0
1014,253.5,mRNA,mKalama1,1.0
1015,253.75,topo,topoI,0.25
1015,253.75,topo,gyrase,0.25
1015,253.75,RNAP,RNAP,1.0
1015,253.75,mRNA,tetA,4.0
1015,253.75,mRNA,Raspberry,1.0
1015,253.75,mRNA,mKalama1,1.0
1016,254.0,topo,topoI,0.25
1016,254.0,topo,gyrase,0.25
1016,254.0,RNAP,RNAP,1.0
1016,254.0,mRNA,tetA,4.0
1016,254.0,mRNA,Raspberry,1.0
1016,254.0,mRNA,mKalama1,1.0
1017,254.25,topo,topoI,0.25
1017,254.25,topo,gyrase,0.25
1017,254.25,RNAP,RNAP,1.0
1017,254.25,mRNA,tetA,4.0
1017,254.25,mRNA,Raspberry,1.0
1017,254.25,mRNA,mKalama1,1.0
1018,254.5,topo,topoI,0.25
1018,254.5,topo,gyrase,0.25
1018,254.5,RNAP,RNAP,1.0
1018,254.5,mRNA,tetA,4.0
1018,254.5,mRNA,Raspberry,1.0
1018,254.5,mRNA,mKalama1,1.0
1019,254.75,topo,topoI,0.25
1019,254.75,topo,gyrase,0.25
1019,254.75,RNAP,RNAP,1.0
1019,254.75,mRNA,tetA,4.0
1019,254.75,mRNA,Raspberry,1.0
1019,254.75,mRNA,mKalama1,1.0
1020,255.0,topo,topoI,0.25
1020,255.0,topo,gyrase,0.25
1020,255.0,RNAP,RNAP,1.0
1020,255.0,mRNA,tetA,4.0
1020,255.0,mRNA,Raspberry,1.0
1020,255.0,mRNA,mKalama1,1.0
1021,255.25,topo,topoI,0.25
1021,255.25,topo,gyrase,0.25
1021,255.25,RNAP,RNAP,1.0
1021,255.25,mRNA,tetA,4.0
1021,255.25,mRNA,Raspberry,1.0
1021,255.25,mRNA,mKalama1,1.0
1022,255.5,topo,topoI,0.25
1022,255.5,topo,gyrase,0.25
1022,255.5,RNAP,RNAP,1.0
1022,255.5,mRNA,tetA,4.0
1022,255.5,mRNA,Raspberry,1.0
1022,255.5,mRNA,mKalama1,1.0
1023,255.75,topo,topoI,0.25
1023,255.75,topo,gyrase,0.25
1023,255.75,RNAP,RNAP,1.0
1023,255.75,mRNA,tetA,4.0
1023,255.75,mRNA,Raspberry,1.0
1023,255.75,mRNA,mKalama1,1.0
1024,256.0,topo,topoI,0.25
1024,256.0,topo,gyrase,0.25
1024,256.0,RNAP,RNAP,1.0
1024,256.0,mRNA,tetA,4.0
1024,256.0,mRNA,Raspberry,1.0
1024,256.0,mRNA,mKalama1,1.0
1025,256.25,topo,topoI,0.25
1025,256.25,topo,gyrase,0.25
1025,256.25,RNAP,RNAP,1.0
1025,256.25,mRNA,tetA,4.0
1025,256.25,mRNA,Raspberry,1.0
1025,256.25,mRNA,mKalama1,1.0
1026,256.5,topo,topoI,0.25
1026,256.5,topo,gyrase,0.25
1026,256.5,RNAP,RNAP,1.0
1026,256.5,mRNA,tetA,4.0
1026,256.5,mRNA,Raspberry,1.0
1026,256.5,mRNA,mKalama1,1.0
1027,256.75,topo,topoI,0.25
1027,256.75,topo,gyrase,0.25
1027,256.75,RNAP,RNAP,1.0
1027,256.75,mRNA,tetA,4.0
1027,256.75,mRNA,Raspberry,1.0
1027,256.75,mRNA,mKalama1,1.0
1028,257.0,topo,topoI,0.25
1028,257.0,topo,gyrase,0.25
1028,257.0,RNAP,RNAP,1.0
1028,257.0,mRNA,tetA,4.0
1028,257.0,mRNA,Raspberry,1.0
1028,257.0,mRNA,mKalama1,1.0
1029,257.25,topo,topoI,0.25
1029,257.25,topo,gyrase,0.25
1029,257.25,RNAP,RNAP,1.0
1029,257.25,mRNA,tetA,4.0
1029,257.25,mRNA,Raspberry,1.0
1029,257.25,mRNA,mKalama1,1.0
1030,257.5,topo,topoI,0.25
1030,257.5,topo,gyrase,0.25
1030,257.5,RNAP,RNAP,1.0
1030,257.5,mRNA,tetA,4.0
1030,257.5,mRNA,Raspberry,1.0
1030,257.5,mRNA,mKalama1,1.0
1031,257.75,topo,topoI,0.25
1031,257.75,topo,gyrase,0.25
1031,257.75,RNAP,RNAP,1.0
1031,257.75,mRNA,tetA,4.0
1031,257.75,mRNA,Raspberry,1.0
1031,257.75,mRNA,mKalama1,1.0
1032,258.0,topo,topoI,0.25
1032,258.0,topo,gyrase,0.25
1032,258.0,RNAP,RNAP,1.0
1032,258.0,mRNA,tetA,4.0
1032,258.0,mRNA,Raspberry,1.0
1032,258.0,mRNA,mKalama1,1.0
1033,258.25,topo,topoI,0.25
1033,258.25,topo,gyrase,0.25
1033,258.25,RNAP,RNAP,1.0
1033,258.25,mRNA,tetA,4.0
1033,258.25,mRNA,Raspberry,1.0
1033,258.25,mRNA,mKalama1,1.0
1034,258.5,topo,topoI,0.25
1034,258.5,topo,gyrase,0.25
1034,258.5,RNAP,RNAP,1.0
1034,258.5,mRNA,tetA,4.0
1034,258.5,mRNA,Raspberry,1.0
1034,258.5,mRNA,mKalama1,1.0
1035,258.75,topo,topoI,0.25
1035,258.75,topo,gyrase,0.25
1035,258.75,RNAP,RNAP,1.0
1035,258.75,mRNA,tetA,4.0
1035,258.75,mRNA,Raspberry,1.0
1035,258.75,mRNA,mKalama1,1.0
1036,259.0,topo,topoI,0.25
1036,259.0,topo,gyrase,0.25
1036,259.0,RNAP,RNAP,1.0
1036,259.0,mRNA,tetA,4.0
1036,259.0,mRNA,Raspberry,1.0
1036,259.0,mRNA,mKalama1,1.0
1037,259.25,topo,topoI,0.25
1037,259.25,topo,gyrase,0.25
1037,259.25,RNAP,RNAP,1.0
1037,259.25,mRNA,tetA,4.0
1037,259.25,mRNA,Raspberry,1.0
1037,259.25,mRNA,mKalama1,1.0
1038,259.5,topo,topoI,0.25
1038,259.5,topo,gyrase,0.25
1038,259.5,RNAP,RNAP,1.0
1038,259.5,mRNA,tetA,4.0
1038,259.5,mRNA,Raspberry,1.0
1038,259.5,mRNA,mKalama1,1.0
1039,259.75,topo,topoI,0.25
1039,259.75,topo,gyrase,0.25
1039,259.75,RNAP,RNAP,1.0
1039,259.75,mRNA,tetA,4.0
1039,259.75,mRNA,Raspberry,1.0
1039,259.75,mRNA,mKalama1,1.0
1040,260.0,topo,topoI,0.25
1040,260.0,topo,gyrase,0.25
1040,260.0,RNAP,RNAP,1.0
1040,260.0,mRNA,tetA,4.0
1040,260.0,mRNA,Raspberry,1.0
1040,260.0,mRNA,mKalama1,1.0
1041,260.25,topo,topoI,0.25
1041,260.25,topo,gyrase,0.25
1041,260.25,RNAP,RNAP,1.0
1041,260.25,mRNA,tetA,4.0
1041,260.25,mRNA,Raspberry,1.0
1041,260.25,mRNA,mKalama1,1.0
1042,260.5,topo,topoI,0.25
1042,260.5,topo,gyrase,0.25
1042,260.5,RNAP,RNAP,1.0
1042,260.5,mRNA,tetA,4.0
1042,260.5,mRNA,Raspberry,1.0
1042,260.5,mRNA,mKalama1,1.0
1043,260.75,topo,topoI,0.25
1043,260.75,topo,gyrase,0.25
1043,260.75,RNAP,RNAP,1.0
1043,260.75,mRNA,tetA,4.0
1043,260.75,mRNA,Raspberry,1.0
1043,260.75,mRNA,mKalama1,1.0
1044,261.0,topo,topoI,0.25
1044,261.0,topo,gyrase,0.25
1044,261.0,RNAP,RNAP,1.0
1044,261.0,mRNA,tetA,4.0
1044,261.0,mRNA,Raspberry,1.0
1044,261.0,mRNA,mKalama1,1.0
1045,261.25,topo,topoI,0.25
1045,261.25,topo,gyrase,0.25
1045,261.25,RNAP,RNAP,1.0
1045,261.25,mRNA,tetA,4.0
1045,261.25,mRNA,Raspberry,1.0
1045,261.25,mRNA,mKalama1,1.0
1046,261.5,topo,topoI,0.25
1046,261.5,topo,gyrase,0.25
1046,261.5,RNAP,RNAP,1.0
1046,261.5,mRNA,tetA,4.0
1046,261.5,mRNA,Raspberry,1.0
1046,261.5,mRNA,mKalama1,1.0
1047,261.75,topo,topoI,0.25
1047,261.75,topo,gyrase,0.25
1047,261.75,RNAP,RNAP,1.0
1047,261.75,mRNA,tetA,4.0
1047,261.75,mRNA,Raspberry,1.0
1047,261.75,mRNA,mKalama1,1.0
1048,262.0,topo,topoI,0.25
1048,262.0,topo,gyrase,0.25
1048,262.0,RNAP,RNAP,1.0
1048,262.0,mRNA,tetA,4.0
1048,262.0,mRNA,Raspberry,1.0
1048,262.0,mRNA,mKalama1,1.0
1049,262.25,topo,topoI,0.25
1049,262.25,topo,gyrase,0.25
1049,262.25,RNAP,RNAP,1.0
1049,262.25,mRNA,tetA,4.0
1049,262.25,mRNA,Raspberry,1.0
1049,262.25,mRNA,mKalama1,1.0
1050,262.5,topo,topoI,0.25
1050,262.5,topo,gyrase,0.25
1050,262.5,RNAP,RNAP,1.0
1050,262.5,mRNA,tetA,4.0
1050,262.5,mRNA,Raspberry,1.0
1050,262.5,mRNA,mKalama1,1.0
1051,262.75,topo,topoI,0.25
1051,262.75,topo,gyrase,0.25
1051,262.75,RNAP,RNAP,1.0
1051,262.75,mRNA,tetA,4.0
1051,262.75,mRNA,Raspberry,1.0
1051,262.75,mRNA,mKalama1,1.0
1052,263.0,topo,topoI,0.25
1052,263.0,topo,gyrase,0.25
1052,263.0,RNAP,RNAP,1.0
1052,263.0,mRNA,tetA,4.0
1052,263.0,mRNA,Raspberry,1.0
1052,263.0,mRNA,mKalama1,1.0
1053,263.25,topo,topoI,0.25
1053,263.25,topo,gyrase,0.25
1053,263.25,RNAP,RNAP,1.0
1053,263.25,mRNA,tetA,4.0
1053,263.25,mRNA,Raspberry,1.0
1053,263.25,mRNA,mKalama1,1.0
1054,263.5,topo,topoI,0.25
1054,263.5,topo,gyrase,0.25
1054,263.5,RNAP,RNAP,1.0
1054,263.5,mRNA,tetA,4.0
1054,263.5,mRNA,Raspberry,1.0
1054,263.5,mRNA,mKalama1,1.0
1055,263.75,topo,topoI,0.25
1055,263.75,topo,gyrase,0.25
1055,263.75,RNAP,RNAP,1.0
1055,263.75,mRNA,tetA,4.0
1055,263.75,mRNA,Raspberry,1.0
1055,263.75,mRNA,mKalama1,1.0
1056,264.0,topo,topoI,0.25
1056,264.0,topo,gyrase,0.25
1056,264.0,RNAP,RNAP,1.0
1056,264.0,mRNA,tetA,4.0
1056,264.0,mRNA,Raspberry,1.0
1056,264.0,mRNA,mKalama1,1.0
1057,264.25,topo,topoI,0.25
1057,264.25,topo,gyrase,0.25
1057,264.25,RNAP,RNAP,1.0
1057,264.25,mRNA,tetA,4.0
1057,264.25,mRNA,Raspberry,1.0
1057,264.25,mRNA,mKalama1,1.0
1058,264.5,topo,topoI,0.25
1058,264.5,topo,gyrase,0.25
1058,264.5,RNAP,RNAP,1.0
1058,264.5,mRNA,tetA,4.0
1058,264.5,mRNA,Raspberry,1.0
1058,264.5,mRNA,mKalama1,1.0
1059,264.75,topo,topoI,0.25
1059,264.75,topo,gyrase,0.25
1059,264.75,RNAP,RNAP,1.0
1059,264.75,mRNA,tetA,4.0
1059,264.75,mRNA,Raspberry,1.0
1059,264.75,mRNA,mKalama1,1.0
1060,265.0,topo,topoI,0.25
1060,265.0,topo,gyrase,0.25
1060,265.0,RNAP,RNAP,1.0
1060,265.0,mRNA,tetA,4.0
1060,265.0,mRNA,Raspberry,1.0
1060,265.0,mRNA,mKalama1,1.0
1061,265.25,topo,topoI,0.25
1061,265.25,topo,gyrase,0.25
1061,265.25,RNAP,RNAP,1.0
1061,265.25,mRNA,tetA,4.0
1061,265.25,mRNA,Raspberry,1.0
1061,265.25,mRNA,mKalama1,1.0
1062,265.5,topo,topoI,0.25
1062,265.5,topo,gyrase,0.25
1062,265.5,RNAP,RNAP,1.0
1062,265.5,mRNA,tetA,4.0
1062,265.5,mRNA,Raspberry,1.0
1062,265.5,mRNA,mKalama1,1.0
1063,265.75,topo,topoI,0.25
1063,265.75,topo,gyrase,0.25
1063,265.75,RNAP,RNAP,1.0
1063,265.75,mRNA,tetA,4.0
1063,265.75,mRNA,Raspberry,1.0
1063,265.75,mRNA,mKalama1,1.0
1064,266.0,topo,topoI,0.25
1064,266.0,topo,gyrase,0.25
1064,266.0,RNAP,RNAP,1.0
1064,266.0,mRNA,tetA,4.0
1064,266.0,mRNA,Raspberry,1.0
1064,266.0,mRNA,mKalama1,1.0
1065,266.25,topo,topoI,0.25
1065,266.25,topo,gyrase,0.25
1065,266.25,RNAP,RNAP,1.0
1065,266.25,mRNA,tetA,4.0
1065,266.25,mRNA,Raspberry,1.0
1065,266.25,mRNA,mKalama1,1.0
1066,266.5,topo,topoI,0.25
1066,266.5,topo,gyrase,0.25
1066,266.5,RNAP,RNAP,1.0
1066,266.5,mRNA,tetA,4.0
1066,266.5,mRNA,Raspberry,1.0
1066,266.5,mRNA,mKalama1,1.0
1067,266.75,topo,topoI,0.25
1067,266.75,topo,gyrase,0.25
1067,266.75,RNAP,RNAP,1.0
1067,266.75,mRNA,tetA,4.0
1067,266.75,mRNA,Raspberry,1.0
1067,266.75,mRNA,mKalama1,1.0
1068,267.0,topo,topoI,0.25
1068,267.0,topo,gyrase,0.25
1068,267.0,RNAP,RNAP,1.0
1068,267.0,mRNA,tetA,4.0
1068,267.0,mRNA,Raspberry,1.0
1068,267.0,mRNA,mKalama1,1.0
1069,267.25,topo,topoI,0.25
1069,267.25,topo,gyrase,0.25
1069,267.25,RNAP,RNAP,1.0
1069,267.25,mRNA,tetA,4.0
1069,267.25,mRNA,Raspberry,1.0
1069,267.25,mRNA,mKalama1,1.0
1070,267.5,topo,topoI,0.25
1070,267.5,topo,gyrase,0.25
1070,267.5,RNAP,RNAP,1.0
1070,267.5,mRNA,tetA,4.0
1070,267.5,mRNA,Raspberry,1.0
1070,267.5,mRNA,mKalama1,1.0
1071,267.75,topo,topoI,0.25
1071,267.75,topo,gyrase,0.25
1071,267.75,RNAP,RNAP,1.0
1071,267.75,mRNA,tetA,4.0
1071,267.75,mRNA,Raspberry,1.0
1071,267.75,mRNA,mKalama1,1.0
1072,268.0,topo,topoI,0.25
1072,268.0,topo,gyrase,0.25
1072,268.0,RNAP,RNAP,1.0
1072,268.0,mRNA,tetA,4.0
1072,268.0,mRNA,Raspberry,1.0
1072,268.0,mRNA,mKalama1,1.0
1073,268.25,topo,topoI,0.25
1073,268.25,topo,gyrase,0.25
1073,268.25,RNAP,RNAP,1.0
1073,268.25,mRNA,tetA,4.0
1073,268.25,mRNA,Raspberry,1.0
1073,268.25,mRNA,mKalama1,1.0
1074,268.5,topo,topoI,0.25
1074,268.5,topo,gyrase,0.25
1074,268.5,RNAP,RNAP,1.0
1074,268.5,mRNA,tetA,4.0
1074,268.5,mRNA,Raspberry,1.0
1074,268.5,mRNA,mKalama1,1.0
1075,268.75,topo,topoI,0.25
1075,268.75,topo,gyrase,0.25
1075,268.75,RNAP,RNAP,1.0
1075,268.75,mRNA,tetA,4.0
1075,268.75,mRNA,Raspberry,1.0
1075,268.75,mRNA,mKalama1,1.0
1076,269.0,topo,topoI,0.25
1076,269.0,topo,gyrase,0.25
1076,269.0,RNAP,RNAP,1.0
1076,269.0,mRNA,tetA,4.0
1076,269.0,mRNA,Raspberry,1.0
1076,269.0,mRNA,mKalama1,1.0
1077,269.25,topo,topoI,0.25
1077,269.25,topo,gyrase,0.25
1077,269.25,RNAP,RNAP,1.0
1077,269.25,mRNA,tetA,4.0
1077,269.25,mRNA,Raspberry,1.0
1077,269.25,mRNA,mKalama1,1.0
1078,269.5,topo,topoI,0.25
1078,269.5,topo,gyrase,0.25
1078,269.5,RNAP,RNAP,1.0
1078,269.5,mRNA,tetA,4.0
1078,269.5,mRNA,Raspberry,1.0
1078,269.5,mRNA,mKalama1,1.0
1079,269.75,topo,topoI,0.25
1079,269.75,topo,gyrase,0.25
1079,269.75,RNAP,RNAP,1.0
1079,269.75,mRNA,tetA,4.0
1079,269.75,mRNA,Raspberry,1.0
1079,269.75,mRNA,mKalama1,1.0
1080,270.0,topo,topoI,0.25
1080,270.0,topo,gyrase,0.25
1080,270.0,RNAP,RNAP,1.0
1080,270.0,mRNA,tetA,4.0
1080,270.0,mRNA,Raspberry,1.0
1080,270.0,mRNA,mKalama1,1.0
1081,270.25,topo,topoI,0.25
1081,270.25,topo,gyrase,0.25
1081,270.25,RNAP,RNAP,1.0
1081,270.25,mRNA,tetA,4.0
1081,270.25,mRNA,Raspberry,1.0
1081,270.25,mRNA,mKalama1,1.0
1082,270.5,topo,topoI,0.25
1082,270.5,topo,gyrase,0.25
1082,270.5,RNAP,RNAP,1.0
1082,270.5,mRNA,tetA,4.0
1082,270.5,mRNA,Raspberry,1.0
1082,270.5,mRNA,mKalama1,1.0
1083,270.75,topo,topoI,0.25
1083,270.75,topo,gyrase,0.25
1083,270.75,RNAP,RNAP,1.0
1083,270.75,mRNA,tetA,4.0
1083,270.75,mRNA,Raspberry,1.0
1083,270.75,mRNA,mKalama1,1.0
1084,271.0,topo,topoI,0.25
1084,271.0,topo,gyrase,0.25
1084,271.0,RNAP,RNAP,1.0
1084,271.0,mRNA,tetA,4.0
1084,271.0,mRNA,Raspberry,1.0
1084,271.0,mRNA,mKalama1,1.0
1085,271.25,topo,topoI,0.25
1085,271.25,topo,gyrase,0.25
1085,271.25,RNAP,RNAP,1.0
1085,271.25,mRNA,tetA,4.0
1085,271.25,mRNA,Raspberry,1.0
1085,271.25,mRNA,mKalama1,1.0
1086,271.5,topo,topoI,0.25
1086,271.5,topo,gyrase,0.25
1086,271.5,RNAP,RNAP,1.0
1086,271.5,mRNA,tetA,4.0
1086,271.5,mRNA,Raspberry,1.0
1086,271.5,mRNA,mKalama1,1.0
1087,271.75,topo,topoI,0.25
1087,271.75,topo,gyrase,0.25
1087,271.75,RNAP,RNAP,1.0
1087,271.75,mRNA,tetA,4.0
1087,271.75,mRNA,Raspberry,1.0
1087,271.75,mRNA,mKalama1,1.0
1088,272.0,topo,topoI,0.25
1088,272.0,topo,gyrase,0.25
1088,272.0,RNAP,RNAP,1.0
1088,272.0,mRNA,tetA,4.0
1088,272.0,mRNA,Raspberry,1.0
1088,272.0,mRNA,mKalama1,1.0
1089,272.25,topo,topoI,0.25
1089,272.25,topo,gyrase,0.25
1089,272.25,RNAP,RNAP,1.0
1089,272.25,mRNA,tetA,4.0
1089,272.25,mRNA,Raspberry,1.0
1089,272.25,mRNA,mKalama1,1.0
1090,272.5,topo,topoI,0.25
1090,272.5,topo,gyrase,0.25
1090,272.5,RNAP,RNAP,1.0
1090,272.5,mRNA,tetA,4.0
1090,272.5,mRNA,Raspberry,1.0
1090,272.5,mRNA,mKalama1,1.0
1091,272.75,topo,topoI,0.25
1091,272.75,topo,gyrase,0.25
1091,272.75,RNAP,RNAP,1.0
1091,272.75,mRNA,tetA,4.0
1091,272.75,mRNA,Raspberry,1.0
1091,272.75,mRNA,mKalama1,1.0
1092,273.0,topo,topoI,0.25
1092,273.0,topo,gyrase,0.25
1092,273.0,RNAP,RNAP,1.0
1092,273.0,mRNA,tetA,4.0
1092,273.0,mRNA,Raspberry,1.0
1092,273.0,mRNA,mKalama1,1.0
1093,273.25,topo,topoI,0.25
1093,273.25,topo,gyrase,0.25
1093,273.25,RNAP,RNAP,1.0
1093,273.25,mRNA,tetA,4.0
1093,273.25,mRNA,Raspberry,1.0
1093,273.25,mRNA,mKalama1,1.0
1094,273.5,topo,topoI,0.25
1094,273.5,topo,gyrase,0.25
1094,273.5,RNAP,RNAP,1.0
1094,273.5,mRNA,tetA,4.0
1094,273.5,mRNA,Raspberry,1.0
1094,273.5,mRNA,mKalama1,1.0
1095,273.75,topo,topoI,0.25
1095,273.75,topo,gyrase,0.25
1095,273.75,RNAP,RNAP,1.0
1095,273.75,mRNA,tetA,4.0
1095,273.75,mRNA,Raspberry,1.0
1095,273.75,mRNA,mKalama1,1.0
1096,274.0,topo,topoI,0.25
1096,274.0,topo,gyrase,0.25
1096,274.0,RNAP,RNAP,1.0
1096,274.0,mRNA,tetA,4.0
1096,274.0,mRNA,Raspberry,1.0
1096,274.0,mRNA,mKalama1,1.0
1097,274.25,topo,topoI,0.25
1097,274.25,topo,gyrase,0.25
1097,274.25,RNAP,RNAP,1.0
1097,274.25,mRNA,tetA,4.0
1097,274.25,mRNA,Raspberry,1.0
1097,274.25,mRNA,mKalama1,1.0
1098,274.5,topo,topoI,0.25
1098,274.5,topo,gyrase,0.25
1098,274.5,RNAP,RNAP,1.0
1098,274.5,mRNA,tetA,4.0
1098,274.5,mRNA,Raspberry,1.0
1098,274.5,mRNA,mKalama1,1.0
1099,274.75,topo,topoI,0.25
1099,274.75,topo,gyrase,0.25
1099,274.75,RNAP,RNAP,1.0
1099,274.75,mRNA,tetA,4.0
1099,274.75,mRNA,Raspberry,1.0
1099,274.75,mRNA,mKalama1,1.0
1100,275.0,topo,topoI,0.25
1100,275.0,topo,gyrase,0.25
1100,275.0,RNAP,RNAP,1.0
1100,275.0,mRNA,tetA,4.0
1100,275.0,mRNA,Raspberry,1.0
1100,275.0,mRNA,mKalama1,1.0
1101,275.25,topo,topoI,0.25
1101,275.25,topo,gyrase,0.25
1101,275.25,RNAP,RNAP,1.0
1101,275.25,mRNA,tetA,4.0
1101,275.25,mRNA,Raspberry,1.0
1101,275.25,mRNA,mKalama1,1.0
1102,275.5,topo,topoI,0.25
1102,275.5,topo,gyrase,0.25
1102,275.5,RNAP,RNAP,1.0
1102,275.5,mRNA,tetA,4.0
1102,275.5,mRNA,Raspberry,1.0
1102,275.5,mRNA,mKalama1,1.0
1103,275.75,topo,topoI,0.25
1103,275.75,topo,gyrase,0.25
1103,275.75,RNAP,RNAP,1.0
1103,275.75,mRNA,tetA,4.0
1103,275.75,mRNA,Raspberry,1.0
1103,275.75,mRNA,mKalama1,1.0
1104,276.0,topo,topoI,0.25
1104,276.0,topo,gyrase,0.25
1104,276.0,RNAP,RNAP,1.0
1104,276.0,mRNA,tetA,4.0
1104,276.0,mRNA,Raspberry,1.0
1104,276.0,mRNA,mKalama1,1.0
1105,276.25,topo,topoI,0.25
1105,276.25,topo,gyrase,0.25
1105,276.25,RNAP,RNAP,1.0
1105,276.25,mRNA,tetA,4.0
1105,276.25,mRNA,Raspberry,1.0
1105,276.25,mRNA,mKalama1,1.0
1106,276.5,topo,topoI,0.25
1106,276.5,topo,gyrase,0.25
1106,276.5,RNAP,RNAP,1.0
1106,276.5,mRNA,tetA,4.0
1106,276.5,mRNA,Raspberry,1.0
1106,276.5,mRNA,mKalama1,1.0
1107,276.75,topo,topoI,0.25
1107,276.75,topo,gyrase,0.25
1107,276.75,RNAP,RNAP,1.0
1107,276.75,mRNA,tetA,4.0
1107,276.75,mRNA,Raspberry,1.0
1107,276.75,mRNA,mKalama1,1.0
1108,277.0,topo,topoI,0.25
1108,277.0,topo,gyrase,0.25
1108,277.0,RNAP,RNAP,1.0
1108,277.0,mRNA,tetA,4.0
1108,277.0,mRNA,Raspberry,1.0
1108,277.0,mRNA,mKalama1,1.0
1109,277.25,topo,topoI,0.25
1109,277.25,topo,gyrase,0.25
1109,277.25,RNAP,RNAP,1.0
1109,277.25,mRNA,tetA,4.0
1109,277.25,mRNA,Raspberry,1.0
1109,277.25,mRNA,mKalama1,1.0
1110,277.5,topo,topoI,0.25
1110,277.5,topo,gyrase,0.25
1110,277.5,RNAP,RNAP,1.0
1110,277.5,mRNA,tetA,4.0
1110,277.5,mRNA,Raspberry,1.0
1110,277.5,mRNA,mKalama1,1.0
1111,277.75,topo,topoI,0.25
1111,277.75,topo,gyrase,0.25
1111,277.75,RNAP,RNAP,1.0
1111,277.75,mRNA,tetA,4.0
1111,277.75,mRNA,Raspberry,1.0
1111,277.75,mRNA,mKalama1,1.0
1112,278.0,topo,topoI,0.25
1112,278.0,topo,gyrase,0.25
1112,278.0,RNAP,RNAP,1.0
1112,278.0,mRNA,tetA,4.0
1112,278.0,mRNA,Raspberry,1.0
1112,278.0,mRNA,mKalama1,1.0
1113,278.25,topo,topoI,0.25
1113,278.25,topo,gyrase,0.25
1113,278.25,RNAP,RNAP,1.0
1113,278.25,mRNA,tetA,4.0
1113,278.25,mRNA,Raspberry,1.0
1113,278.25,mRNA,mKalama1,1.0
1114,278.5,topo,topoI,0.25
1114,278.5,topo,gyrase,0.25
1114,278.5,RNAP,RNAP,1.0
1114,278.5,mRNA,tetA,4.0
1114,278.5,mRNA,Raspberry,1.0
1114,278.5,mRNA,mKalama1,1.0
1115,278.75,topo,topoI,0.25
1115,278.75,topo,gyrase,0.25
1115,278.75,RNAP,RNAP,1.0
1115,278.75,mRNA,tetA,4.0
1115,278.75,mRNA,Raspberry,1.0
1115,278.75,mRNA,mKalama1,1.0
1116,279.0,topo,topoI,0.25
1116,279.0,topo,gyrase,0.25
1116,279.0,RNAP,RNAP,1.0
1116,279.0,mRNA,tetA,4.0
1116,279.0,mRNA,Raspberry,1.0
1116,279.0,mRNA,mKalama1,1.0
1117,279.25,topo,topoI,0.25
1117,279.25,topo,gyrase,0.25
1117,279.25,RNAP,RNAP,1.0
1117,279.25,mRNA,tetA,4.0
1117,279.25,mRNA,Raspberry,1.0
1117,279.25,mRNA,mKalama1,1.0
1118,279.5,topo,topoI,0.25
1118,279.5,topo,gyrase,0.25
1118,279.5,RNAP,RNAP,1.0
1118,279.5,mRNA,tetA,4.0
1118,279.5,mRNA,Raspberry,1.0
1118,279.5,mRNA,mKalama1,1.0
1119,279.75,topo,topoI,0.25
1119,279.75,topo,gyrase,0.25
1119,279.75,RNAP,RNAP,1.0
1119,279.75,mRNA,tetA,4.0
1119,279.75,mRNA,Raspberry,1.0
1119,279.75,mRNA,mKalama1,1.0
1120,280.0,topo,topoI,0.25
1120,280.0,topo,gyrase,0.25
1120,280.0,RNAP,RNAP,1.0
1120,280.0,mRNA,tetA,4.0
1120,280.0,mRNA,Raspberry,1.0
1120,280.0,mRNA,mKalama1,1.0
1121,280.25,topo,topoI,0.25
1121,280.25,topo,gyrase,0.25
1121,280.25,RNAP,RNAP,1.0
1121,280.25,mRNA,tetA,4.0
1121,280.25,mRNA,Raspberry,1.0
1121,280.25,mRNA,mKalama1,1.0
1122,280.5,topo,topoI,0.25
1122,280.5,topo,gyrase,0.25
1122,280.5,RNAP,RNAP,1.0
1122,280.5,mRNA,tetA,4.0
1122,280.5,mRNA,Raspberry,1.0
1122,280.5,mRNA,mKalama1,1.0
1123,280.75,topo,topoI,0.25
1123,280.75,topo,gyrase,0.25
1123,280.75,RNAP,RNAP,1.0
1123,280.75,mRNA,tetA,4.0
1123,280.75,mRNA,Raspberry,1.0
1123,280.75,mRNA,mKalama1,1.0
1124,281.0,topo,topoI,0.25
1124,281.0,topo,gyrase,0.25
1124,281.0,RNAP,RNAP,1.0
1124,281.0,mRNA,tetA,4.0
1124,281.0,mRNA,Raspberry,1.0
1124,281.0,mRNA,mKalama1,1.0
1125,281.25,topo,topoI,0.25
1125,281.25,topo,gyrase,0.25
1125,281.25,RNAP,RNAP,1.0
1125,281.25,mRNA,tetA,4.0
1125,281.25,mRNA,Raspberry,1.0
1125,281.25,mRNA,mKalama1,1.0
1126,281.5,topo,topoI,0.25
1126,281.5,topo,gyrase,0.25
1126,281.5,RNAP,RNAP,1.0
1126,281.5,mRNA,tetA,4.0
1126,281.5,mRNA,Raspberry,1.0
1126,281.5,mRNA,mKalama1,1.0
1127,281.75,topo,topoI,0.25
1127,281.75,topo,gyrase,0.25
1127,281.75,RNAP,RNAP,1.0
1127,281.75,mRNA,tetA,4.0
1127,281.75,mRNA,Raspberry,1.0
1127,281.75,mRNA,mKalama1,1.0
1128,282.0,topo,topoI,0.25
1128,282.0,topo,gyrase,0.25
1128,282.0,RNAP,RNAP,1.0
1128,282.0,mRNA,tetA,4.0
1128,282.0,mRNA,Raspberry,1.0
1128,282.0,mRNA,mKalama1,1.0
1129,282.25,topo,topoI,0.25
1129,282.25,topo,gyrase,0.25
1129,282.25,RNAP,RNAP,1.0
1129,282.25,mRNA,tetA,4.0
1129,282.25,mRNA,Raspberry,1.0
1129,282.25,mRNA,mKalama1,1.0
1130,282.5,topo,topoI,0.25
1130,282.5,topo,gyrase,0.25
1130,282.5,RNAP,RNAP,1.0
1130,282.5,mRNA,tetA,4.0
1130,282.5,mRNA,Raspberry,1.0
1130,282.5,mRNA,mKalama1,1.0
1131,282.75,topo,topoI,0.25
1131,282.75,topo,gyrase,0.25
1131,282.75,RNAP,RNAP,1.0
1131,282.75,mRNA,tetA,4.0
1131,282.75,mRNA,Raspberry,1.0
1131,282.75,mRNA,mKalama1,1.0
1132,283.0,topo,topoI,0.25
1132,283.0,topo,gyrase,0.25
1132,283.0,RNAP,RNAP,1.0
1132,283.0,mRNA,tetA,4.0
1132,283.0,mRNA,Raspberry,1.0
1132,283.0,mRNA,mKalama1,1.0
1133,283.25,topo,topoI,0.25
1133,283.25,topo,gyrase,0.25
1133,283.25,RNAP,RNAP,1.0
1133,283.25,mRNA,tetA,4.0
1133,283.25,mRNA,Raspberry,1.0
1133,283.25,mRNA,mKalama1,1.0
1134,283.5,topo,topoI,0.25
1134,283.5,topo,gyrase,0.25
1134,283.5,RNAP,RNAP,1.0
1134,283.5,mRNA,tetA,4.0
1134,283.5,mRNA,Raspberry,1.0
1134,283.5,mRNA,mKalama1,1.0
1135,283.75,topo,topoI,0.25
1135,283.75,topo,gyrase,0.25
1135,283.75,RNAP,RNAP,1.0
1135,283.75,mRNA,tetA,4.0
1135,283.75,mRNA,Raspberry,1.0
1135,283.75,mRNA,mKalama1,1.0
1136,284.0,topo,topoI,0.25
1136,284.0,topo,gyrase,0.25
1136,284.0,RNAP,RNAP,1.0
1136,284.0,mRNA,tetA,4.0
1136,284.0,mRNA,Raspberry,1.0
1136,284.0,mRNA,mKalama1,1.0
1137,284.25,topo,topoI,0.25
1137,284.25,topo,gyrase,0.25
1137,284.25,RNAP,RNAP,1.0
1137,284.25,mRNA,tetA,4.0
1137,284.25,mRNA,Raspberry,1.0
1137,284.25,mRNA,mKalama1,1.0
1138,284.5,topo,topoI,0.25
1138,284.5,topo,gyrase,0.25
1138,284.5,RNAP,RNAP,1.0
1138,284.5,mRNA,tetA,4.0
1138,284.5,mRNA,Raspberry,1.0
1138,284.5,mRNA,mKalama1,1.0
1139,284.75,topo,topoI,0.25
1139,284.75,topo,gyrase,0.25
1139,284.75,RNAP,RNAP,1.0
1139,284.75,mRNA,tetA,4.0
1139,284.75,mRNA,Raspberry,1.0
1139,284.75,mRNA,mKalama1,1.0
1140,285.0,topo,topoI,0.25
1140,285.0,topo,gyrase,0.25
1140,285.0,RNAP,RNAP,1.0
1140,285.0,mRNA,tetA,4.0
1140,285.0,mRNA,Raspberry,1.0
1140,285.0,mRNA,mKalama1,1.0
1141,285.25,topo,topoI,0.25
1141,285.25,topo,gyrase,0.25
1141,285.25,RNAP,RNAP,1.0
1141,285.25,mRNA,tetA,4.0
1141,285.25,mRNA,Raspberry,1.0
1141,285.25,mRNA,mKalama1,1.0
1142,285.5,topo,topoI,0.25
1142,285.5,topo,gyrase,0.25
1142,285.5,RNAP,RNAP,1.0
1142,285.5,mRNA,tetA,4.0
1142,285.5,mRNA,Raspberry,1.0
1142,285.5,mRNA,mKalama1,1.0
1143,285.75,topo,topoI,0.25
1143,285.75,topo,gyrase,0.25
1143,285.75,RNAP,RNAP,1.0
1143,285.75,mRNA,tetA,4.0
1143,285.75,mRNA,Raspberry,1.0
1143,285.75,mRNA,mKalama1,1.0
1144,286.0,topo,topoI,0.25
1144,286.0,topo,gyrase,0.25
1144,286.0,RNAP,RNAP,1.0
1144,286.0,mRNA,tetA,4.0
1144,286.0,mRNA,Raspberry,1.0
1144,286.0,mRNA,mKalama1,1.0
1145,286.25,topo,topoI,0.25
1145,286.25,topo,gyrase,0.25
1145,286.25,RNAP,RNAP,1.0
1145,286.25,mRNA,tetA,4.0
1145,286.25,mRNA,Raspberry,1.0
1145,286.25,mRNA,mKalama1,1.0
1146,286.5,topo,topoI,0.25
1146,286.5,topo,gyrase,0.25
1146,286.5,RNAP,RNAP,1.0
1146,286.5,mRNA,tetA,4.0
1146,286.5,mRNA,Raspberry,1.0
1146,286.5,mRNA,mKalama1,1.0
1147,286.75,topo,topoI,0.25
1147,286.75,topo,gyrase,0.25
1147,286.75,RNAP,RNAP,1.0
1147,286.75,mRNA,tetA,4.0
1147,286.75,mRNA,Raspberry,1.0
1147,286.75,mRNA,mKalama1,1.0
1148,287.0,topo,topoI,0.25
1148,287.0,topo,gyrase,0.25
1148,287.0,RNAP,RNAP,1.0
1148,287.0,mRNA,tetA,4.0
1148,287.0,mRNA,Raspberry,1.0
1148,287.0,mRNA,mKalama1,1.0
1149,287.25,topo,topoI,0.25
1149,287.25,topo,gyrase,0.25
1149,287.25,RNAP,RNAP,1.0
1149,287.25,mRNA,tetA,4.0
1149,287.25,mRNA,Raspberry,1.0
1149,287.25,mRNA,mKalama1,1.0
1150,287.5,topo,topoI,0.25
1150,287.5,topo,gyrase,0.25
1150,287.5,RNAP,RNAP,1.0
1150,287.5,mRNA,tetA,4.0
1150,287.5,mRNA,Raspberry,1.0
1150,287.5,mRNA,mKalama1,1.0
1151,287.75,topo,topoI,0.25
1151,287.75,topo,gyrase,0.25
1151,287.75,RNAP,RNAP,1.0
1151,287.75,mRNA,tetA,4.0
1151,287.75,mRNA,Raspberry,1.0
1151,287.75,mRNA,mKalama1,1.0
1152,288.0,topo,topoI,0.25
1152,288.0,topo,gyrase,0.25
1152,288.0,RNAP,RNAP,1.0
1152,288.0,mRNA,tetA,4.0
1152,288.0,mRNA,Raspberry,1.0
1152,288.0,mRNA,mKalama1,1.0
1153,288.25,topo,topoI,0.25
1153,288.25,topo,gyrase,0.25
1153,288.25,RNAP,RNAP,1.0
1153,288.25,mRNA,tetA,4.0
1153,288.25,mRNA,Raspberry,1.0
1153,288.25,mRNA,mKalama1,1.0
1154,288.5,topo,topoI,0.25
1154,288.5,topo,gyrase,0.25
1154,288.5,RNAP,RNAP,1.0
1154,288.5,mRNA,tetA,4.0
1154,288.5,mRNA,Raspberry,1.0
1154,288.5,mRNA,mKalama1,1.0
1155,288.75,topo,topoI,0.25
1155,288.75,topo,gyrase,0.25
1155,288.75,RNAP,RNAP,1.0
1155,288.75,mRNA,tetA,4.0
1155,288.75,mRNA,Raspberry,1.0
1155,288.75,mRNA,mKalama1,1.0
1156,289.0,topo,topoI,0.25
1156,289.0,topo,gyrase,0.25
1156,289.0,RNAP,RNAP,1.0
1156,289.0,mRNA,tetA,4.0
1156,289.0,mRNA,Raspberry,1.0
1156,289.0,mRNA,mKalama1,1.0
1157,289.25,topo,topoI,0.25
1157,289.25,topo,gyrase,0.25
1157,289.25,RNAP,RNAP,1.0
1157,289.25,mRNA,tetA,4.0
1157,289.25,mRNA,Raspberry,1.0
1157,289.25,mRNA,mKalama1,1.0
1158,289.5,topo,topoI,0.25
1158,289.5,topo,gyrase,0.25
1158,289.5,RNAP,RNAP,1.0
1158,289.5,mRNA,tetA,4.0
1158,289.5,mRNA,Raspberry,1.0
1158,289.5,mRNA,mKalama1,1.0
1159,289.75,topo,topoI,0.25
1159,289.75,topo,gyrase,0.25
1159,289.75,RNAP,RNAP,1.0
1159,289.75,mRNA,tetA,4.0
1159,289.75,mRNA,Raspberry,1.0
1159,289.75,mRNA,mKalama1,1.0
1160,290.0,topo,topoI,0.25
1160,290.0,topo,gyrase,0.25
1160,290.0,RNAP,RNAP,1.0
1160,290.0,mRNA,tetA,4.0
1160,290.0,mRNA,Raspberry,1.0
1160,290.0,mRNA,mKalama1,1.0
1161,290.25,topo,topoI,0.25
1161,290.25,topo,gyrase,0.25
1161,290.25,RNAP,RNAP,1.0
1161,290.25,mRNA,tetA,4.0
1161,290.25,mRNA,Raspberry,1.0
1161,290.25,mRNA,mKalama1,1.0
1162,290.5,topo,topoI,0.25
1162,290.5,topo,gyrase,0.25
1162,290.5,RNAP,RNAP,1.0
1162,290.5,mRNA,tetA,4.0
1162,290.5,mRNA,Raspberry,1.0
1162,290.5,mRNA,mKalama1,1.0
1163,290.75,topo,topoI,0.25
1163,290.75,topo,gyrase,0.25
1163,290.75,RNAP,RNAP,1.0
1163,290.75,mRNA,tetA,4.0
1163,290.75,mRNA,Raspberry,1.0
1163,290.75,mRNA,mKalama1,1.0
1164,291.0,topo,topoI,0.25
1164,291.0,topo,gyrase,0.25
1164,291.0,RNAP,RNAP,1.0
1164,291.0,mRNA,tetA,4.0
1164,291.0,mRNA,Raspberry,1.0
1164,291.0,mRNA,mKalama1,1.0
1165,291.25,topo,topoI,0.25
1165,291.25,topo,gyrase,0.25
1165,291.25,RNAP,RNAP,1.0
1165,291.25,mRNA,tetA,4.0
1165,291.25,mRNA,Raspberry,1.0
1165,291.25,mRNA,mKalama1,1.0
1166,291.5,topo,topoI,0.25
1166,291.5,topo,gyrase,0.25
1166,291.5,RNAP,RNAP,1.0
1166,291.5,mRNA,tetA,4.0
1166,291.5,mRNA,Raspberry,1.0
1166,291.5,mRNA,mKalama1,1.0
1167,291.75,topo,topoI,0.25
1167,291.75,topo,gyrase,0.25
1167,291.75,RNAP,RNAP,1.0
1167,291.75,mRNA,tetA,4.0
1167,291.75,mRNA,Raspberry,1.0
1167,291.75,mRNA,mKalama1,1.0
1168,292.0,topo,topoI,0.25
1168,292.0,topo,gyrase,0.25
1168,292.0,RNAP,RNAP,1.0
1168,292.0,mRNA,tetA,4.0
1168,292.0,mRNA,Raspberry,1.0
1168,292.0,mRNA,mKalama1,1.0
1169,292.25,topo,topoI,0.25
1169,292.25,topo,gyrase,0.25
1169,292.25,RNAP,RNAP,1.0
1169,292.25,mRNA,tetA,4.0
1169,292.25,mRNA,Raspberry,1.0
1169,292.25,mRNA,mKalama1,1.0
1170,292.5,topo,topoI,0.25
1170,292.5,topo,gyrase,0.25
1170,292.5,RNAP,RNAP,1.0
1170,292.5,mRNA,tetA,4.0
1170,292.5,mRNA,Raspberry,1.0
1170,292.5,mRNA,mKalama1,1.0
1171,292.75,topo,topoI,0.25
1171,292.75,topo,gyrase,0.25
1171,292.75,RNAP,RNAP,1.0
1171,292.75,mRNA,tetA,4.0
1171,292.75,mRNA,Raspberry,1.0
1171,292.75,mRNA,mKalama1,1.0
1172,293.0,topo,topoI,0.25
1172,293.0,topo,gyrase,0.25
1172,293.0,RNAP,RNAP,1.0
1172,293.0,mRNA,tetA,4.0
1172,293.0,mRNA,Raspberry,1.0
1172,293.0,mRNA,mKalama1,1.0
1173,293.25,topo,topoI,0.25
1173,293.25,topo,gyrase,0.25
1173,293.25,RNAP,RNAP,1.0
1173,293.25,mRNA,tetA,4.0
1173,293.25,mRNA,Raspberry,1.0
1173,293.25,mRNA,mKalama1,1.0
1174,293.5,topo,topoI,0.25
1174,293.5,topo,gyrase,0.25
1174,293.5,RNAP,RNAP,1.0
1174,293.5,mRNA,tetA,4.0
1174,293.5,mRNA,Raspberry,1.0
1174,293.5,mRNA,mKalama1,1.0
1175,293.75,topo,topoI,0.25
1175,293.75,topo,gyrase,0.25
1175,293.75,RNAP,RNAP,1.0
1175,293.75,mRNA,tetA,4.0
1175,293.75,mRNA,Raspberry,1.0
1175,293.75,mRNA,mKalama1,1.0
1176,294.0,topo,topoI,0.25
1176,294.0,topo,gyrase,0.25
1176,294.0,RNAP,RNAP,1.0
1176,294.0,mRNA,tetA,4.0
1176,294.0,mRNA,Raspberry,1.0
1176,294.0,mRNA,mKalama1,1.0
1177,294.25,topo,topoI,0.25
1177,294.25,topo,gyrase,0.25
1177,294.25,RNAP,RNAP,1.0
1177,294.25,mRNA,tetA,4.0
1177,294.25,mRNA,Raspberry,1.0
1177,294.25,mRNA,mKalama1,1.0
1178,294.5,topo,topoI,0.25
1178,294.5,topo,gyrase,0.25
1178,294.5,RNAP,RNAP,1.0
1178,294.5,mRNA,tetA,4.0
1178,294.5,mRNA,Raspberry,1.0
1178,294.5,mRNA,mKalama1,1.0
1179,294.75,topo,topoI,0.25
1179,294.75,topo,gyrase,0.25
1179,294.75,RNAP,RNAP,1.0
1179,294.75,mRNA,tetA,4.0
1179,294.75,mRNA,Raspberry,1.0
1179,294.75,mRNA,mKalama1,1.0
1180,295.0,topo,topoI,0.25
1180,295.0,topo,gyrase,0.25
1180,295.0,RNAP,RNAP,1.0
1180,295.0,mRNA,tetA,4.0
1180,295.0,mRNA,Raspberry,1.0
1180,295.0,mRNA,mKalama1,1.0
1181,295.25,topo,topoI,0.25
1181,295.25,topo,gyrase,0.25
1181,295.25,RNAP,RNAP,1.0
1181,295.25,mRNA,tetA,4.0
1181,295.25,mRNA,Raspberry,1.0
1181,295.25,mRNA,mKalama1,1.0
1182,295.5,topo,topoI,0.25
1182,295.5,topo,gyrase,0.25
1182,295.5,RNAP,RNAP,1.0
1182,295.5,mRNA,tetA,4.0
1182,295.5,mRNA,Raspberry,1.0
1182,295.5,mRNA,mKalama1,1.0
1183,295.75,topo,topoI,0.25
1183,295.75,topo,gyrase,0.25
1183,295.75,RNAP,RNAP,1.0
1183,295.75,mRNA,tetA,4.0
1183,295.75,mRNA,Raspberry,1.0
1183,295.75,mRNA,mKalama1,1.0
1184,296.0,topo,topoI,0.25
1184,296.0,topo,gyrase,0.25
1184,296.0,RNAP,RNAP,1.0
1184,296.0,mRNA,tetA,4.0
1184,296.0,mRNA,Raspberry,1.0
1184,296.0,mRNA,mKalama1,1.0
1185,296.25,topo,topoI,0.25
1185,296.25,topo,gyrase,0.25
1185,296.25,RNAP,RNAP,1.0
1185,296.25,mRNA,tetA,4.0
1185,296.25,mRNA,Raspberry,1.0
1185,296.25,mRNA,mKalama1,1.0
1186,296.5,topo,topoI,0.25
1186,296.5,topo,gyrase,0.25
1186,296.5,RNAP,RNAP,1.0
1186,296.5,mRNA,tetA,4.0
1186,296.5,mRNA,Raspberry,1.0
1186,296.5,mRNA,mKalama1,1.0
1187,296.75,topo,topoI,0.25
1187,296.75,topo,gyrase,0.25
1187,296.75,RNAP,RNAP,1.0
1187,296.75,mRNA,tetA,4.0
1187,296.75,mRNA,Raspberry,1.0
1187,296.75,mRNA,mKalama1,1.0
1188,297.0,topo,topoI,0.25
1188,297.0,topo,gyrase,0.25
1188,297.0,RNAP,RNAP,1.0
1188,297.0,mRNA,tetA,4.0
1188,297.0,mRNA,Raspberry,1.0
1188,297.0,mRNA,mKalama1,1.0
1189,297.25,topo,topoI,0.25
1189,297.25,topo,gyrase,0.25
1189,297.25,RNAP,RNAP,1.0
1189,297.25,mRNA,tetA,4.0
1189,297.25,mRNA,Raspberry,1.0
1189,297.25,mRNA,mKalama1,1.0
1190,297.5,topo,topoI,0.25
1190,297.5,topo,gyrase,0.25
1190,297.5,RNAP,RNAP,1.0
1190,297.5,mRNA,tetA,4.0
1190,297.5,mRNA,Raspberry,1.0
1190,297.5,mRNA,mKalama1,1.0
1191,297.75,topo,topoI,0.25
1191,297.75,topo,gyrase,0.25
1191,297.75,RNAP,RNAP,1.0
1191,297.75,mRNA,tetA,4.0
1191,297.75,mRNA,Raspberry,1.0
1191,297.75,mRNA,mKalama1,1.0
1192,298.0,topo,topoI,0.25
1192,298.0,topo,gyrase,0.25
1192,298.0,RNAP,RNAP,1.0
1192,298.0,mRNA,tetA,4.0
1192,298.0,mRNA,Raspberry,1.0
1192,298.0,mRNA,mKalama1,1.0
1193,298.25,topo,topoI,0.25
1193,298.25,topo,gyrase,0.25
1193,298.25,RNAP,RNAP,1.0
1193,298.25,mRNA,tetA,4.0
1193,298.25,mRNA,Raspberry,1.0
1193,298.25,mRNA,mKalama1,1.0
1194,298.5,topo,topoI,0.25
1194,298.5,topo,gyrase,0.25
1194,298.5,RNAP,RNAP,1.0
1194,298.5,mRNA,tetA,4.0
1194,298.5,mRNA,Raspberry,1.0
1194,298.5,mRNA,mKalama1,1.0
1195,298.75,topo,topoI,0.25
1195,298.75,topo,gyrase,0.25
1195,298.75,RNAP,RNAP,1.0
1195,298.75,mRNA,tetA,4.0
1195,298.75,mRNA,Raspberry,1.0
1195,298.75,mRNA,mKalama1,1.0
1196,299.0,topo,topoI,0.25
1196,299.0,topo,gyrase,0.25
1196,299.0,RNAP,RNAP,1.0
1196,299.0,mRNA,tetA,4.0
1196,299.0,mRNA,Raspberry,1.0
1196,299.0,mRNA,mKalama1,1.0
1197,299.25,topo,topoI,0.25
1197,299.25,topo,gyrase,0.25
1197,299.25,RNAP,RNAP,1.0
1197,299.25,mRNA,tetA,4.0
1197,299.25,mRNA,Raspberry,1.0
1197,299.25,mRNA,mKalama1,1.0
1198,299.5,topo,topoI,0.25
1198,299.5,topo,gyrase,0.25
1198,299.5,RNAP,RNAP,1.0
1198,299.5,mRNA,tetA,4.0
1198,299.5,mRNA,Raspberry,1.0
1198,299.5,mRNA,mKalama1,1.0
1199,299.75,topo,topoI,0.25
1199,299.75,topo,gyrase,0.25
1199,299.75,RNAP,RNAP,1.0
1199,299.75,mRNA,tetA,4.0
1199,299.75,mRNA,Raspberry,1.0
1199,299.75,mRNA,mKalama1,1.0
1200,300.0,topo,topoI,0.25
1200,300.0,topo,gyrase,0.25
1200,300.0,RNAP,RNAP,1.0
1200,300.0,mRNA,tetA,4.0
1200,300.0,mRNA,Raspberry,1.0
1200,300.0,mRNA,mKalama1,1.0
1201,300.25,topo,topoI,0.25
1201,300.25,topo,gyrase,0.25
1201,300.25,RNAP,RNAP,1.0
1201,300.25,mRNA,tetA,4.0
1201,300.25,mRNA,Raspberry,1.0
1201,300.25,mRNA,mKalama1,1.0
1202,300.5,topo,topoI,0.25
1202,300.5,topo,gyrase,0.25
1202,300.5,RNAP,RNAP,1.0
1202,300.5,mRNA,tetA,4.0
1202,300.5,mRNA,Raspberry,1.0
1202,300.5,mRNA,mKalama1,1.0
1203,300.75,topo,topoI,0.25
1203,300.75,topo,gyrase,0.25
1203,300.75,RNAP,RNAP,1.0
1203,300.75,mRNA,tetA,4.0
1203,300.75,mRNA,Raspberry,1.0
1203,300.75,mRNA,mKalama1,1.0
1204,301.0,topo,topoI,0.25
1204,301.0,topo,gyrase,0.25
1204,301.0,RNAP,RNAP,1.0
1204,301.0,mRNA,tetA,4.0
1204,301.0,mRNA,Raspberry,1.0
1204,301.0,mRNA,mKalama1,1.0
1205,301.25,topo,topoI,0.25
1205,301.25,topo,gyrase,0.25
1205,301.25,RNAP,RNAP,1.0
1205,301.25,mRNA,tetA,4.0
1205,301.25,mRNA,Raspberry,1.0
1205,301.25,mRNA,mKalama1,1.0
1206,301.5,topo,topoI,0.25
1206,301.5,topo,gyrase,0.25
1206,301.5,RNAP,RNAP,1.0
1206,301.5,mRNA,tetA,4.0
1206,301.5,mRNA,Raspberry,1.0
1206,301.5,mRNA,mKalama1,1.0
1207,301.75,topo,topoI,0.25
1207,301.75,topo,gyrase,0.25
1207,301.75,RNAP,RNAP,1.0
1207,301.75,mRNA,tetA,4.0
1207,301.75,mRNA,Raspberry,1.0
1207,301.75,mRNA,mKalama1,1.0
1208,302.0,topo,topoI,0.25
1208,302.0,topo,gyrase,0.25
1208,302.0,RNAP,RNAP,1.0
1208,302.0,mRNA,tetA,4.0
1208,302.0,mRNA,Raspberry,1.0
1208,302.0,mRNA,mKalama1,1.0
1209,302.25,topo,topoI,0.25
1209,302.25,topo,gyrase,0.25
1209,302.25,RNAP,RNAP,1.0
1209,302.25,mRNA,tetA,4.0
1209,302.25,mRNA,Raspberry,1.0
1209,302.25,mRNA,mKalama1,1.0
1210,302.5,topo,topoI,0.25
1210,302.5,topo,gyrase,0.25
1210,302.5,RNAP,RNAP,1.0
1210,302.5,mRNA,tetA,4.0
1210,302.5,mRNA,Raspberry,1.0
1210,302.5,mRNA,mKalama1,1.0
1211,302.75,topo,topoI,0.25
1211,302.75,topo,gyrase,0.25
1211,302.75,RNAP,RNAP,1.0
1211,302.75,mRNA,tetA,4.0
1211,302.75,mRNA,Raspberry,1.0
1211,302.75,mRNA,mKalama1,1.0
1212,303.0,topo,topoI,0.25
1212,303.0,topo,gyrase,0.25
1212,303.0,RNAP,RNAP,1.0
1212,303.0,mRNA,tetA,4.0
1212,303.0,mRNA,Raspberry,1.0
1212,303.0,mRNA,mKalama1,1.0
1213,303.25,topo,topoI,0.25
1213,303.25,topo,gyrase,0.25
1213,303.25,RNAP,RNAP,1.0
1213,303.25,mRNA,tetA,4.0
1213,303.25,mRNA,Raspberry,1.0
1213,303.25,mRNA,mKalama1,1.0
1214,303.5,topo,topoI,0.25
1214,303.5,topo,gyrase,0.25
1214,303.5,RNAP,RNAP,1.0
1214,303.5,mRNA,tetA,4.0
1214,303.5,mRNA,Raspberry,1.0
1214,303.5,mRNA,mKalama1,1.0
1215,303.75,topo,topoI,0.25
1215,303.75,topo,gyrase,0.25
1215,303.75,RNAP,RNAP,1.0
1215,303.75,mRNA,tetA,4.0
1215,303.75,mRNA,Raspberry,1.0
1215,303.75,mRNA,mKalama1,1.0
1216,304.0,topo,topoI,0.25
1216,304.0,topo,gyrase,0.25
1216,304.0,RNAP,RNAP,1.0
1216,304.0,mRNA,tetA,4.0
1216,304.0,mRNA,Raspberry,1.0
1216,304.0,mRNA,mKalama1,1.0
1217,304.25,topo,topoI,0.25
1217,304.25,topo,gyrase,0.25
1217,304.25,RNAP,RNAP,1.0
1217,304.25,mRNA,tetA,4.0
1217,304.25,mRNA,Raspberry,1.0
1217,304.25,mRNA,mKalama1,1.0
1218,304.5,topo,topoI,0.25
1218,304.5,topo,gyrase,0.25
1218,304.5,RNAP,RNAP,1.0
1218,304.5,mRNA,tetA,4.0
1218,304.5,mRNA,Raspberry,1.0
1218,304.5,mRNA,mKalama1,1.0
1219,304.75,topo,topoI,0.25
1219,304.75,topo,gyrase,0.25
1219,304.75,RNAP,RNAP,1.0
1219,304.75,mRNA,tetA,4.0
1219,304.75,mRNA,Raspberry,1.0
1219,304.75,mRNA,mKalama1,1.0
1220,305.0,topo,topoI,0.25
1220,305.0,topo,gyrase,0.25
1220,305.0,RNAP,RNAP,1.0
1220,305.0,mRNA,tetA,4.0
1220,305.0,mRNA,Raspberry,1.0
1220,305.0,mRNA,mKalama1,1.0
1221,305.25,topo,topoI,0.25
1221,305.25,topo,gyrase,0.25
1221,305.25,RNAP,RNAP,1.0
1221,305.25,mRNA,tetA,4.0
1221,305.25,mRNA,Raspberry,1.0
1221,305.25,mRNA,mKalama1,1.0
1222,305.5,topo,topoI,0.25
1222,305.5,topo,gyrase,0.25
1222,305.5,RNAP,RNAP,1.0
1222,305.5,mRNA,tetA,4.0
1222,305.5,mRNA,Raspberry,1.0
1222,305.5,mRNA,mKalama1,1.0
1223,305.75,topo,topoI,0.25
1223,305.75,topo,gyrase,0.25
1223,305.75,RNAP,RNAP,1.0
1223,305.75,mRNA,tetA,4.0
1223,305.75,mRNA,Raspberry,1.0
1223,305.75,mRNA,mKalama1,1.0
1224,306.0,topo,topoI,0.25
1224,306.0,topo,gyrase,0.25
1224,306.0,RNAP,RNAP,1.0
1224,306.0,mRNA,tetA,4.0
1224,306.0,mRNA,Raspberry,1.0
1224,306.0,mRNA,mKalama1,1.0
1225,306.25,topo,topoI,0.25
1225,306.25,topo,gyrase,0.25
1225,306.25,RNAP,RNAP,1.0
1225,306.25,mRNA,tetA,4.0
1225,306.25,mRNA,Raspberry,1.0
1225,306.25,mRNA,mKalama1,1.0
1226,306.5,topo,topoI,0.25
1226,306.5,topo,gyrase,0.25
1226,306.5,RNAP,RNAP,1.0
1226,306.5,mRNA,tetA,4.0
1226,306.5,mRNA,Raspberry,1.0
1226,306.5,mRNA,mKalama1,1.0
1227,306.75,topo,topoI,0.25
1227,306.75,topo,gyrase,0.25
1227,306.75,RNAP,RNAP,1.0
1227,306.75,mRNA,tetA,4.0
1227,306.75,mRNA,Raspberry,1.0
1227,306.75,mRNA,mKalama1,1.0
1228,307.0,topo,topoI,0.25
1228,307.0,topo,gyrase,0.25
1228,307.0,RNAP,RNAP,1.0
1228,307.0,mRNA,tetA,4.0
1228,307.0,mRNA,Raspberry,1.0
1228,307.0,mRNA,mKalama1,1.0
1229,307.25,topo,topoI,0.25
1229,307.25,topo,gyrase,0.25
1229,307.25,RNAP,RNAP,1.0
1229,307.25,mRNA,tetA,4.0
1229,307.25,mRNA,Raspberry,1.0
1229,307.25,mRNA,mKalama1,1.0
1230,307.5,topo,topoI,0.25
1230,307.5,topo,gyrase,0.25
1230,307.5,RNAP,RNAP,1.0
1230,307.5,mRNA,tetA,4.0
1230,307.5,mRNA,Raspberry,1.0
1230,307.5,mRNA,mKalama1,1.0
1231,307.75,topo,topoI,0.25
1231,307.75,topo,gyrase,0.25
1231,307.75,RNAP,RNAP,1.0
1231,307.75,mRNA,tetA,4.0
1231,307.75,mRNA,Raspberry,1.0
1231,307.75,mRNA,mKalama1,1.0
1232,308.0,topo,topoI,0.25
1232,308.0,topo,gyrase,0.25
1232,308.0,RNAP,RNAP,1.0
1232,308.0,mRNA,tetA,4.0
1232,308.0,mRNA,Raspberry,1.0
1232,308.0,mRNA,mKalama1,1.0
1233,308.25,topo,topoI,0.25
1233,308.25,topo,gyrase,0.25
1233,308.25,RNAP,RNAP,1.0
1233,308.25,mRNA,tetA,4.0
1233,308.25,mRNA,Raspberry,1.0
1233,308.25,mRNA,mKalama1,1.0
1234,308.5,topo,topoI,0.25
1234,308.5,topo,gyrase,0.25
1234,308.5,RNAP,RNAP,1.0
1234,308.5,mRNA,tetA,4.0
1234,308.5,mRNA,Raspberry,1.0
1234,308.5,mRNA,mKalama1,1.0
1235,308.75,topo,topoI,0.25
1235,308.75,topo,gyrase,0.25
1235,308.75,RNAP,RNAP,1.0
1235,308.75,mRNA,tetA,4.0
1235,308.75,mRNA,Raspberry,1.0
1235,308.75,mRNA,mKalama1,1.0
1236,309.0,topo,topoI,0.25
1236,309.0,topo,gyrase,0.25
1236,309.0,RNAP,RNAP,1.0
1236,309.0,mRNA,tetA,4.0
1236,309.0,mRNA,Raspberry,1.0
1236,309.0,mRNA,mKalama1,1.0
1237,309.25,topo,topoI,0.25
1237,309.25,topo,gyrase,0.25
1237,309.25,RNAP,RNAP,1.0
1237,309.25,mRNA,tetA,4.0
1237,309.25,mRNA,Raspberry,1.0
1237,309.25,mRNA,mKalama1,1.0
1238,309.5,topo,topoI,0.25
1238,309.5,topo,gyrase,0.25
1238,309.5,RNAP,RNAP,1.0
1238,309.5,mRNA,tetA,4.0
1238,309.5,mRNA,Raspberry,1.0
1238,309.5,mRNA,mKalama1,1.0
1239,309.75,topo,topoI,0.25
1239,309.75,topo,gyrase,0.25
1239,309.75,RNAP,RNAP,1.0
1239,309.75,mRNA,tetA,4.0
1239,309.75,mRNA,Raspberry,1.0
1239,309.75,mRNA,mKalama1,1.0
1240,310.0,topo,topoI,0.25
1240,310.0,topo,gyrase,0.25
1240,310.0,RNAP,RNAP,1.0
1240,310.0,mRNA,tetA,4.0
1240,310.0,mRNA,Raspberry,1.0
1240,310.0,mRNA,mKalama1,1.0
1241,310.25,topo,topoI,0.25
1241,310.25,topo,gyrase,0.25
1241,310.25,RNAP,RNAP,1.0
1241,310.25,mRNA,tetA,4.0
1241,310.25,mRNA,Raspberry,1.0
1241,310.25,mRNA,mKalama1,1.0
1242,310.5,topo,topoI,0.25
1242,310.5,topo,gyrase,0.25
1242,310.5,RNAP,RNAP,1.0
1242,310.5,mRNA,tetA,4.0
1242,310.5,mRNA,Raspberry,1.0
1242,310.5,mRNA,mKalama1,1.0
1243,310.75,topo,topoI,0.25
1243,310.75,topo,gyrase,0.25
1243,310.75,RNAP,RNAP,1.0
1243,310.75,mRNA,tetA,4.0
1243,310.75,mRNA,Raspberry,1.0
1243,310.75,mRNA,mKalama1,1.0
1244,311.0,topo,topoI,0.25
1244,311.0,topo,gyrase,0.25
1244,311.0,RNAP,RNAP,1.0
1244,311.0,mRNA,tetA,4.0
1244,311.0,mRNA,Raspberry,1.0
1244,311.0,mRNA,mKalama1,1.0
1245,311.25,topo,topoI,0.25
1245,311.25,topo,gyrase,0.25
1245,311.25,RNAP,RNAP,1.0
1245,311.25,mRNA,tetA,4.0
1245,311.25,mRNA,Raspberry,1.0
1245,311.25,mRNA,mKalama1,1.0
1246,311.5,topo,topoI,0.25
1246,311.5,topo,gyrase,0.25
1246,311.5,RNAP,RNAP,1.0
1246,311.5,mRNA,tetA,4.0
1246,311.5,mRNA,Raspberry,1.0
1246,311.5,mRNA,mKalama1,1.0
1247,311.75,topo,topoI,0.25
1247,311.75,topo,gyrase,0.25
1247,311.75,RNAP,RNAP,1.0
1247,311.75,mRNA,tetA,4.0
1247,311.75,mRNA,Raspberry,1.0
1247,311.75,mRNA,mKalama1,1.0
1248,312.0,topo,topoI,0.25
1248,312.0,topo,gyrase,0.25
1248,312.0,RNAP,RNAP,1.0
1248,312.0,mRNA,tetA,4.0
1248,312.0,mRNA,Raspberry,1.0
1248,312.0,mRNA,mKalama1,1.0
1249,312.25,topo,topoI,0.25
1249,312.25,topo,gyrase,0.25
1249,312.25,RNAP,RNAP,1.0
1249,312.25,mRNA,tetA,4.0
1249,312.25,mRNA,Raspberry,1.0
1249,312.25,mRNA,mKalama1,1.0
1250,312.5,topo,topoI,0.25
1250,312.5,topo,gyrase,0.25
1250,312.5,RNAP,RNAP,1.0
1250,312.5,mRNA,tetA,4.0
1250,312.5,mRNA,Raspberry,1.0
1250,312.5,mRNA,mKalama1,1.0
1251,312.75,topo,topoI,0.25
1251,312.75,topo,gyrase,0.25
1251,312.75,RNAP,RNAP,1.0
1251,312.75,mRNA,tetA,4.0
1251,312.75,mRNA,Raspberry,1.0
1251,312.75,mRNA,mKalama1,1.0
1252,313.0,topo,topoI,0.25
1252,313.0,topo,gyrase,0.25
1252,313.0,RNAP,RNAP,1.0
1252,313.0,mRNA,tetA,4.0
1252,313.0,mRNA,Raspberry,1.0
1252,313.0,mRNA,mKalama1,1.0
1253,313.25,topo,topoI,0.25
1253,313.25,topo,gyrase,0.25
1253,313.25,RNAP,RNAP,1.0
1253,313.25,mRNA,tetA,4.0
1253,313.25,mRNA,Raspberry,1.0
1253,313.25,mRNA,mKalama1,1.0
1254,313.5,topo,topoI,0.25
1254,313.5,topo,gyrase,0.25
1254,313.5,RNAP,RNAP,1.0
1254,313.5,mRNA,tetA,4.0
1254,313.5,mRNA,Raspberry,1.0
1254,313.5,mRNA,mKalama1,1.0
1255,313.75,topo,topoI,0.25
1255,313.75,topo,gyrase,0.25
1255,313.75,RNAP,RNAP,1.0
1255,313.75,mRNA,tetA,4.0
1255,313.75,mRNA,Raspberry,1.0
1255,313.75,mRNA,mKalama1,1.0
1256,314.0,topo,topoI,0.25
1256,314.0,topo,gyrase,0.25
1256,314.0,RNAP,RNAP,1.0
1256,314.0,mRNA,tetA,4.0
1256,314.0,mRNA,Raspberry,1.0
1256,314.0,mRNA,mKalama1,1.0
1257,314.25,topo,topoI,0.25
1257,314.25,topo,gyrase,0.25
1257,314.25,RNAP,RNAP,1.0
1257,314.25,mRNA,tetA,4.0
1257,314.25,mRNA,Raspberry,1.0
1257,314.25,mRNA,mKalama1,1.0
1258,314.5,topo,topoI,0.25
1258,314.5,topo,gyrase,0.25
1258,314.5,RNAP,RNAP,1.0
1258,314.5,mRNA,tetA,4.0
1258,314.5,mRNA,Raspberry,1.0
1258,314.5,mRNA,mKalama1,1.0
1259,314.75,topo,topoI,0.25
1259,314.75,topo,gyrase,0.25
1259,314.75,RNAP,RNAP,1.0
1259,314.75,mRNA,tetA,4.0
1259,314.75,mRNA,Raspberry,1.0
1259,314.75,mRNA,mKalama1,1.0
1260,315.0,topo,topoI,0.25
1260,315.0,topo,gyrase,0.25
1260,315.0,RNAP,RNAP,1.0
1260,315.0,mRNA,tetA,4.0
1260,315.0,mRNA,Raspberry,1.0
1260,315.0,mRNA,mKalama1,1.0
1261,315.25,topo,topoI,0.25
1261,315.25,topo,gyrase,0.25
1261,315.25,RNAP,RNAP,1.0
1261,315.25,mRNA,tetA,4.0
1261,315.25,mRNA,Raspberry,1.0
1261,315.25,mRNA,mKalama1,1.0
1262,315.5,topo,topoI,0.25
1262,315.5,topo,gyrase,0.25
1262,315.5,RNAP,RNAP,1.0
1262,315.5,mRNA,tetA,4.0
1262,315.5,mRNA,Raspberry,1.0
1262,315.5,mRNA,mKalama1,1.0
1263,315.75,topo,topoI,0.25
1263,315.75,topo,gyrase,0.25
1263,315.75,RNAP,RNAP,1.0
1263,315.75,mRNA,tetA,4.0
1263,315.75,mRNA,Raspberry,1.0
1263,315.75,mRNA,mKalama1,1.0
1264,316.0,topo,topoI,0.25
1264,316.0,topo,gyrase,0.25
1264,316.0,RNAP,RNAP,1.0
1264,316.0,mRNA,tetA,4.0
1264,316.0,mRNA,Raspberry,1.0
1264,316.0,mRNA,mKalama1,1.0
1265,316.25,topo,topoI,0.25
1265,316.25,topo,gyrase,0.25
1265,316.25,RNAP,RNAP,1.0
1265,316.25,mRNA,tetA,4.0
1265,316.25,mRNA,Raspberry,1.0
1265,316.25,mRNA,mKalama1,1.0
1266,316.5,topo,topoI,0.25
1266,316.5,topo,gyrase,0.25
1266,316.5,RNAP,RNAP,1.0
1266,316.5,mRNA,tetA,4.0
1266,316.5,mRNA,Raspberry,1.0
1266,316.5,mRNA,mKalama1,1.0
1267,316.75,topo,topoI,0.25
1267,316.75,topo,gyrase,0.25
1267,316.75,RNAP,RNAP,1.0
1267,316.75,mRNA,tetA,4.0
1267,316.75,mRNA,Raspberry,1.0
1267,316.75,mRNA,mKalama1,1.0
1268,317.0,topo,topoI,0.25
1268,317.0,topo,gyrase,0.25
1268,317.0,RNAP,RNAP,1.0
1268,317.0,mRNA,tetA,4.0
1268,317.0,mRNA,Raspberry,1.0
1268,317.0,mRNA,mKalama1,1.0
1269,317.25,topo,topoI,0.25
1269,317.25,topo,gyrase,0.25
1269,317.25,RNAP,RNAP,1.0
1269,317.25,mRNA,tetA,4.0
1269,317.25,mRNA,Raspberry,1.0
1269,317.25,mRNA,mKalama1,1.0
1270,317.5,topo,topoI,0.25
1270,317.5,topo,gyrase,0.25
1270,317.5,RNAP,RNAP,1.0
1270,317.5,mRNA,tetA,4.0
1270,317.5,mRNA,Raspberry,1.0
1270,317.5,mRNA,mKalama1,1.0
1271,317.75,topo,topoI,0.25
1271,317.75,topo,gyrase,0.25
1271,317.75,RNAP,RNAP,1.0
1271,317.75,mRNA,tetA,4.0
1271,317.75,mRNA,Raspberry,1.0
1271,317.75,mRNA,mKalama1,1.0
1272,318.0,topo,topoI,0.25
1272,318.0,topo,gyrase,0.25
1272,318.0,RNAP,RNAP,1.0
1272,318.0,mRNA,tetA,4.0
1272,318.0,mRNA,Raspberry,1.0
1272,318.0,mRNA,mKalama1,1.0
1273,318.25,topo,topoI,0.25
1273,318.25,topo,gyrase,0.25
1273,318.25,RNAP,RNAP,1.0
1273,318.25,mRNA,tetA,4.0
1273,318.25,mRNA,Raspberry,1.0
1273,318.25,mRNA,mKalama1,1.0
1274,318.5,topo,topoI,0.25
1274,318.5,topo,gyrase,0.25
1274,318.5,RNAP,RNAP,1.0
1274,318.5,mRNA,tetA,5.0
1274,318.5,mRNA,Raspberry,1.0
1274,318.5,mRNA,mKalama1,1.0
1275,318.75,topo,topoI,0.25
1275,318.75,topo,gyrase,0.25
1275,318.75,RNAP,RNAP,1.0
1275,318.75,mRNA,tetA,5.0
1275,318.75,mRNA,Raspberry,1.0
1275,318.75,mRNA,mKalama1,1.0
1276,319.0,topo,topoI,0.25
1276,319.0,topo,gyrase,0.25
1276,319.0,RNAP,RNAP,1.0
1276,319.0,mRNA,tetA,5.0
1276,319.0,mRNA,Raspberry,1.0
1276,319.0,mRNA,mKalama1,1.0
1277,319.25,topo,topoI,0.25
1277,319.25,topo,gyrase,0.25
1277,319.25,RNAP,RNAP,1.0
1277,319.25,mRNA,tetA,5.0
1277,319.25,mRNA,Raspberry,1.0
1277,319.25,mRNA,mKalama1,1.0
1278,319.5,topo,topoI,0.25
1278,319.5,topo,gyrase,0.25
1278,319.5,RNAP,RNAP,1.0
1278,319.5,mRNA,tetA,5.0
1278,319.5,mRNA,Raspberry,1.0
1278,319.5,mRNA,mKalama1,1.0
1279,319.75,topo,topoI,0.25
1279,319.75,topo,gyrase,0.25
1279,319.75,RNAP,RNAP,1.0
1279,319.75,mRNA,tetA,5.0
1279,319.75,mRNA,Raspberry,1.0
1279,319.75,mRNA,mKalama1,1.0
1280,320.0,topo,topoI,0.25
1280,320.0,topo,gyrase,0.25
1280,320.0,RNAP,RNAP,1.0
1280,320.0,mRNA,tetA,5.0
1280,320.0,mRNA,Raspberry,1.0
1280,320.0,mRNA,mKalama1,1.0
1281,320.25,topo,topoI,0.25
1281,320.25,topo,gyrase,0.25
1281,320.25,RNAP,RNAP,1.0
1281,320.25,mRNA,tetA,5.0
1281,320.25,mRNA,Raspberry,1.0
1281,320.25,mRNA,mKalama1,1.0
1282,320.5,topo,topoI,0.25
1282,320.5,topo,gyrase,0.25
1282,320.5,RNAP,RNAP,1.0
1282,320.5,mRNA,tetA,5.0
1282,320.5,mRNA,Raspberry,1.0
1282,320.5,mRNA,mKalama1,1.0
1283,320.75,topo,topoI,0.25
1283,320.75,topo,gyrase,0.25
1283,320.75,RNAP,RNAP,1.0
1283,320.75,mRNA,tetA,5.0
1283,320.75,mRNA,Raspberry,1.0
1283,320.75,mRNA,mKalama1,1.0
1284,321.0,topo,topoI,0.25
1284,321.0,topo,gyrase,0.25
1284,321.0,RNAP,RNAP,1.0
1284,321.0,mRNA,tetA,5.0
1284,321.0,mRNA,Raspberry,1.0
1284,321.0,mRNA,mKalama1,1.0
1285,321.25,topo,topoI,0.25
1285,321.25,topo,gyrase,0.25
1285,321.25,RNAP,RNAP,1.0
1285,321.25,mRNA,tetA,5.0
1285,321.25,mRNA,Raspberry,1.0
1285,321.25,mRNA,mKalama1,1.0
1286,321.5,topo,topoI,0.25
1286,321.5,topo,gyrase,0.25
1286,321.5,RNAP,RNAP,1.0
1286,321.5,mRNA,tetA,5.0
1286,321.5,mRNA,Raspberry,1.0
1286,321.5,mRNA,mKalama1,1.0
1287,321.75,topo,topoI,0.25
1287,321.75,topo,gyrase,0.25
1287,321.75,RNAP,RNAP,1.0
1287,321.75,mRNA,tetA,5.0
1287,321.75,mRNA,Raspberry,1.0
1287,321.75,mRNA,mKalama1,1.0
1288,322.0,topo,topoI,0.25
1288,322.0,topo,gyrase,0.25
1288,322.0,RNAP,RNAP,1.0
1288,322.0,mRNA,tetA,5.0
1288,322.0,mRNA,Raspberry,1.0
1288,322.0,mRNA,mKalama1,1.0
1289,322.25,topo,topoI,0.25
1289,322.25,topo,gyrase,0.25
1289,322.25,RNAP,RNAP,1.0
1289,322.25,mRNA,tetA,5.0
1289,322.25,mRNA,Raspberry,1.0
1289,322.25,mRNA,mKalama1,1.0
1290,322.5,topo,topoI,0.25
1290,322.5,topo,gyrase,0.25
1290,322.5,RNAP,RNAP,1.0
1290,322.5,mRNA,tetA,5.0
1290,322.5,mRNA,Raspberry,1.0
1290,322.5,mRNA,mKalama1,1.0
1291,322.75,topo,topoI,0.25
1291,322.75,topo,gyrase,0.25
1291,322.75,RNAP,RNAP,1.0
1291,322.75,mRNA,tetA,5.0
1291,322.75,mRNA,Raspberry,1.0
1291,322.75,mRNA,mKalama1,1.0
1292,323.0,topo,topoI,0.25
1292,323.0,topo,gyrase,0.25
1292,323.0,RNAP,RNAP,1.0
1292,323.0,mRNA,tetA,5.0
1292,323.0,mRNA,Raspberry,1.0
1292,323.0,mRNA,mKalama1,1.0
1293,323.25,topo,topoI,0.25
1293,323.25,topo,gyrase,0.25
1293,323.25,RNAP,RNAP,1.0
1293,323.25,mRNA,tetA,5.0
1293,323.25,mRNA,Raspberry,1.0
1293,323.25,mRNA,mKalama1,1.0
1294,323.5,topo,topoI,0.25
1294,323.5,topo,gyrase,0.25
1294,323.5,RNAP,RNAP,1.0
1294,323.5,mRNA,tetA,5.0
1294,323.5,mRNA,Raspberry,1.0
1294,323.5,mRNA,mKalama1,1.0
1295,323.75,topo,topoI,0.25
1295,323.75,topo,gyrase,0.25
1295,323.75,RNAP,RNAP,1.0
1295,323.75,mRNA,tetA,5.0
1295,323.75,mRNA,Raspberry,1.0
1295,323.75,mRNA,mKalama1,1.0
1296,324.0,topo,topoI,0.25
1296,324.0,topo,gyrase,0.25
1296,324.0,RNAP,RNAP,1.0
1296,324.0,mRNA,tetA,5.0
1296,324.0,mRNA,Raspberry,1.0
1296,324.0,mRNA,mKalama1,1.0
1297,324.25,topo,topoI,0.25
1297,324.25,topo,gyrase,0.25
1297,324.25,RNAP,RNAP,1.0
1297,324.25,mRNA,tetA,5.0
1297,324.25,mRNA,Raspberry,1.0
1297,324.25,mRNA,mKalama1,1.0
1298,324.5,topo,topoI,0.25
1298,324.5,topo,gyrase,0.25
1298,324.5,RNAP,RNAP,1.0
1298,324.5,mRNA,tetA,5.0
1298,324.5,mRNA,Raspberry,1.0
1298,324.5,mRNA,mKalama1,1.0
1299,324.75,topo,topoI,0.25
1299,324.75,topo,gyrase,0.25
1299,324.75,RNAP,RNAP,1.0
1299,324.75,mRNA,tetA,5.0
1299,324.75,mRNA,Raspberry,1.0
1299,324.75,mRNA,mKalama1,1.0
1300,325.0,topo,topoI,0.25
1300,325.0,topo,gyrase,0.25
1300,325.0,RNAP,RNAP,1.0
1300,325.0,mRNA,tetA,5.0
1300,325.0,mRNA,Raspberry,1.0
1300,325.0,mRNA,mKalama1,1.0
1301,325.25,topo,topoI,0.25
1301,325.25,topo,gyrase,0.25
1301,325.25,RNAP,RNAP,1.0
1301,325.25,mRNA,tetA,5.0
1301,325.25,mRNA,Raspberry,1.0
1301,325.25,mRNA,mKalama1,1.0
1302,325.5,topo,topoI,0.25
1302,325.5,topo,gyrase,0.25
1302,325.5,RNAP,RNAP,1.0
1302,325.5,mRNA,tetA,5.0
1302,325.5,mRNA,Raspberry,1.0
1302,325.5,mRNA,mKalama1,1.0
1303,325.75,topo,topoI,0.25
1303,325.75,topo,gyrase,0.25
1303,325.75,RNAP,RNAP,1.0
1303,325.75,mRNA,tetA,5.0
1303,325.75,mRNA,Raspberry,1.0
1303,325.75,mRNA,mKalama1,1.0
1304,326.0,topo,topoI,0.25
1304,326.0,topo,gyrase,0.25
1304,326.0,RNAP,RNAP,1.0
1304,326.0,mRNA,tetA,5.0
1304,326.0,mRNA,Raspberry,1.0
1304,326.0,mRNA,mKalama1,1.0
1305,326.25,topo,topoI,0.25
1305,326.25,topo,gyrase,0.25
1305,326.25,RNAP,RNAP,1.0
1305,326.25,mRNA,tetA,5.0
1305,326.25,mRNA,Raspberry,1.0
1305,326.25,mRNA,mKalama1,1.0
1306,326.5,topo,topoI,0.25
1306,326.5,topo,gyrase,0.25
1306,326.5,RNAP,RNAP,1.0
1306,326.5,mRNA,tetA,5.0
1306,326.5,mRNA,Raspberry,1.0
1306,326.5,mRNA,mKalama1,1.0
1307,326.75,topo,topoI,0.25
1307,326.75,topo,gyrase,0.25
1307,326.75,RNAP,RNAP,1.0
1307,326.75,mRNA,tetA,5.0
1307,326.75,mRNA,Raspberry,1.0
1307,326.75,mRNA,mKalama1,1.0
1308,327.0,topo,topoI,0.25
1308,327.0,topo,gyrase,0.25
1308,327.0,RNAP,RNAP,1.0
1308,327.0,mRNA,tetA,5.0
1308,327.0,mRNA,Raspberry,1.0
1308,327.0,mRNA,mKalama1,1.0
1309,327.25,topo,topoI,0.25
1309,327.25,topo,gyrase,0.25
1309,327.25,RNAP,RNAP,1.0
1309,327.25,mRNA,tetA,5.0
1309,327.25,mRNA,Raspberry,1.0
1309,327.25,mRNA,mKalama1,1.0
1310,327.5,topo,topoI,0.25
1310,327.5,topo,gyrase,0.25
1310,327.5,RNAP,RNAP,1.0
1310,327.5,mRNA,tetA,5.0
1310,327.5,mRNA,Raspberry,1.0
1310,327.5,mRNA,mKalama1,1.0
1311,327.75,topo,topoI,0.25
1311,327.75,topo,gyrase,0.25
1311,327.75,RNAP,RNAP,1.0
1311,327.75,mRNA,tetA,5.0
1311,327.75,mRNA,Raspberry,1.0
1311,327.75,mRNA,mKalama1,1.0
1312,328.0,topo,topoI,0.25
1312,328.0,topo,gyrase,0.25
1312,328.0,RNAP,RNAP,1.0
1312,328.0,mRNA,tetA,5.0
1312,328.0,mRNA,Raspberry,1.0
1312,328.0,mRNA,mKalama1,1.0
1313,328.25,topo,topoI,0.25
1313,328.25,topo,gyrase,0.25
1313,328.25,RNAP,RNAP,1.0
1313,328.25,mRNA,tetA,5.0
1313,328.25,mRNA,Raspberry,1.0
1313,328.25,mRNA,mKalama1,1.0
1314,328.5,topo,topoI,0.25
1314,328.5,topo,gyrase,0.25
1314,328.5,RNAP,RNAP,1.0
1314,328.5,mRNA,tetA,5.0
1314,328.5,mRNA,Raspberry,1.0
1314,328.5,mRNA,mKalama1,1.0
1315,328.75,topo,topoI,0.25
1315,328.75,topo,gyrase,0.25
1315,328.75,RNAP,RNAP,1.0
1315,328.75,mRNA,tetA,5.0
1315,328.75,mRNA,Raspberry,1.0
1315,328.75,mRNA,mKalama1,1.0
1316,329.0,topo,topoI,0.25
1316,329.0,topo,gyrase,0.25
1316,329.0,RNAP,RNAP,1.0
1316,329.0,mRNA,tetA,5.0
1316,329.0,mRNA,Raspberry,1.0
1316,329.0,mRNA,mKalama1,1.0
1317,329.25,topo,topoI,0.25
1317,329.25,topo,gyrase,0.25
1317,329.25,RNAP,RNAP,1.0
1317,329.25,mRNA,tetA,5.0
1317,329.25,mRNA,Raspberry,1.0
1317,329.25,mRNA,mKalama1,1.0
1318,329.5,topo,topoI,0.25
1318,329.5,topo,gyrase,0.25
1318,329.5,RNAP,RNAP,1.0
1318,329.5,mRNA,tetA,5.0
1318,329.5,mRNA,Raspberry,1.0
1318,329.5,mRNA,mKalama1,1.0
1319,329.75,topo,topoI,0.25
1319,329.75,topo,gyrase,0.25
1319,329.75,RNAP,RNAP,1.0
1319,329.75,mRNA,tetA,5.0
1319,329.75,mRNA,Raspberry,1.0
1319,329.75,mRNA,mKalama1,1.0
1320,330.0,topo,topoI,0.25
1320,330.0,topo,gyrase,0.25
1320,330.0,RNAP,RNAP,1.0
1320,330.0,mRNA,tetA,5.0
1320,330.0,mRNA,Raspberry,1.0
1320,330.0,mRNA,mKalama1,1.0
1321,330.25,topo,topoI,0.25
1321,330.25,topo,gyrase,0.25
1321,330.25,RNAP,RNAP,1.0
1321,330.25,mRNA,tetA,5.0
1321,330.25,mRNA,Raspberry,1.0
1321,330.25,mRNA,mKalama1,1.0
1322,330.5,topo,topoI,0.25
1322,330.5,topo,gyrase,0.25
1322,330.5,RNAP,RNAP,1.0
1322,330.5,mRNA,tetA,5.0
1322,330.5,mRNA,Raspberry,1.0
1322,330.5,mRNA,mKalama1,1.0
1323,330.75,topo,topoI,0.25
1323,330.75,topo,gyrase,0.25
1323,330.75,RNAP,RNAP,1.0
1323,330.75,mRNA,tetA,5.0
1323,330.75,mRNA,Raspberry,1.0
1323,330.75,mRNA,mKalama1,1.0
1324,331.0,topo,topoI,0.25
1324,331.0,topo,gyrase,0.25
1324,331.0,RNAP,RNAP,1.0
1324,331.0,mRNA,tetA,5.0
1324,331.0,mRNA,Raspberry,1.0
1324,331.0,mRNA,mKalama1,1.0
1325,331.25,topo,topoI,0.25
1325,331.25,topo,gyrase,0.25
1325,331.25,RNAP,RNAP,1.0
1325,331.25,mRNA,tetA,5.0
1325,331.25,mRNA,Raspberry,1.0
1325,331.25,mRNA,mKalama1,1.0
1326,331.5,topo,topoI,0.25
1326,331.5,topo,gyrase,0.25
1326,331.5,RNAP,RNAP,1.0
1326,331.5,mRNA,tetA,5.0
1326,331.5,mRNA,Raspberry,1.0
1326,331.5,mRNA,mKalama1,1.0
1327,331.75,topo,topoI,0.25
1327,331.75,topo,gyrase,0.25
1327,331.75,RNAP,RNAP,1.0
1327,331.75,mRNA,tetA,5.0
1327,331.75,mRNA,Raspberry,1.0
1327,331.75,mRNA,mKalama1,1.0
1328,332.0,topo,topoI,0.25
1328,332.0,topo,gyrase,0.25
1328,332.0,RNAP,RNAP,1.0
1328,332.0,mRNA,tetA,5.0
1328,332.0,mRNA,Raspberry,1.0
1328,332.0,mRNA,mKalama1,1.0
1329,332.25,topo,topoI,0.25
1329,332.25,topo,gyrase,0.25
1329,332.25,RNAP,RNAP,1.0
1329,332.25,mRNA,tetA,5.0
1329,332.25,mRNA,Raspberry,1.0
1329,332.25,mRNA,mKalama1,1.0
1330,332.5,topo,topoI,0.25
1330,332.5,topo,gyrase,0.25
1330,332.5,RNAP,RNAP,1.0
1330,332.5,mRNA,tetA,5.0
1330,332.5,mRNA,Raspberry,1.0
1330,332.5,mRNA,mKalama1,1.0
1331,332.75,topo,topoI,0.25
1331,332.75,topo,gyrase,0.25
1331,332.75,RNAP,RNAP,1.0
1331,332.75,mRNA,tetA,5.0
1331,332.75,mRNA,Raspberry,1.0
1331,332.75,mRNA,mKalama1,1.0
1332,333.0,topo,topoI,0.25
1332,333.0,topo,gyrase,0.25
1332,333.0,RNAP,RNAP,1.0
1332,333.0,mRNA,tetA,5.0
1332,333.0,mRNA,Raspberry,1.0
1332,333.0,mRNA,mKalama1,1.0
1333,333.25,topo,topoI,0.25
1333,333.25,topo,gyrase,0.25
1333,333.25,RNAP,RNAP,1.0
1333,333.25,mRNA,tetA,5.0
1333,333.25,mRNA,Raspberry,1.0
1333,333.25,mRNA,mKalama1,1.0
1334,333.5,topo,topoI,0.25
1334,333.5,topo,gyrase,0.25
1334,333.5,RNAP,RNAP,1.0
1334,333.5,mRNA,tetA,5.0
1334,333.5,mRNA,Raspberry,1.0
1334,333.5,mRNA,mKalama1,1.0
1335,333.75,topo,topoI,0.25
1335,333.75,topo,gyrase,0.25
1335,333.75,RNAP,RNAP,1.0
1335,333.75,mRNA,tetA,5.0
1335,333.75,mRNA,Raspberry,1.0
1335,333.75,mRNA,mKalama1,1.0
1336,334.0,topo,topoI,0.25
1336,334.0,topo,gyrase,0.25
1336,334.0,RNAP,RNAP,1.0
1336,334.0,mRNA,tetA,5.0
1336,334.0,mRNA,Raspberry,1.0
1336,334.0,mRNA,mKalama1,1.0
1337,334.25,topo,topoI,0.25
1337,334.25,topo,gyrase,0.25
1337,334.25,RNAP,RNAP,1.0
1337,334.25,mRNA,tetA,5.0
1337,334.25,mRNA,Raspberry,1.0
1337,334.25,mRNA,mKalama1,1.0
1338,334.5,topo,topoI,0.25
1338,334.5,topo,gyrase,0.25
1338,334.5,RNAP,RNAP,1.0
1338,334.5,mRNA,tetA,5.0
1338,334.5,mRNA,Raspberry,1.0
1338,334.5,mRNA,mKalama1,1.0
1339,334.75,topo,topoI,0.25
1339,334.75,topo,gyrase,0.25
1339,334.75,RNAP,RNAP,1.0
1339,334.75,mRNA,tetA,5.0
1339,334.75,mRNA,Raspberry,1.0
1339,334.75,mRNA,mKalama1,1.0
1340,335.0,topo,topoI,0.25
1340,335.0,topo,gyrase,0.25
1340,335.0,RNAP,RNAP,1.0
1340,335.0,mRNA,tetA,5.0
1340,335.0,mRNA,Raspberry,1.0
1340,335.0,mRNA,mKalama1,1.0
1341,335.25,topo,topoI,0.25
1341,335.25,topo,gyrase,0.25
1341,335.25,RNAP,RNAP,1.0
1341,335.25,mRNA,tetA,5.0
1341,335.25,mRNA,Raspberry,1.0
1341,335.25,mRNA,mKalama1,1.0
1342,335.5,topo,topoI,0.25
1342,335.5,topo,gyrase,0.25
1342,335.5,RNAP,RNAP,1.0
1342,335.5,mRNA,tetA,5.0
1342,335.5,mRNA,Raspberry,1.0
1342,335.5,mRNA,mKalama1,1.0
1343,335.75,topo,topoI,0.25
1343,335.75,topo,gyrase,0.25
1343,335.75,RNAP,RNAP,1.0
1343,335.75,mRNA,tetA,5.0
1343,335.75,mRNA,Raspberry,1.0
1343,335.75,mRNA,mKalama1,1.0
1344,336.0,topo,topoI,0.25
1344,336.0,topo,gyrase,0.25
1344,336.0,RNAP,RNAP,1.0
1344,336.0,mRNA,tetA,5.0
1344,336.0,mRNA,Raspberry,1.0
1344,336.0,mRNA,mKalama1,1.0
1345,336.25,topo,topoI,0.25
1345,336.25,topo,gyrase,0.25
1345,336.25,RNAP,RNAP,1.0
1345,336.25,mRNA,tetA,5.0
1345,336.25,mRNA,Raspberry,1.0
1345,336.25,mRNA,mKalama1,1.0
1346,336.5,topo,topoI,0.25
1346,336.5,topo,gyrase,0.25
1346,336.5,RNAP,RNAP,1.0
1346,336.5,mRNA,tetA,5.0
1346,336.5,mRNA,Raspberry,1.0
1346,336.5,mRNA,mKalama1,1.0
1347,336.75,topo,topoI,0.25
1347,336.75,topo,gyrase,0.25
1347,336.75,RNAP,RNAP,1.0
1347,336.75,mRNA,tetA,5.0
1347,336.75,mRNA,Raspberry,1.0
1347,336.75,mRNA,mKalama1,1.0
1348,337.0,topo,topoI,0.25
1348,337.0,topo,gyrase,0.25
1348,337.0,RNAP,RNAP,1.0
1348,337.0,mRNA,tetA,5.0
1348,337.0,mRNA,Raspberry,1.0
1348,337.0,mRNA,mKalama1,1.0
1349,337.25,topo,topoI,0.25
1349,337.25,topo,gyrase,0.25
1349,337.25,RNAP,RNAP,1.0
1349,337.25,mRNA,tetA,5.0
1349,337.25,mRNA,Raspberry,1.0
1349,337.25,mRNA,mKalama1,1.0
1350,337.5,topo,topoI,0.25
1350,337.5,topo,gyrase,0.25
1350,337.5,RNAP,RNAP,1.0
1350,337.5,mRNA,tetA,5.0
1350,337.5,mRNA,Raspberry,1.0
1350,337.5,mRNA,mKalama1,1.0
1351,337.75,topo,topoI,0.25
1351,337.75,topo,gyrase,0.25
1351,337.75,RNAP,RNAP,1.0
1351,337.75,mRNA,tetA,5.0
1351,337.75,mRNA,Raspberry,1.0
1351,337.75,mRNA,mKalama1,1.0
1352,338.0,topo,topoI,0.25
1352,338.0,topo,gyrase,0.25
1352,338.0,RNAP,RNAP,1.0
1352,338.0,mRNA,tetA,5.0
1352,338.0,mRNA,Raspberry,1.0
1352,338.0,mRNA,mKalama1,1.0
1353,338.25,topo,topoI,0.25
1353,338.25,topo,gyrase,0.25
1353,338.25,RNAP,RNAP,1.0
1353,338.25,mRNA,tetA,5.0
1353,338.25,mRNA,Raspberry,1.0
1353,338.25,mRNA,mKalama1,1.0
1354,338.5,topo,topoI,0.25
1354,338.5,topo,gyrase,0.25
1354,338.5,RNAP,RNAP,1.0
1354,338.5,mRNA,tetA,5.0
1354,338.5,mRNA,Raspberry,1.0
1354,338.5,mRNA,mKalama1,1.0
1355,338.75,topo,topoI,0.25
1355,338.75,topo,gyrase,0.25
1355,338.75,RNAP,RNAP,1.0
1355,338.75,mRNA,tetA,5.0
1355,338.75,mRNA,Raspberry,1.0
1355,338.75,mRNA,mKalama1,1.0
1356,339.0,topo,topoI,0.25
1356,339.0,topo,gyrase,0.25
1356,339.0,RNAP,RNAP,1.0
1356,339.0,mRNA,tetA,5.0
1356,339.0,mRNA,Raspberry,1.0
1356,339.0,mRNA,mKalama1,1.0
1357,339.25,topo,topoI,0.25
1357,339.25,topo,gyrase,0.25
1357,339.25,RNAP,RNAP,1.0
1357,339.25,mRNA,tetA,5.0
1357,339.25,mRNA,Raspberry,1.0
1357,339.25,mRNA,mKalama1,1.0
1358,339.5,topo,topoI,0.25
1358,339.5,topo,gyrase,0.25
1358,339.5,RNAP,RNAP,1.0
1358,339.5,mRNA,tetA,5.0
1358,339.5,mRNA,Raspberry,1.0
1358,339.5,mRNA,mKalama1,1.0
1359,339.75,topo,topoI,0.25
1359,339.75,topo,gyrase,0.25
1359,339.75,RNAP,RNAP,1.0
1359,339.75,mRNA,tetA,5.0
1359,339.75,mRNA,Raspberry,1.0
1359,339.75,mRNA,mKalama1,1.0
1360,340.0,topo,topoI,0.25
1360,340.0,topo,gyrase,0.25
1360,340.0,RNAP,RNAP,1.0
1360,340.0,mRNA,tetA,5.0
1360,340.0,mRNA,Raspberry,1.0
1360,340.0,mRNA,mKalama1,1.0
1361,340.25,topo,topoI,0.25
1361,340.25,topo,gyrase,0.25
1361,340.25,RNAP,RNAP,1.0
1361,340.25,mRNA,tetA,5.0
1361,340.25,mRNA,Raspberry,1.0
1361,340.25,mRNA,mKalama1,1.0
1362,340.5,topo,topoI,0.25
1362,340.5,topo,gyrase,0.25
1362,340.5,RNAP,RNAP,1.0
1362,340.5,mRNA,tetA,5.0
1362,340.5,mRNA,Raspberry,1.0
1362,340.5,mRNA,mKalama1,1.0
1363,340.75,topo,topoI,0.25
1363,340.75,topo,gyrase,0.25
1363,340.75,RNAP,RNAP,1.0
1363,340.75,mRNA,tetA,5.0
1363,340.75,mRNA,Raspberry,1.0
1363,340.75,mRNA,mKalama1,1.0
1364,341.0,topo,topoI,0.25
1364,341.0,topo,gyrase,0.25
1364,341.0,RNAP,RNAP,1.0
1364,341.0,mRNA,tetA,5.0
1364,341.0,mRNA,Raspberry,1.0
1364,341.0,mRNA,mKalama1,1.0
1365,341.25,topo,topoI,0.25
1365,341.25,topo,gyrase,0.25
1365,341.25,RNAP,RNAP,1.0
1365,341.25,mRNA,tetA,5.0
1365,341.25,mRNA,Raspberry,1.0
1365,341.25,mRNA,mKalama1,1.0
1366,341.5,topo,topoI,0.25
1366,341.5,topo,gyrase,0.25
1366,341.5,RNAP,RNAP,1.0
1366,341.5,mRNA,tetA,5.0
1366,341.5,mRNA,Raspberry,1.0
1366,341.5,mRNA,mKalama1,1.0
1367,341.75,topo,topoI,0.25
1367,341.75,topo,gyrase,0.25
1367,341.75,RNAP,RNAP,1.0
1367,341.75,mRNA,tetA,5.0
1367,341.75,mRNA,Raspberry,1.0
1367,341.75,mRNA,mKalama1,1.0
1368,342.0,topo,topoI,0.25
1368,342.0,topo,gyrase,0.25
1368,342.0,RNAP,RNAP,1.0
1368,342.0,mRNA,tetA,5.0
1368,342.0,mRNA,Raspberry,1.0
1368,342.0,mRNA,mKalama1,1.0
1369,342.25,topo,topoI,0.25
1369,342.25,topo,gyrase,0.25
1369,342.25,RNAP,RNAP,1.0
1369,342.25,mRNA,tetA,5.0
1369,342.25,mRNA,Raspberry,1.0
1369,342.25,mRNA,mKalama1,1.0
1370,342.5,topo,topoI,0.25
1370,342.5,topo,gyrase,0.25
1370,342.5,RNAP,RNAP,1.0
1370,342.5,mRNA,tetA,5.0
1370,342.5,mRNA,Raspberry,1.0
1370,342.5,mRNA,mKalama1,1.0
1371,342.75,topo,topoI,0.25
1371,342.75,topo,gyrase,0.25
1371,342.75,RNAP,RNAP,1.0
1371,342.75,mRNA,tetA,5.0
1371,342.75,mRNA,Raspberry,1.0
1371,342.75,mRNA,mKalama1,1.0
1372,343.0,topo,topoI,0.25
1372,343.0,topo,gyrase,0.25
1372,343.0,RNAP,RNAP,1.0
1372,343.0,mRNA,tetA,5.0
1372,343.0,mRNA,Raspberry,1.0
1372,343.0,mRNA,mKalama1,1.0
1373,343.25,topo,topoI,0.25
1373,343.25,topo,gyrase,0.25
1373,343.25,RNAP,RNAP,1.0
1373,343.25,mRNA,tetA,5.0
1373,343.25,mRNA,Raspberry,1.0
1373,343.25,mRNA,mKalama1,1.0
1374,343.5,topo,topoI,0.25
1374,343.5,topo,gyrase,0.25
1374,343.5,RNAP,RNAP,1.0
1374,343.5,mRNA,tetA,5.0
1374,343.5,mRNA,Raspberry,1.0
1374,343.5,mRNA,mKalama1,1.0
1375,343.75,topo,topoI,0.25
1375,343.75,topo,gyrase,0.25
1375,343.75,RNAP,RNAP,1.0
1375,343.75,mRNA,tetA,5.0
1375,343.75,mRNA,Raspberry,1.0
1375,343.75,mRNA,mKalama1,1.0
1376,344.0,topo,topoI,0.25
1376,344.0,topo,gyrase,0.25
1376,344.0,RNAP,RNAP,1.0
1376,344.0,mRNA,tetA,5.0
1376,344.0,mRNA,Raspberry,1.0
1376,344.0,mRNA,mKalama1,1.0
1377,344.25,topo,topoI,0.25
1377,344.25,topo,gyrase,0.25
1377,344.25,RNAP,RNAP,1.0
1377,344.25,mRNA,tetA,5.0
1377,344.25,mRNA,Raspberry,1.0
1377,344.25,mRNA,mKalama1,1.0
1378,344.5,topo,topoI,0.25
1378,344.5,topo,gyrase,0.25
1378,344.5,RNAP,RNAP,1.0
1378,344.5,mRNA,tetA,5.0
1378,344.5,mRNA,Raspberry,1.0
1378,344.5,mRNA,mKalama1,1.0
1379,344.75,topo,topoI,0.25
1379,344.75,topo,gyrase,0.25
1379,344.75,RNAP,RNAP,1.0
1379,344.75,mRNA,tetA,5.0
1379,344.75,mRNA,Raspberry,1.0
1379,344.75,mRNA,mKalama1,1.0
1380,345.0,topo,topoI,0.25
1380,345.0,topo,gyrase,0.25
1380,345.0,RNAP,RNAP,1.0
1380,345.0,mRNA,tetA,5.0
1380,345.0,mRNA,Raspberry,1.0
1380,345.0,mRNA,mKalama1,1.0
1381,345.25,topo,topoI,0.25
1381,345.25,topo,gyrase,0.25
1381,345.25,RNAP,RNAP,1.0
1381,345.25,mRNA,tetA,5.0
1381,345.25,mRNA,Raspberry,1.0
1381,345.25,mRNA,mKalama1,1.0
1382,345.5,topo,topoI,0.25
1382,345.5,topo,gyrase,0.25
1382,345.5,RNAP,RNAP,1.0
1382,345.5,mRNA,tetA,5.0
1382,345.5,mRNA,Raspberry,1.0
1382,345.5,mRNA,mKalama1,1.0
1383,345.75,topo,topoI,0.25
1383,345.75,topo,gyrase,0.25
1383,345.75,RNAP,RNAP,1.0
1383,345.75,mRNA,tetA,5.0
1383,345.75,mRNA,Raspberry,1.0
1383,345.75,mRNA,mKalama1,1.0
1384,346.0,topo,topoI,0.25
1384,346.0,topo,gyrase,0.25
1384,346.0,RNAP,RNAP,1.0
1384,346.0,mRNA,tetA,5.0
1384,346.0,mRNA,Raspberry,1.0
1384,346.0,mRNA,mKalama1,1.0
1385,346.25,topo,topoI,0.25
1385,346.25,topo,gyrase,0.25
1385,346.25,RNAP,RNAP,1.0
1385,346.25,mRNA,tetA,5.0
1385,346.25,mRNA,Raspberry,1.0
1385,346.25,mRNA,mKalama1,1.0
1386,346.5,topo,topoI,0.25
1386,346.5,topo,gyrase,0.25
1386,346.5,RNAP,RNAP,1.0
1386,346.5,mRNA,tetA,5.0
1386,346.5,mRNA,Raspberry,1.0
1386,346.5,mRNA,mKalama1,1.0
1387,346.75,topo,topoI,0.25
1387,346.75,topo,gyrase,0.25
1387,346.75,RNAP,RNAP,1.0
1387,346.75,mRNA,tetA,5.0
1387,346.75,mRNA,Raspberry,1.0
1387,346.75,mRNA,mKalama1,1.0
1388,347.0,topo,topoI,0.25
1388,347.0,topo,gyrase,0.25
1388,347.0,RNAP,RNAP,1.0
1388,347.0,mRNA,tetA,5.0
1388,347.0,mRNA,Raspberry,1.0
1388,347.0,mRNA,mKalama1,1.0
1389,347.25,topo,topoI,0.25
1389,347.25,topo,gyrase,0.25
1389,347.25,RNAP,RNAP,1.0
1389,347.25,mRNA,tetA,5.0
1389,347.25,mRNA,Raspberry,1.0
1389,347.25,mRNA,mKalama1,1.0
1390,347.5,topo,topoI,0.25
1390,347.5,topo,gyrase,0.25
1390,347.5,RNAP,RNAP,1.0
1390,347.5,mRNA,tetA,5.0
1390,347.5,mRNA,Raspberry,1.0
1390,347.5,mRNA,mKalama1,1.0
1391,347.75,topo,topoI,0.25
1391,347.75,topo,gyrase,0.25
1391,347.75,RNAP,RNAP,1.0
1391,347.75,mRNA,tetA,5.0
1391,347.75,mRNA,Raspberry,1.0
1391,347.75,mRNA,mKalama1,1.0
1392,348.0,topo,topoI,0.25
1392,348.0,topo,gyrase,0.25
1392,348.0,RNAP,RNAP,1.0
1392,348.0,mRNA,tetA,5.0
1392,348.0,mRNA,Raspberry,1.0
1392,348.0,mRNA,mKalama1,1.0
1393,348.25,topo,topoI,0.25
1393,348.25,topo,gyrase,0.25
1393,348.25,RNAP,RNAP,1.0
1393,348.25,mRNA,tetA,5.0
1393,348.25,mRNA,Raspberry,1.0
1393,348.25,mRNA,mKalama1,1.0
1394,348.5,topo,topoI,0.25
1394,348.5,topo,gyrase,0.25
1394,348.5,RNAP,RNAP,1.0
1394,348.5,mRNA,tetA,5.0
1394,348.5,mRNA,Raspberry,1.0
1394,348.5,mRNA,mKalama1,1.0
1395,348.75,topo,topoI,0.25
1395,348.75,topo,gyrase,0.25
1395,348.75,RNAP,RNAP,1.0
1395,348.75,mRNA,tetA,5.0
1395,348.75,mRNA,Raspberry,1.0
1395,348.75,mRNA,mKalama1,1.0
1396,349.0,topo,topoI,0.25
1396,349.0,topo,gyrase,0.25
1396,349.0,RNAP,RNAP,1.0
1396,349.0,mRNA,tetA,5.0
1396,349.0,mRNA,Raspberry,1.0
1396,349.0,mRNA,mKalama1,1.0
1397,349.25,topo,topoI,0.25
1397,349.25,topo,gyrase,0.25
1397,349.25,RNAP,RNAP,1.0
1397,349.25,mRNA,tetA,5.0
1397,349.25,mRNA,Raspberry,1.0
1397,349.25,mRNA,mKalama1,1.0
1398,349.5,topo,topoI,0.25
1398,349.5,topo,gyrase,0.25
1398,349.5,RNAP,RNAP,1.0
1398,349.5,mRNA,tetA,5.0
1398,349.5,mRNA,Raspberry,1.0
1398,349.5,mRNA,mKalama1,1.0
1399,349.75,topo,topoI,0.25
1399,349.75,topo,gyrase,0.25
1399,349.75,RNAP,RNAP,1.0
1399,349.75,mRNA,tetA,5.0
1399,349.75,mRNA,Raspberry,1.0
1399,349.75,mRNA,mKalama1,1.0
1400,350.0,topo,topoI,0.25
1400,350.0,topo,gyrase,0.25
1400,350.0,RNAP,RNAP,1.0
1400,350.0,mRNA,tetA,5.0
1400,350.0,mRNA,Raspberry,1.0
1400,350.0,mRNA,mKalama1,1.0
1401,350.25,topo,topoI,0.25
1401,350.25,topo,gyrase,0.25
1401,350.25,RNAP,RNAP,1.0
1401,350.25,mRNA,tetA,5.0
1401,350.25,mRNA,Raspberry,1.0
1401,350.25,mRNA,mKalama1,1.0
1402,350.5,topo,topoI,0.25
1402,350.5,topo,gyrase,0.25
1402,350.5,RNAP,RNAP,1.0
1402,350.5,mRNA,tetA,5.0
1402,350.5,mRNA,Raspberry,1.0
1402,350.5,mRNA,mKalama1,1.0
1403,350.75,topo,topoI,0.25
1403,350.75,topo,gyrase,0.25
1403,350.75,RNAP,RNAP,1.0
1403,350.75,mRNA,tetA,5.0
1403,350.75,mRNA,Raspberry,1.0
1403,350.75,mRNA,mKalama1,1.0
1404,351.0,topo,topoI,0.25
1404,351.0,topo,gyrase,0.25
1404,351.0,RNAP,RNAP,1.0
1404,351.0,mRNA,tetA,5.0
1404,351.0,mRNA,Raspberry,1.0
1404,351.0,mRNA,mKalama1,1.0
1405,351.25,topo,topoI,0.25
1405,351.25,topo,gyrase,0.25
1405,351.25,RNAP,RNAP,1.0
1405,351.25,mRNA,tetA,5.0
1405,351.25,mRNA,Raspberry,1.0
1405,351.25,mRNA,mKalama1,1.0
1406,351.5,topo,topoI,0.25
1406,351.5,topo,gyrase,0.25
1406,351.5,RNAP,RNAP,1.0
1406,351.5,mRNA,tetA,5.0
1406,351.5,mRNA,Raspberry,1.0
1406,351.5,mRNA,mKalama1,1.0
1407,351.75,topo,topoI,0.25
1407,351.75,topo,gyrase,0.25
1407,351.75,RNAP,RNAP,1.0
1407,351.75,mRNA,tetA,5.0
1407,351.75,mRNA,Raspberry,1.0
1407,351.75,mRNA,mKalama1,1.0
1408,352.0,topo,topoI,0.25
1408,352.0,topo,gyrase,0.25
1408,352.0,RNAP,RNAP,1.0
1408,352.0,mRNA,tetA,5.0
1408,352.0,mRNA,Raspberry,1.0
1408,352.0,mRNA,mKalama1,1.0
1409,352.25,topo,topoI,0.25
1409,352.25,topo,gyrase,0.25
1409,352.25,RNAP,RNAP,1.0
1409,352.25,mRNA,tetA,5.0
1409,352.25,mRNA,Raspberry,1.0
1409,352.25,mRNA,mKalama1,1.0
1410,352.5,topo,topoI,0.25
1410,352.5,topo,gyrase,0.25
1410,352.5,RNAP,RNAP,1.0
1410,352.5,mRNA,tetA,5.0
1410,352.5,mRNA,Raspberry,1.0
1410,352.5,mRNA,mKalama1,1.0
1411,352.75,topo,topoI,0.25
1411,352.75,topo,gyrase,0.25
1411,352.75,RNAP,RNAP,1.0
1411,352.75,mRNA,tetA,5.0
1411,352.75,mRNA,Raspberry,1.0
1411,352.75,mRNA,mKalama1,1.0
1412,353.0,topo,topoI,0.25
1412,353.0,topo,gyrase,0.25
1412,353.0,RNAP,RNAP,1.0
1412,353.0,mRNA,tetA,5.0
1412,353.0,mRNA,Raspberry,1.0
1412,353.0,mRNA,mKalama1,1.0
1413,353.25,topo,topoI,0.25
1413,353.25,topo,gyrase,0.25
1413,353.25,RNAP,RNAP,1.0
1413,353.25,mRNA,tetA,5.0
1413,353.25,mRNA,Raspberry,1.0
1413,353.25,mRNA,mKalama1,1.0
1414,353.5,topo,topoI,0.25
1414,353.5,topo,gyrase,0.25
1414,353.5,RNAP,RNAP,1.0
1414,353.5,mRNA,tetA,5.0
1414,353.5,mRNA,Raspberry,1.0
1414,353.5,mRNA,mKalama1,1.0
1415,353.75,topo,topoI,0.25
1415,353.75,topo,gyrase,0.25
1415,353.75,RNAP,RNAP,1.0
1415,353.75,mRNA,tetA,5.0
1415,353.75,mRNA,Raspberry,1.0
1415,353.75,mRNA,mKalama1,1.0
1416,354.0,topo,topoI,0.25
1416,354.0,topo,gyrase,0.25
1416,354.0,RNAP,RNAP,1.0
1416,354.0,mRNA,tetA,5.0
1416,354.0,mRNA,Raspberry,1.0
1416,354.0,mRNA,mKalama1,1.0
1417,354.25,topo,topoI,0.25
1417,354.25,topo,gyrase,0.25
1417,354.25,RNAP,RNAP,1.0
1417,354.25,mRNA,tetA,5.0
1417,354.25,mRNA,Raspberry,1.0
1417,354.25,mRNA,mKalama1,1.0
1418,354.5,topo,topoI,0.25
1418,354.5,topo,gyrase,0.25
1418,354.5,RNAP,RNAP,1.0
1418,354.5,mRNA,tetA,5.0
1418,354.5,mRNA,Raspberry,1.0
1418,354.5,mRNA,mKalama1,1.0
1419,354.75,topo,topoI,0.25
1419,354.75,topo,gyrase,0.25
1419,354.75,RNAP,RNAP,1.0
1419,354.75,mRNA,tetA,5.0
1419,354.75,mRNA,Raspberry,1.0
1419,354.75,mRNA,mKalama1,1.0
1420,355.0,topo,topoI,0.25
1420,355.0,topo,gyrase,0.25
1420,355.0,RNAP,RNAP,1.0
1420,355.0,mRNA,tetA,5.0
1420,355.0,mRNA,Raspberry,1.0
1420,355.0,mRNA,mKalama1,1.0
1421,355.25,topo,topoI,0.25
1421,355.25,topo,gyrase,0.25
1421,355.25,RNAP,RNAP,1.0
1421,355.25,mRNA,tetA,5.0
1421,355.25,mRNA,Raspberry,1.0
1421,355.25,mRNA,mKalama1,1.0
1422,355.5,topo,topoI,0.25
1422,355.5,topo,gyrase,0.25
1422,355.5,RNAP,RNAP,1.0
1422,355.5,mRNA,tetA,5.0
1422,355.5,mRNA,Raspberry,1.0
1422,355.5,mRNA,mKalama1,1.0
1423,355.75,topo,topoI,0.25
1423,355.75,topo,gyrase,0.25
1423,355.75,RNAP,RNAP,1.0
1423,355.75,mRNA,tetA,5.0
1423,355.75,mRNA,Raspberry,1.0
1423,355.75,mRNA,mKalama1,1.0
1424,356.0,topo,topoI,0.25
1424,356.0,topo,gyrase,0.25
1424,356.0,RNAP,RNAP,1.0
1424,356.0,mRNA,tetA,5.0
1424,356.0,mRNA,Raspberry,1.0
1424,356.0,mRNA,mKalama1,1.0
1425,356.25,topo,topoI,0.25
1425,356.25,topo,gyrase,0.25
1425,356.25,RNAP,RNAP,1.0
1425,356.25,mRNA,tetA,5.0
1425,356.25,mRNA,Raspberry,1.0
1425,356.25,mRNA,mKalama1,1.0
1426,356.5,topo,topoI,0.25
1426,356.5,topo,gyrase,0.25
1426,356.5,RNAP,RNAP,1.0
1426,356.5,mRNA,tetA,5.0
1426,356.5,mRNA,Raspberry,1.0
1426,356.5,mRNA,mKalama1,1.0
1427,356.75,topo,topoI,0.25
1427,356.75,topo,gyrase,0.25
1427,356.75,RNAP,RNAP,1.0
1427,356.75,mRNA,tetA,5.0
1427,356.75,mRNA,Raspberry,1.0
1427,356.75,mRNA,mKalama1,1.0
1428,357.0,topo,topoI,0.25
1428,357.0,topo,gyrase,0.25
1428,357.0,RNAP,RNAP,1.0
1428,357.0,mRNA,tetA,5.0
1428,357.0,mRNA,Raspberry,1.0
1428,357.0,mRNA,mKalama1,1.0
1429,357.25,topo,topoI,0.25
1429,357.25,topo,gyrase,0.25
1429,357.25,RNAP,RNAP,1.0
1429,357.25,mRNA,tetA,5.0
1429,357.25,mRNA,Raspberry,1.0
1429,357.25,mRNA,mKalama1,1.0
1430,357.5,topo,topoI,0.25
1430,357.5,topo,gyrase,0.25
1430,357.5,RNAP,RNAP,1.0
1430,357.5,mRNA,tetA,5.0
1430,357.5,mRNA,Raspberry,1.0
1430,357.5,mRNA,mKalama1,1.0
1431,357.75,topo,topoI,0.25
1431,357.75,topo,gyrase,0.25
1431,357.75,RNAP,RNAP,1.0
1431,357.75,mRNA,tetA,5.0
1431,357.75,mRNA,Raspberry,1.0
1431,357.75,mRNA,mKalama1,1.0
1432,358.0,topo,topoI,0.25
1432,358.0,topo,gyrase,0.25
1432,358.0,RNAP,RNAP,1.0
1432,358.0,mRNA,tetA,5.0
1432,358.0,mRNA,Raspberry,1.0
1432,358.0,mRNA,mKalama1,1.0
1433,358.25,topo,topoI,0.25
1433,358.25,topo,gyrase,0.25
1433,358.25,RNAP,RNAP,1.0
1433,358.25,mRNA,tetA,5.0
1433,358.25,mRNA,Raspberry,1.0
1433,358.25,mRNA,mKalama1,1.0
1434,358.5,topo,topoI,0.25
1434,358.5,topo,gyrase,0.25
1434,358.5,RNAP,RNAP,1.0
1434,358.5,mRNA,tetA,5.0
1434,358.5,mRNA,Raspberry,1.0
1434,358.5,mRNA,mKalama1,1.0
1435,358.75,topo,topoI,0.25
1435,358.75,topo,gyrase,0.25
1435,358.75,RNAP,RNAP,1.0
1435,358.75,mRNA,tetA,5.0
1435,358.75,mRNA,Raspberry,1.0
1435,358.75,mRNA,mKalama1,1.0
1436,359.0,topo,topoI,0.25
1436,359.0,topo,gyrase,0.25
1436,359.0,RNAP,RNAP,1.0
1436,359.0,mRNA,tetA,5.0
1436,359.0,mRNA,Raspberry,1.0
1436,359.0,mRNA,mKalama1,1.0
1437,359.25,topo,topoI,0.25
1437,359.25,topo,gyrase,0.25
1437,359.25,RNAP,RNAP,1.0
1437,359.25,mRNA,tetA,5.0
1437,359.25,mRNA,Raspberry,1.0
1437,359.25,mRNA,mKalama1,1.0
1438,359.5,topo,topoI,0.25
1438,359.5,topo,gyrase,0.25
1438,359.5,RNAP,RNAP,1.0
1438,359.5,mRNA,tetA,5.0
1438,359.5,mRNA,Raspberry,1.0
1438,359.5,mRNA,mKalama1,1.0
1439,359.75,topo,topoI,0.25
1439,359.75,topo,gyrase,0.25
1439,359.75,RNAP,RNAP,1.0
1439,359.75,mRNA,tetA,5.0
1439,359.75,mRNA,Raspberry,1.0
1439,359.75,mRNA,mKalama1,1.0
1440,360.0,topo,topoI,0.25
1440,360.0,topo,gyrase,0.25
1440,360.0,RNAP,RNAP,1.0
1440,360.0,mRNA,tetA,5.0
1440,360.0,mRNA,Raspberry,1.0
1440,360.0,mRNA,mKalama1,1.0
1441,360.25,topo,topoI,0.25
1441,360.25,topo,gyrase,0.25
1441,360.25,RNAP,RNAP,1.0
1441,360.25,mRNA,tetA,5.0
1441,360.25,mRNA,Raspberry,1.0
1441,360.25,mRNA,mKalama1,1.0
1442,360.5,topo,topoI,0.25
1442,360.5,topo,gyrase,0.25
1442,360.5,RNAP,RNAP,1.0
1442,360.5,mRNA,tetA,5.0
1442,360.5,mRNA,Raspberry,1.0
1442,360.5,mRNA,mKalama1,1.0
1443,360.75,topo,topoI,0.25
1443,360.75,topo,gyrase,0.25
1443,360.75,RNAP,RNAP,1.0
1443,360.75,mRNA,tetA,5.0
1443,360.75,mRNA,Raspberry,1.0
1443,360.75,mRNA,mKalama1,1.0
1444,361.0,topo,topoI,0.25
1444,361.0,topo,gyrase,0.25
1444,361.0,RNAP,RNAP,1.0
1444,361.0,mRNA,tetA,5.0
1444,361.0,mRNA,Raspberry,1.0
1444,361.0,mRNA,mKalama1,1.0
1445,361.25,topo,topoI,0.25
1445,361.25,topo,gyrase,0.25
1445,361.25,RNAP,RNAP,1.0
1445,361.25,mRNA,tetA,5.0
1445,361.25,mRNA,Raspberry,1.0
1445,361.25,mRNA,mKalama1,1.0
1446,361.5,topo,topoI,0.25
1446,361.5,topo,gyrase,0.25
1446,361.5,RNAP,RNAP,1.0
1446,361.5,mRNA,tetA,5.0
1446,361.5,mRNA,Raspberry,1.0
1446,361.5,mRNA,mKalama1,1.0
1447,361.75,topo,topoI,0.25
1447,361.75,topo,gyrase,0.25
1447,361.75,RNAP,RNAP,1.0
1447,361.75,mRNA,tetA,5.0
1447,361.75,mRNA,Raspberry,1.0
1447,361.75,mRNA,mKalama1,1.0
1448,362.0,topo,topoI,0.25
1448,362.0,topo,gyrase,0.25
1448,362.0,RNAP,RNAP,1.0
1448,362.0,mRNA,tetA,5.0
1448,362.0,mRNA,Raspberry,1.0
1448,362.0,mRNA,mKalama1,1.0
1449,362.25,topo,topoI,0.25
1449,362.25,topo,gyrase,0.25
1449,362.25,RNAP,RNAP,1.0
1449,362.25,mRNA,tetA,5.0
1449,362.25,mRNA,Raspberry,1.0
1449,362.25,mRNA,mKalama1,1.0
1450,362.5,topo,topoI,0.25
1450,362.5,topo,gyrase,0.25
1450,362.5,RNAP,RNAP,1.0
1450,362.5,mRNA,tetA,5.0
1450,362.5,mRNA,Raspberry,1.0
1450,362.5,mRNA,mKalama1,1.0
1451,362.75,topo,topoI,0.25
1451,362.75,topo,gyrase,0.25
1451,362.75,RNAP,RNAP,1.0
1451,362.75,mRNA,tetA,5.0
1451,362.75,mRNA,Raspberry,1.0
1451,362.75,mRNA,mKalama1,1.0
1452,363.0,topo,topoI,0.25
1452,363.0,topo,gyrase,0.25
1452,363.0,RNAP,RNAP,1.0
1452,363.0,mRNA,tetA,5.0
1452,363.0,mRNA,Raspberry,1.0
1452,363.0,mRNA,mKalama1,1.0
1453,363.25,topo,topoI,0.25
1453,363.25,topo,gyrase,0.25
1453,363.25,RNAP,RNAP,1.0
1453,363.25,mRNA,tetA,5.0
1453,363.25,mRNA,Raspberry,1.0
1453,363.25,mRNA,mKalama1,1.0
1454,363.5,topo,topoI,0.25
1454,363.5,topo,gyrase,0.25
1454,363.5,RNAP,RNAP,1.0
1454,363.5,mRNA,tetA,5.0
1454,363.5,mRNA,Raspberry,1.0
1454,363.5,mRNA,mKalama1,1.0
1455,363.75,topo,topoI,0.25
1455,363.75,topo,gyrase,0.25
1455,363.75,RNAP,RNAP,1.0
1455,363.75,mRNA,tetA,5.0
1455,363.75,mRNA,Raspberry,1.0
1455,363.75,mRNA,mKalama1,1.0
1456,364.0,topo,topoI,0.25
1456,364.0,topo,gyrase,0.25
1456,364.0,RNAP,RNAP,1.0
1456,364.0,mRNA,tetA,5.0
1456,364.0,mRNA,Raspberry,1.0
1456,364.0,mRNA,mKalama1,1.0
1457,364.25,topo,topoI,0.25
1457,364.25,topo,gyrase,0.25
1457,364.25,RNAP,RNAP,1.0
1457,364.25,mRNA,tetA,5.0
1457,364.25,mRNA,Raspberry,1.0
1457,364.25,mRNA,mKalama1,1.0
1458,364.5,topo,topoI,0.25
1458,364.5,topo,gyrase,0.25
1458,364.5,RNAP,RNAP,1.0
1458,364.5,mRNA,tetA,5.0
1458,364.5,mRNA,Raspberry,1.0
1458,364.5,mRNA,mKalama1,1.0
1459,364.75,topo,topoI,0.25
1459,364.75,topo,gyrase,0.25
1459,364.75,RNAP,RNAP,1.0
1459,364.75,mRNA,tetA,5.0
1459,364.75,mRNA,Raspberry,1.0
1459,364.75,mRNA,mKalama1,1.0
1460,365.0,topo,topoI,0.25
1460,365.0,topo,gyrase,0.25
1460,365.0,RNAP,RNAP,1.0
1460,365.0,mRNA,tetA,5.0
1460,365.0,mRNA,Raspberry,1.0
1460,365.0,mRNA,mKalama1,1.0
1461,365.25,topo,topoI,0.25
1461,365.25,topo,gyrase,0.25
1461,365.25,RNAP,RNAP,1.0
1461,365.25,mRNA,tetA,5.0
1461,365.25,mRNA,Raspberry,1.0
1461,365.25,mRNA,mKalama1,1.0
1462,365.5,topo,topoI,0.25
1462,365.5,topo,gyrase,0.25
1462,365.5,RNAP,RNAP,1.0
1462,365.5,mRNA,tetA,5.0
1462,365.5,mRNA,Raspberry,1.0
1462,365.5,mRNA,mKalama1,1.0
1463,365.75,topo,topoI,0.25
1463,365.75,topo,gyrase,0.25
1463,365.75,RNAP,RNAP,1.0
1463,365.75,mRNA,tetA,5.0
1463,365.75,mRNA,Raspberry,1.0
1463,365.75,mRNA,mKalama1,1.0
1464,366.0,topo,topoI,0.25
1464,366.0,topo,gyrase,0.25
1464,366.0,RNAP,RNAP,1.0
1464,366.0,mRNA,tetA,5.0
1464,366.0,mRNA,Raspberry,1.0
1464,366.0,mRNA,mKalama1,1.0
1465,366.25,topo,topoI,0.25
1465,366.25,topo,gyrase,0.25
1465,366.25,RNAP,RNAP,1.0
1465,366.25,mRNA,tetA,5.0
1465,366.25,mRNA,Raspberry,1.0
1465,366.25,mRNA,mKalama1,1.0
1466,366.5,topo,topoI,0.25
1466,366.5,topo,gyrase,0.25
1466,366.5,RNAP,RNAP,1.0
1466,366.5,mRNA,tetA,5.0
1466,366.5,mRNA,Raspberry,1.0
1466,366.5,mRNA,mKalama1,1.0
1467,366.75,topo,topoI,0.25
1467,366.75,topo,gyrase,0.25
1467,366.75,RNAP,RNAP,1.0
1467,366.75,mRNA,tetA,5.0
1467,366.75,mRNA,Raspberry,1.0
1467,366.75,mRNA,mKalama1,1.0
1468,367.0,topo,topoI,0.25
1468,367.0,topo,gyrase,0.25
1468,367.0,RNAP,RNAP,1.0
1468,367.0,mRNA,tetA,5.0
1468,367.0,mRNA,Raspberry,1.0
1468,367.0,mRNA,mKalama1,1.0
1469,367.25,topo,topoI,0.25
1469,367.25,topo,gyrase,0.25
1469,367.25,RNAP,RNAP,1.0
1469,367.25,mRNA,tetA,5.0
1469,367.25,mRNA,Raspberry,1.0
1469,367.25,mRNA,mKalama1,1.0
1470,367.5,topo,topoI,0.25
1470,367.5,topo,gyrase,0.25
1470,367.5,RNAP,RNAP,1.0
1470,367.5,mRNA,tetA,5.0
1470,367.5,mRNA,Raspberry,1.0
1470,367.5,mRNA,mKalama1,1.0
1471,367.75,topo,topoI,0.25
1471,367.75,topo,gyrase,0.25
1471,367.75,RNAP,RNAP,1.0
1471,367.75,mRNA,tetA,5.0
1471,367.75,mRNA,Raspberry,1.0
1471,367.75,mRNA,mKalama1,1.0
1472,368.0,topo,topoI,0.25
1472,368.0,topo,gyrase,0.25
1472,368.0,RNAP,RNAP,1.0
1472,368.0,mRNA,tetA,5.0
1472,368.0,mRNA,Raspberry,1.0
1472,368.0,mRNA,mKalama1,1.0
1473,368.25,topo,topoI,0.25
1473,368.25,topo,gyrase,0.25
1473,368.25,RNAP,RNAP,1.0
1473,368.25,mRNA,tetA,5.0
1473,368.25,mRNA,Raspberry,1.0
1473,368.25,mRNA,mKalama1,1.0
1474,368.5,topo,topoI,0.25
1474,368.5,topo,gyrase,0.25
1474,368.5,RNAP,RNAP,1.0
1474,368.5,mRNA,tetA,5.0
1474,368.5,mRNA,Raspberry,1.0
1474,368.5,mRNA,mKalama1,1.0
1475,368.75,topo,topoI,0.25
1475,368.75,topo,gyrase,0.25
1475,368.75,RNAP,RNAP,1.0
1475,368.75,mRNA,tetA,5.0
1475,368.75,mRNA,Raspberry,1.0
1475,368.75,mRNA,mKalama1,1.0
1476,369.0,topo,topoI,0.25
1476,369.0,topo,gyrase,0.25
1476,369.0,RNAP,RNAP,1.0
1476,369.0,mRNA,tetA,5.0
1476,369.0,mRNA,Raspberry,1.0
1476,369.0,mRNA,mKalama1,1.0
1477,369.25,topo,topoI,0.25
1477,369.25,topo,gyrase,0.25
1477,369.25,RNAP,RNAP,1.0
1477,369.25,mRNA,tetA,5.0
1477,369.25,mRNA,Raspberry,1.0
1477,369.25,mRNA,mKalama1,1.0
1478,369.5,topo,topoI,0.25
1478,369.5,topo,gyrase,0.25
1478,369.5,RNAP,RNAP,1.0
1478,369.5,mRNA,tetA,5.0
1478,369.5,mRNA,Raspberry,1.0
1478,369.5,mRNA,mKalama1,1.0
1479,369.75,topo,topoI,0.25
1479,369.75,topo,gyrase,0.25
1479,369.75,RNAP,RNAP,1.0
1479,369.75,mRNA,tetA,5.0
1479,369.75,mRNA,Raspberry,1.0
1479,369.75,mRNA,mKalama1,1.0
1480,370.0,topo,topoI,0.25
1480,370.0,topo,gyrase,0.25
1480,370.0,RNAP,RNAP,1.0
1480,370.0,mRNA,tetA,5.0
1480,370.0,mRNA,Raspberry,1.0
1480,370.0,mRNA,mKalama1,1.0
1481,370.25,topo,topoI,0.25
1481,370.25,topo,gyrase,0.25
1481,370.25,RNAP,RNAP,1.0
1481,370.25,mRNA,tetA,5.0
1481,370.25,mRNA,Raspberry,1.0
1481,370.25,mRNA,mKalama1,1.0
1482,370.5,topo,topoI,0.25
1482,370.5,topo,gyrase,0.25
1482,370.5,RNAP,RNAP,1.0
1482,370.5,mRNA,tetA,6.0
1482,370.5,mRNA,Raspberry,1.0
1482,370.5,mRNA,mKalama1,1.0
1483,370.75,topo,topoI,0.25
1483,370.75,topo,gyrase,0.25
1483,370.75,RNAP,RNAP,1.0
1483,370.75,mRNA,tetA,6.0
1483,370.75,mRNA,Raspberry,1.0
1483,370.75,mRNA,mKalama1,1.0
1484,371.0,topo,topoI,0.25
1484,371.0,topo,gyrase,0.25
1484,371.0,RNAP,RNAP,1.0
1484,371.0,mRNA,tetA,6.0
1484,371.0,mRNA,Raspberry,1.0
1484,371.0,mRNA,mKalama1,1.0
1485,371.25,topo,topoI,0.25
1485,371.25,topo,gyrase,0.25
1485,371.25,RNAP,RNAP,1.0
1485,371.25,mRNA,tetA,6.0
1485,371.25,mRNA,Raspberry,1.0
1485,371.25,mRNA,mKalama1,1.0
1486,371.5,topo,topoI,0.25
1486,371.5,topo,gyrase,0.25
1486,371.5,RNAP,RNAP,1.0
1486,371.5,mRNA,tetA,6.0
1486,371.5,mRNA,Raspberry,1.0
1486,371.5,mRNA,mKalama1,1.0
1487,371.75,topo,topoI,0.25
1487,371.75,topo,gyrase,0.25
1487,371.75,RNAP,RNAP,1.0
1487,371.75,mRNA,tetA,6.0
1487,371.75,mRNA,Raspberry,1.0
1487,371.75,mRNA,mKalama1,1.0
1488,372.0,topo,topoI,0.25
1488,372.0,topo,gyrase,0.25
1488,372.0,RNAP,RNAP,1.0
1488,372.0,mRNA,tetA,6.0
1488,372.0,mRNA,Raspberry,1.0
1488,372.0,mRNA,mKalama1,1.0
1489,372.25,topo,topoI,0.25
1489,372.25,topo,gyrase,0.25
1489,372.25,RNAP,RNAP,1.0
1489,372.25,mRNA,tetA,6.0
1489,372.25,mRNA,Raspberry,1.0
1489,372.25,mRNA,mKalama1,1.0
1490,372.5,topo,topoI,0.25
1490,372.5,topo,gyrase,0.25
1490,372.5,RNAP,RNAP,1.0
1490,372.5,mRNA,tetA,6.0
1490,372.5,mRNA,Raspberry,1.0
1490,372.5,mRNA,mKalama1,1.0
1491,372.75,topo,topoI,0.25
1491,372.75,topo,gyrase,0.25
1491,372.75,RNAP,RNAP,1.0
1491,372.75,mRNA,tetA,6.0
1491,372.75,mRNA,Raspberry,1.0
1491,372.75,mRNA,mKalama1,1.0
1492,373.0,topo,topoI,0.25
1492,373.0,topo,gyrase,0.25
1492,373.0,RNAP,RNAP,1.0
1492,373.0,mRNA,tetA,6.0
1492,373.0,mRNA,Raspberry,1.0
1492,373.0,mRNA,mKalama1,1.0
1493,373.25,topo,topoI,0.25
1493,373.25,topo,gyrase,0.25
1493,373.25,RNAP,RNAP,1.0
1493,373.25,mRNA,tetA,6.0
1493,373.25,mRNA,Raspberry,1.0
1493,373.25,mRNA,mKalama1,1.0
1494,373.5,topo,topoI,0.25
1494,373.5,topo,gyrase,0.25
1494,373.5,RNAP,RNAP,1.0
1494,373.5,mRNA,tetA,6.0
1494,373.5,mRNA,Raspberry,1.0
1494,373.5,mRNA,mKalama1,1.0
1495,373.75,topo,topoI,0.25
1495,373.75,topo,gyrase,0.25
1495,373.75,RNAP,RNAP,1.0
1495,373.75,mRNA,tetA,6.0
1495,373.75,mRNA,Raspberry,1.0
1495,373.75,mRNA,mKalama1,1.0
1496,374.0,topo,topoI,0.25
1496,374.0,topo,gyrase,0.25
1496,374.0,RNAP,RNAP,1.0
1496,374.0,mRNA,tetA,6.0
1496,374.0,mRNA,Raspberry,1.0
1496,374.0,mRNA,mKalama1,1.0
1497,374.25,topo,topoI,0.25
1497,374.25,topo,gyrase,0.25
1497,374.25,RNAP,RNAP,1.0
1497,374.25,mRNA,tetA,6.0
1497,374.25,mRNA,Raspberry,1.0
1497,374.25,mRNA,mKalama1,1.0
1498,374.5,topo,topoI,0.25
1498,374.5,topo,gyrase,0.25
1498,374.5,RNAP,RNAP,1.0
1498,374.5,mRNA,tetA,6.0
1498,374.5,mRNA,Raspberry,1.0
1498,374.5,mRNA,mKalama1,1.0
1499,374.75,topo,topoI,0.25
1499,374.75,topo,gyrase,0.25
1499,374.75,RNAP,RNAP,1.0
1499,374.75,mRNA,tetA,6.0
1499,374.75,mRNA,Raspberry,1.0
1499,374.75,mRNA,mKalama1,1.0
1500,375.0,topo,topoI,0.25
1500,375.0,topo,gyrase,0.25
1500,375.0,RNAP,RNAP,1.0
1500,375.0,mRNA,tetA,6.0
1500,375.0,mRNA,Raspberry,1.0
1500,375.0,mRNA,mKalama1,1.0
1501,375.25,topo,topoI,0.25
1501,375.25,topo,gyrase,0.25
1501,375.25,RNAP,RNAP,1.0
1501,375.25,mRNA,tetA,6.0
1501,375.25,mRNA,Raspberry,1.0
1501,375.25,mRNA,mKalama1,1.0
1502,375.5,topo,topoI,0.25
1502,375.5,topo,gyrase,0.25
1502,375.5,RNAP,RNAP,1.0
1502,375.5,mRNA,tetA,6.0
1502,375.5,mRNA,Raspberry,1.0
1502,375.5,mRNA,mKalama1,1.0
1503,375.75,topo,topoI,0.25
1503,375.75,topo,gyrase,0.25
1503,375.75,RNAP,RNAP,1.0
1503,375.75,mRNA,tetA,6.0
1503,375.75,mRNA,Raspberry,1.0
1503,375.75,mRNA,mKalama1,1.0
1504,376.0,topo,topoI,0.25
1504,376.0,topo,gyrase,0.25
1504,376.0,RNAP,RNAP,1.0
1504,376.0,mRNA,tetA,6.0
1504,376.0,mRNA,Raspberry,1.0
1504,376.0,mRNA,mKalama1,1.0
1505,376.25,topo,topoI,0.25
1505,376.25,topo,gyrase,0.25
1505,376.25,RNAP,RNAP,1.0
1505,376.25,mRNA,tetA,6.0
1505,376.25,mRNA,Raspberry,1.0
1505,376.25,mRNA,mKalama1,1.0
1506,376.5,topo,topoI,0.25
1506,376.5,topo,gyrase,0.25
1506,376.5,RNAP,RNAP,1.0
1506,376.5,mRNA,tetA,6.0
1506,376.5,mRNA,Raspberry,1.0
1506,376.5,mRNA,mKalama1,1.0
1507,376.75,topo,topoI,0.25
1507,376.75,topo,gyrase,0.25
1507,376.75,RNAP,RNAP,1.0
1507,376.75,mRNA,tetA,6.0
1507,376.75,mRNA,Raspberry,1.0
1507,376.75,mRNA,mKalama1,1.0
1508,377.0,topo,topoI,0.25
1508,377.0,topo,gyrase,0.25
1508,377.0,RNAP,RNAP,1.0
1508,377.0,mRNA,tetA,6.0
1508,377.0,mRNA,Raspberry,1.0
1508,377.0,mRNA,mKalama1,1.0
1509,377.25,topo,topoI,0.25
1509,377.25,topo,gyrase,0.25
1509,377.25,RNAP,RNAP,1.0
1509,377.25,mRNA,tetA,6.0
1509,377.25,mRNA,Raspberry,1.0
1509,377.25,mRNA,mKalama1,1.0
1510,377.5,topo,topoI,0.25
1510,377.5,topo,gyrase,0.25
1510,377.5,RNAP,RNAP,1.0
1510,377.5,mRNA,tetA,6.0
1510,377.5,mRNA,Raspberry,1.0
1510,377.5,mRNA,mKalama1,1.0
1511,377.75,topo,topoI,0.25
1511,377.75,topo,gyrase,0.25
1511,377.75,RNAP,RNAP,1.0
1511,377.75,mRNA,tetA,6.0
1511,377.75,mRNA,Raspberry,1.0
1511,377.75,mRNA,mKalama1,1.0
1512,378.0,topo,topoI,0.25
1512,378.0,topo,gyrase,0.25
1512,378.0,RNAP,RNAP,1.0
1512,378.0,mRNA,tetA,6.0
1512,378.0,mRNA,Raspberry,1.0
1512,378.0,mRNA,mKalama1,1.0
1513,378.25,topo,topoI,0.25
1513,378.25,topo,gyrase,0.25
1513,378.25,RNAP,RNAP,1.0
1513,378.25,mRNA,tetA,6.0
1513,378.25,mRNA,Raspberry,1.0
1513,378.25,mRNA,mKalama1,1.0
1514,378.5,topo,topoI,0.25
1514,378.5,topo,gyrase,0.25
1514,378.5,RNAP,RNAP,1.0
1514,378.5,mRNA,tetA,6.0
1514,378.5,mRNA,Raspberry,1.0
1514,378.5,mRNA,mKalama1,1.0
1515,378.75,topo,topoI,0.25
1515,378.75,topo,gyrase,0.25
1515,378.75,RNAP,RNAP,1.0
1515,378.75,mRNA,tetA,6.0
1515,378.75,mRNA,Raspberry,1.0
1515,378.75,mRNA,mKalama1,1.0
1516,379.0,topo,topoI,0.25
1516,379.0,topo,gyrase,0.25
1516,379.0,RNAP,RNAP,1.0
1516,379.0,mRNA,tetA,6.0
1516,379.0,mRNA,Raspberry,1.0
1516,379.0,mRNA,mKalama1,1.0
1517,379.25,topo,topoI,0.25
1517,379.25,topo,gyrase,0.25
1517,379.25,RNAP,RNAP,1.0
1517,379.25,mRNA,tetA,6.0
1517,379.25,mRNA,Raspberry,1.0
1517,379.25,mRNA,mKalama1,1.0
1518,379.5,topo,topoI,0.25
1518,379.5,topo,gyrase,0.25
1518,379.5,RNAP,RNAP,1.0
1518,379.5,mRNA,tetA,6.0
1518,379.5,mRNA,Raspberry,1.0
1518,379.5,mRNA,mKalama1,1.0
1519,379.75,topo,topoI,0.25
1519,379.75,topo,gyrase,0.25
1519,379.75,RNAP,RNAP,1.0
1519,379.75,mRNA,tetA,6.0
1519,379.75,mRNA,Raspberry,1.0
1519,379.75,mRNA,mKalama1,1.0
1520,380.0,topo,topoI,0.25
1520,380.0,topo,gyrase,0.25
1520,380.0,RNAP,RNAP,1.0
1520,380.0,mRNA,tetA,6.0
1520,380.0,mRNA,Raspberry,1.0
1520,380.0,mRNA,mKalama1,1.0
1521,380.25,topo,topoI,0.25
1521,380.25,topo,gyrase,0.25
1521,380.25,RNAP,RNAP,1.0
1521,380.25,mRNA,tetA,6.0
1521,380.25,mRNA,Raspberry,1.0
1521,380.25,mRNA,mKalama1,1.0
1522,380.5,topo,topoI,0.25
1522,380.5,topo,gyrase,0.25
1522,380.5,RNAP,RNAP,1.0
1522,380.5,mRNA,tetA,6.0
1522,380.5,mRNA,Raspberry,1.0
1522,380.5,mRNA,mKalama1,1.0
1523,380.75,topo,topoI,0.25
1523,380.75,topo,gyrase,0.25
1523,380.75,RNAP,RNAP,1.0
1523,380.75,mRNA,tetA,6.0
1523,380.75,mRNA,Raspberry,1.0
1523,380.75,mRNA,mKalama1,1.0
1524,381.0,topo,topoI,0.25
1524,381.0,topo,gyrase,0.25
1524,381.0,RNAP,RNAP,1.0
1524,381.0,mRNA,tetA,6.0
1524,381.0,mRNA,Raspberry,1.0
1524,381.0,mRNA,mKalama1,1.0
1525,381.25,topo,topoI,0.25
1525,381.25,topo,gyrase,0.25
1525,381.25,RNAP,RNAP,1.0
1525,381.25,mRNA,tetA,6.0
1525,381.25,mRNA,Raspberry,1.0
1525,381.25,mRNA,mKalama1,1.0
1526,381.5,topo,topoI,0.25
1526,381.5,topo,gyrase,0.25
1526,381.5,RNAP,RNAP,1.0
1526,381.5,mRNA,tetA,6.0
1526,381.5,mRNA,Raspberry,1.0
1526,381.5,mRNA,mKalama1,1.0
1527,381.75,topo,topoI,0.25
1527,381.75,topo,gyrase,0.25
1527,381.75,RNAP,RNAP,1.0
1527,381.75,mRNA,tetA,6.0
1527,381.75,mRNA,Raspberry,1.0
1527,381.75,mRNA,mKalama1,1.0
1528,382.0,topo,topoI,0.25
1528,382.0,topo,gyrase,0.25
1528,382.0,RNAP,RNAP,1.0
1528,382.0,mRNA,tetA,6.0
1528,382.0,mRNA,Raspberry,1.0
1528,382.0,mRNA,mKalama1,1.0
1529,382.25,topo,topoI,0.25
1529,382.25,topo,gyrase,0.25
1529,382.25,RNAP,RNAP,1.0
1529,382.25,mRNA,tetA,6.0
1529,382.25,mRNA,Raspberry,1.0
1529,382.25,mRNA,mKalama1,1.0
1530,382.5,topo,topoI,0.25
1530,382.5,topo,gyrase,0.25
1530,382.5,RNAP,RNAP,1.0
1530,382.5,mRNA,tetA,6.0
1530,382.5,mRNA,Raspberry,1.0
1530,382.5,mRNA,mKalama1,1.0
1531,382.75,topo,topoI,0.25
1531,382.75,topo,gyrase,0.25
1531,382.75,RNAP,RNAP,1.0
1531,382.75,mRNA,tetA,6.0
1531,382.75,mRNA,Raspberry,1.0
1531,382.75,mRNA,mKalama1,1.0
1532,383.0,topo,topoI,0.25
1532,383.0,topo,gyrase,0.25
1532,383.0,RNAP,RNAP,1.0
1532,383.0,mRNA,tetA,6.0
1532,383.0,mRNA,Raspberry,1.0
1532,383.0,mRNA,mKalama1,1.0
1533,383.25,topo,topoI,0.25
1533,383.25,topo,gyrase,0.25
1533,383.25,RNAP,RNAP,1.0
1533,383.25,mRNA,tetA,7.0
1533,383.25,mRNA,Raspberry,1.0
1533,383.25,mRNA,mKalama1,1.0
1534,383.5,topo,topoI,0.25
1534,383.5,topo,gyrase,0.25
1534,383.5,RNAP,RNAP,1.0
1534,383.5,mRNA,tetA,7.0
1534,383.5,mRNA,Raspberry,1.0
1534,383.5,mRNA,mKalama1,1.0
1535,383.75,topo,topoI,0.25
1535,383.75,topo,gyrase,0.25
1535,383.75,RNAP,RNAP,1.0
1535,383.75,mRNA,tetA,7.0
1535,383.75,mRNA,Raspberry,1.0
1535,383.75,mRNA,mKalama1,1.0
1536,384.0,topo,topoI,0.25
1536,384.0,topo,gyrase,0.25
1536,384.0,RNAP,RNAP,1.0
1536,384.0,mRNA,tetA,7.0
1536,384.0,mRNA,Raspberry,1.0
1536,384.0,mRNA,mKalama1,1.0
1537,384.25,topo,topoI,0.25
1537,384.25,topo,gyrase,0.25
1537,384.25,RNAP,RNAP,1.0
1537,384.25,mRNA,tetA,7.0
1537,384.25,mRNA,Raspberry,1.0
1537,384.25,mRNA,mKalama1,1.0
1538,384.5,topo,topoI,0.25
1538,384.5,topo,gyrase,0.25
1538,384.5,RNAP,RNAP,1.0
1538,384.5,mRNA,tetA,7.0
1538,384.5,mRNA,Raspberry,1.0
1538,384.5,mRNA,mKalama1,1.0
1539,384.75,topo,topoI,0.25
1539,384.75,topo,gyrase,0.25
1539,384.75,RNAP,RNAP,1.0
1539,384.75,mRNA,tetA,7.0
1539,384.75,mRNA,Raspberry,1.0
1539,384.75,mRNA,mKalama1,1.0
1540,385.0,topo,topoI,0.25
1540,385.0,topo,gyrase,0.25
1540,385.0,RNAP,RNAP,1.0
1540,385.0,mRNA,tetA,7.0
1540,385.0,mRNA,Raspberry,1.0
1540,385.0,mRNA,mKalama1,1.0
1541,385.25,topo,topoI,0.25
1541,385.25,topo,gyrase,0.25
1541,385.25,RNAP,RNAP,1.0
1541,385.25,mRNA,tetA,7.0
1541,385.25,mRNA,Raspberry,1.0
1541,385.25,mRNA,mKalama1,1.0
1542,385.5,topo,topoI,0.25
1542,385.5,topo,gyrase,0.25
1542,385.5,RNAP,RNAP,1.0
1542,385.5,mRNA,tetA,7.0
1542,385.5,mRNA,Raspberry,1.0
1542,385.5,mRNA,mKalama1,1.0
1543,385.75,topo,topoI,0.25
1543,385.75,topo,gyrase,0.25
1543,385.75,RNAP,RNAP,1.0
1543,385.75,mRNA,tetA,7.0
1543,385.75,mRNA,Raspberry,1.0
1543,385.75,mRNA,mKalama1,1.0
1544,386.0,topo,topoI,0.25
1544,386.0,topo,gyrase,0.25
1544,386.0,RNAP,RNAP,1.0
1544,386.0,mRNA,tetA,7.0
1544,386.0,mRNA,Raspberry,1.0
1544,386.0,mRNA,mKalama1,1.0
1545,386.25,topo,topoI,0.25
1545,386.25,topo,gyrase,0.25
1545,386.25,RNAP,RNAP,1.0
1545,386.25,mRNA,tetA,7.0
1545,386.25,mRNA,Raspberry,1.0
1545,386.25,mRNA,mKalama1,1.0
1546,386.5,topo,topoI,0.25
1546,386.5,topo,gyrase,0.25
1546,386.5,RNAP,RNAP,1.0
1546,386.5,mRNA,tetA,7.0
1546,386.5,mRNA,Raspberry,1.0
1546,386.5,mRNA,mKalama1,1.0
1547,386.75,topo,topoI,0.25
1547,386.75,topo,gyrase,0.25
1547,386.75,RNAP,RNAP,1.0
1547,386.75,mRNA,tetA,7.0
1547,386.75,mRNA,Raspberry,1.0
1547,386.75,mRNA,mKalama1,1.0
1548,387.0,topo,topoI,0.25
1548,387.0,topo,gyrase,0.25
1548,387.0,RNAP,RNAP,1.0
1548,387.0,mRNA,tetA,7.0
1548,387.0,mRNA,Raspberry,1.0
1548,387.0,mRNA,mKalama1,1.0
1549,387.25,topo,topoI,0.25
1549,387.25,topo,gyrase,0.25
1549,387.25,RNAP,RNAP,1.0
1549,387.25,mRNA,tetA,7.0
1549,387.25,mRNA,Raspberry,1.0
1549,387.25,mRNA,mKalama1,1.0
1550,387.5,topo,topoI,0.25
1550,387.5,topo,gyrase,0.25
1550,387.5,RNAP,RNAP,1.0
1550,387.5,mRNA,tetA,7.0
1550,387.5,mRNA,Raspberry,1.0
1550,387.5,mRNA,mKalama1,1.0
1551,387.75,topo,topoI,0.25
1551,387.75,topo,gyrase,0.25
1551,387.75,RNAP,RNAP,1.0
1551,387.75,mRNA,tetA,7.0
1551,387.75,mRNA,Raspberry,1.0
1551,387.75,mRNA,mKalama1,1.0
1552,388.0,topo,topoI,0.25
1552,388.0,topo,gyrase,0.25
1552,388.0,RNAP,RNAP,1.0
1552,388.0,mRNA,tetA,7.0
1552,388.0,mRNA,Raspberry,1.0
1552,388.0,mRNA,mKalama1,1.0
1553,388.25,topo,topoI,0.25
1553,388.25,topo,gyrase,0.25
1553,388.25,RNAP,RNAP,1.0
1553,388.25,mRNA,tetA,7.0
1553,388.25,mRNA,Raspberry,1.0
1553,388.25,mRNA,mKalama1,1.0
1554,388.5,topo,topoI,0.25
1554,388.5,topo,gyrase,0.25
1554,388.5,RNAP,RNAP,1.0
1554,388.5,mRNA,tetA,7.0
1554,388.5,mRNA,Raspberry,1.0
1554,388.5,mRNA,mKalama1,1.0
1555,388.75,topo,topoI,0.25
1555,388.75,topo,gyrase,0.25
1555,388.75,RNAP,RNAP,1.0
1555,388.75,mRNA,tetA,7.0
1555,388.75,mRNA,Raspberry,1.0
1555,388.75,mRNA,mKalama1,1.0
1556,389.0,topo,topoI,0.25
1556,389.0,topo,gyrase,0.25
1556,389.0,RNAP,RNAP,1.0
1556,389.0,mRNA,tetA,7.0
1556,389.0,mRNA,Raspberry,1.0
1556,389.0,mRNA,mKalama1,1.0
1557,389.25,topo,topoI,0.25
1557,389.25,topo,gyrase,0.25
1557,389.25,RNAP,RNAP,1.0
1557,389.25,mRNA,tetA,7.0
1557,389.25,mRNA,Raspberry,1.0
1557,389.25,mRNA,mKalama1,1.0
1558,389.5,topo,topoI,0.25
1558,389.5,topo,gyrase,0.25
1558,389.5,RNAP,RNAP,1.0
1558,389.5,mRNA,tetA,7.0
1558,389.5,mRNA,Raspberry,1.0
1558,389.5,mRNA,mKalama1,1.0
1559,389.75,topo,topoI,0.25
1559,389.75,topo,gyrase,0.25
1559,389.75,RNAP,RNAP,1.0
1559,389.75,mRNA,tetA,7.0
1559,389.75,mRNA,Raspberry,1.0
1559,389.75,mRNA,mKalama1,1.0
1560,390.0,topo,topoI,0.25
1560,390.0,topo,gyrase,0.25
1560,390.0,RNAP,RNAP,1.0
1560,390.0,mRNA,tetA,7.0
1560,390.0,mRNA,Raspberry,1.0
1560,390.0,mRNA,mKalama1,1.0
1561,390.25,topo,topoI,0.25
1561,390.25,topo,gyrase,0.25
1561,390.25,RNAP,RNAP,1.0
1561,390.25,mRNA,tetA,7.0
1561,390.25,mRNA,Raspberry,1.0
1561,390.25,mRNA,mKalama1,1.0
1562,390.5,topo,topoI,0.25
1562,390.5,topo,gyrase,0.25
1562,390.5,RNAP,RNAP,1.0
1562,390.5,mRNA,tetA,7.0
1562,390.5,mRNA,Raspberry,1.0
1562,390.5,mRNA,mKalama1,1.0
1563,390.75,topo,topoI,0.25
1563,390.75,topo,gyrase,0.25
1563,390.75,RNAP,RNAP,1.0
1563,390.75,mRNA,tetA,7.0
1563,390.75,mRNA,Raspberry,1.0
1563,390.75,mRNA,mKalama1,1.0
1564,391.0,topo,topoI,0.25
1564,391.0,topo,gyrase,0.25
1564,391.0,RNAP,RNAP,1.0
1564,391.0,mRNA,tetA,7.0
1564,391.0,mRNA,Raspberry,1.0
1564,391.0,mRNA,mKalama1,1.0
1565,391.25,topo,topoI,0.25
1565,391.25,topo,gyrase,0.25
1565,391.25,RNAP,RNAP,1.0
1565,391.25,mRNA,tetA,7.0
1565,391.25,mRNA,Raspberry,1.0
1565,391.25,mRNA,mKalama1,1.0
1566,391.5,topo,topoI,0.25
1566,391.5,topo,gyrase,0.25
1566,391.5,RNAP,RNAP,1.0
1566,391.5,mRNA,tetA,7.0
1566,391.5,mRNA,Raspberry,1.0
1566,391.5,mRNA,mKalama1,1.0
1567,391.75,topo,topoI,0.25
1567,391.75,topo,gyrase,0.25
1567,391.75,RNAP,RNAP,1.0
1567,391.75,mRNA,tetA,7.0
1567,391.75,mRNA,Raspberry,1.0
1567,391.75,mRNA,mKalama1,1.0
1568,392.0,topo,topoI,0.25
1568,392.0,topo,gyrase,0.25
1568,392.0,RNAP,RNAP,1.0
1568,392.0,mRNA,tetA,7.0
1568,392.0,mRNA,Raspberry,1.0
1568,392.0,mRNA,mKalama1,1.0
1569,392.25,topo,topoI,0.25
1569,392.25,topo,gyrase,0.25
1569,392.25,RNAP,RNAP,1.0
1569,392.25,mRNA,tetA,7.0
1569,392.25,mRNA,Raspberry,1.0
1569,392.25,mRNA,mKalama1,1.0
1570,392.5,topo,topoI,0.25
1570,392.5,topo,gyrase,0.25
1570,392.5,RNAP,RNAP,1.0
1570,392.5,mRNA,tetA,7.0
1570,392.5,mRNA,Raspberry,1.0
1570,392.5,mRNA,mKalama1,1.0
1571,392.75,topo,topoI,0.25
1571,392.75,topo,gyrase,0.25
1571,392.75,RNAP,RNAP,1.0
1571,392.75,mRNA,tetA,7.0
1571,392.75,mRNA,Raspberry,1.0
1571,392.75,mRNA,mKalama1,1.0
1572,393.0,topo,topoI,0.25
1572,393.0,topo,gyrase,0.25
1572,393.0,RNAP,RNAP,1.0
1572,393.0,mRNA,tetA,7.0
1572,393.0,mRNA,Raspberry,1.0
1572,393.0,mRNA,mKalama1,1.0
1573,393.25,topo,topoI,0.25
1573,393.25,topo,gyrase,0.25
1573,393.25,RNAP,RNAP,1.0
1573,393.25,mRNA,tetA,7.0
1573,393.25,mRNA,Raspberry,1.0
1573,393.25,mRNA,mKalama1,1.0
1574,393.5,topo,topoI,0.25
1574,393.5,topo,gyrase,0.25
1574,393.5,RNAP,RNAP,1.0
1574,393.5,mRNA,tetA,7.0
1574,393.5,mRNA,Raspberry,1.0
1574,393.5,mRNA,mKalama1,1.0
1575,393.75,topo,topoI,0.25
1575,393.75,topo,gyrase,0.25
1575,393.75,RNAP,RNAP,1.0
1575,393.75,mRNA,tetA,7.0
1575,393.75,mRNA,Raspberry,1.0
1575,393.75,mRNA,mKalama1,1.0
1576,394.0,topo,topoI,0.25
1576,394.0,topo,gyrase,0.25
1576,394.0,RNAP,RNAP,1.0
1576,394.0,mRNA,tetA,7.0
1576,394.0,mRNA,Raspberry,1.0
1576,394.0,mRNA,mKalama1,1.0
1577,394.25,topo,topoI,0.25
1577,394.25,topo,gyrase,0.25
1577,394.25,RNAP,RNAP,1.0
1577,394.25,mRNA,tetA,7.0
1577,394.25,mRNA,Raspberry,1.0
1577,394.25,mRNA,mKalama1,1.0
1578,394.5,topo,topoI,0.25
1578,394.5,topo,gyrase,0.25
1578,394.5,RNAP,RNAP,1.0
1578,394.5,mRNA,tetA,7.0
1578,394.5,mRNA,Raspberry,1.0
1578,394.5,mRNA,mKalama1,1.0
1579,394.75,topo,topoI,0.25
1579,394.75,topo,gyrase,0.25
1579,394.75,RNAP,RNAP,1.0
1579,394.75,mRNA,tetA,7.0
1579,394.75,mRNA,Raspberry,1.0
1579,394.75,mRNA,mKalama1,1.0
1580,395.0,topo,topoI,0.25
1580,395.0,topo,gyrase,0.25
1580,395.0,RNAP,RNAP,1.0
1580,395.0,mRNA,tetA,7.0
1580,395.0,mRNA,Raspberry,1.0
1580,395.0,mRNA,mKalama1,1.0
1581,395.25,topo,topoI,0.25
1581,395.25,topo,gyrase,0.25
1581,395.25,RNAP,RNAP,1.0
1581,395.25,mRNA,tetA,7.0
1581,395.25,mRNA,Raspberry,1.0
1581,395.25,mRNA,mKalama1,1.0
1582,395.5,topo,topoI,0.25
1582,395.5,topo,gyrase,0.25
1582,395.5,RNAP,RNAP,1.0
1582,395.5,mRNA,tetA,7.0
1582,395.5,mRNA,Raspberry,1.0
1582,395.5,mRNA,mKalama1,1.0
1583,395.75,topo,topoI,0.25
1583,395.75,topo,gyrase,0.25
1583,395.75,RNAP,RNAP,1.0
1583,395.75,mRNA,tetA,7.0
1583,395.75,mRNA,Raspberry,1.0
1583,395.75,mRNA,mKalama1,1.0
1584,396.0,topo,topoI,0.25
1584,396.0,topo,gyrase,0.25
1584,396.0,RNAP,RNAP,1.0
1584,396.0,mRNA,tetA,7.0
1584,396.0,mRNA,Raspberry,1.0
1584,396.0,mRNA,mKalama1,1.0
1585,396.25,topo,topoI,0.25
1585,396.25,topo,gyrase,0.25
1585,396.25,RNAP,RNAP,1.0
1585,396.25,mRNA,tetA,7.0
1585,396.25,mRNA,Raspberry,1.0
1585,396.25,mRNA,mKalama1,1.0
1586,396.5,topo,topoI,0.25
1586,396.5,topo,gyrase,0.25
1586,396.5,RNAP,RNAP,1.0
1586,396.5,mRNA,tetA,7.0
1586,396.5,mRNA,Raspberry,1.0
1586,396.5,mRNA,mKalama1,1.0
1587,396.75,topo,topoI,0.25
1587,396.75,topo,gyrase,0.25
1587,396.75,RNAP,RNAP,1.0
1587,396.75,mRNA,tetA,7.0
1587,396.75,mRNA,Raspberry,1.0
1587,396.75,mRNA,mKalama1,1.0
1588,397.0,topo,topoI,0.25
1588,397.0,topo,gyrase,0.25
1588,397.0,RNAP,RNAP,1.0
1588,397.0,mRNA,tetA,7.0
1588,397.0,mRNA,Raspberry,1.0
1588,397.0,mRNA,mKalama1,1.0
1589,397.25,topo,topoI,0.25
1589,397.25,topo,gyrase,0.25
1589,397.25,RNAP,RNAP,1.0
1589,397.25,mRNA,tetA,7.0
1589,397.25,mRNA,Raspberry,1.0
1589,397.25,mRNA,mKalama1,1.0
1590,397.5,topo,topoI,0.25
1590,397.5,topo,gyrase,0.25
1590,397.5,RNAP,RNAP,1.0
1590,397.5,mRNA,tetA,7.0
1590,397.5,mRNA,Raspberry,1.0
1590,397.5,mRNA,mKalama1,1.0
1591,397.75,topo,topoI,0.25
1591,397.75,topo,gyrase,0.25
1591,397.75,RNAP,RNAP,1.0
1591,397.75,mRNA,tetA,7.0
1591,397.75,mRNA,Raspberry,1.0
1591,397.75,mRNA,mKalama1,1.0
1592,398.0,topo,topoI,0.25
1592,398.0,topo,gyrase,0.25
1592,398.0,RNAP,RNAP,1.0
1592,398.0,mRNA,tetA,7.0
1592,398.0,mRNA,Raspberry,1.0
1592,398.0,mRNA,mKalama1,1.0
1593,398.25,topo,topoI,0.25
1593,398.25,topo,gyrase,0.25
1593,398.25,RNAP,RNAP,1.0
1593,398.25,mRNA,tetA,7.0
1593,398.25,mRNA,Raspberry,1.0
1593,398.25,mRNA,mKalama1,1.0
1594,398.5,topo,topoI,0.25
1594,398.5,topo,gyrase,0.25
1594,398.5,RNAP,RNAP,1.0
1594,398.5,mRNA,tetA,7.0
1594,398.5,mRNA,Raspberry,1.0
1594,398.5,mRNA,mKalama1,1.0
1595,398.75,topo,topoI,0.25
1595,398.75,topo,gyrase,0.25
1595,398.75,RNAP,RNAP,1.0
1595,398.75,mRNA,tetA,7.0
1595,398.75,mRNA,Raspberry,1.0
1595,398.75,mRNA,mKalama1,1.0
1596,399.0,topo,topoI,0.25
1596,399.0,topo,gyrase,0.25
1596,399.0,RNAP,RNAP,1.0
1596,399.0,mRNA,tetA,7.0
1596,399.0,mRNA,Raspberry,1.0
1596,399.0,mRNA,mKalama1,1.0
1597,399.25,topo,topoI,0.25
1597,399.25,topo,gyrase,0.25
1597,399.25,RNAP,RNAP,1.0
1597,399.25,mRNA,tetA,7.0
1597,399.25,mRNA,Raspberry,1.0
1597,399.25,mRNA,mKalama1,1.0
1598,399.5,topo,topoI,0.25
1598,399.5,topo,gyrase,0.25
1598,399.5,RNAP,RNAP,1.0
1598,399.5,mRNA,tetA,7.0
1598,399.5,mRNA,Raspberry,1.0
1598,399.5,mRNA,mKalama1,1.0
1599,399.75,topo,topoI,0.25
1599,399.75,topo,gyrase,0.25
1599,399.75,RNAP,RNAP,1.0
1599,399.75,mRNA,tetA,7.0
1599,399.75,mRNA,Raspberry,1.0
1599,399.75,mRNA,mKalama1,1.0
1600,400.0,topo,topoI,0.25
1600,400.0,topo,gyrase,0.25
1600,400.0,RNAP,RNAP,1.0
1600,400.0,mRNA,tetA,7.0
1600,400.0,mRNA,Raspberry,1.0
1600,400.0,mRNA,mKalama1,1.0
1601,400.25,topo,topoI,0.25
1601,400.25,topo,gyrase,0.25
1601,400.25,RNAP,RNAP,1.0
1601,400.25,mRNA,tetA,7.0
1601,400.25,mRNA,Raspberry,1.0
1601,400.25,mRNA,mKalama1,1.0
1602,400.5,topo,topoI,0.25
1602,400.5,topo,gyrase,0.25
1602,400.5,RNAP,RNAP,1.0
1602,400.5,mRNA,tetA,7.0
1602,400.5,mRNA,Raspberry,1.0
1602,400.5,mRNA,mKalama1,1.0
1603,400.75,topo,topoI,0.25
1603,400.75,topo,gyrase,0.25
1603,400.75,RNAP,RNAP,1.0
1603,400.75,mRNA,tetA,7.0
1603,400.75,mRNA,Raspberry,1.0
1603,400.75,mRNA,mKalama1,1.0
1604,401.0,topo,topoI,0.25
1604,401.0,topo,gyrase,0.25
1604,401.0,RNAP,RNAP,1.0
1604,401.0,mRNA,tetA,7.0
1604,401.0,mRNA,Raspberry,1.0
1604,401.0,mRNA,mKalama1,1.0
1605,401.25,topo,topoI,0.25
1605,401.25,topo,gyrase,0.25
1605,401.25,RNAP,RNAP,1.0
1605,401.25,mRNA,tetA,7.0
1605,401.25,mRNA,Raspberry,1.0
1605,401.25,mRNA,mKalama1,1.0
1606,401.5,topo,topoI,0.25
1606,401.5,topo,gyrase,0.25
1606,401.5,RNAP,RNAP,1.0
1606,401.5,mRNA,tetA,7.0
1606,401.5,mRNA,Raspberry,1.0
1606,401.5,mRNA,mKalama1,1.0
1607,401.75,topo,topoI,0.25
1607,401.75,topo,gyrase,0.25
1607,401.75,RNAP,RNAP,1.0
1607,401.75,mRNA,tetA,7.0
1607,401.75,mRNA,Raspberry,1.0
1607,401.75,mRNA,mKalama1,1.0
1608,402.0,topo,topoI,0.25
1608,402.0,topo,gyrase,0.25
1608,402.0,RNAP,RNAP,1.0
1608,402.0,mRNA,tetA,7.0
1608,402.0,mRNA,Raspberry,1.0
1608,402.0,mRNA,mKalama1,1.0
1609,402.25,topo,topoI,0.25
1609,402.25,topo,gyrase,0.25
1609,402.25,RNAP,RNAP,1.0
1609,402.25,mRNA,tetA,7.0
1609,402.25,mRNA,Raspberry,1.0
1609,402.25,mRNA,mKalama1,1.0
1610,402.5,topo,topoI,0.25
1610,402.5,topo,gyrase,0.25
1610,402.5,RNAP,RNAP,1.0
1610,402.5,mRNA,tetA,7.0
1610,402.5,mRNA,Raspberry,1.0
1610,402.5,mRNA,mKalama1,1.0
1611,402.75,topo,topoI,0.25
1611,402.75,topo,gyrase,0.25
1611,402.75,RNAP,RNAP,1.0
1611,402.75,mRNA,tetA,7.0
1611,402.75,mRNA,Raspberry,1.0
1611,402.75,mRNA,mKalama1,1.0
1612,403.0,topo,topoI,0.25
1612,403.0,topo,gyrase,0.25
1612,403.0,RNAP,RNAP,1.0
1612,403.0,mRNA,tetA,7.0
1612,403.0,mRNA,Raspberry,1.0
1612,403.0,mRNA,mKalama1,1.0
1613,403.25,topo,topoI,0.25
1613,403.25,topo,gyrase,0.25
1613,403.25,RNAP,RNAP,1.0
1613,403.25,mRNA,tetA,7.0
1613,403.25,mRNA,Raspberry,1.0
1613,403.25,mRNA,mKalama1,1.0
1614,403.5,topo,topoI,0.25
1614,403.5,topo,gyrase,0.25
1614,403.5,RNAP,RNAP,1.0
1614,403.5,mRNA,tetA,7.0
1614,403.5,mRNA,Raspberry,1.0
1614,403.5,mRNA,mKalama1,1.0
1615,403.75,topo,topoI,0.25
1615,403.75,topo,gyrase,0.25
1615,403.75,RNAP,RNAP,1.0
1615,403.75,mRNA,tetA,7.0
1615,403.75,mRNA,Raspberry,1.0
1615,403.75,mRNA,mKalama1,1.0
1616,404.0,topo,topoI,0.25
1616,404.0,topo,gyrase,0.25
1616,404.0,RNAP,RNAP,1.0
1616,404.0,mRNA,tetA,7.0
1616,404.0,mRNA,Raspberry,1.0
1616,404.0,mRNA,mKalama1,1.0
1617,404.25,topo,topoI,0.25
1617,404.25,topo,gyrase,0.25
1617,404.25,RNAP,RNAP,1.0
1617,404.25,mRNA,tetA,7.0
1617,404.25,mRNA,Raspberry,1.0
1617,404.25,mRNA,mKalama1,1.0
1618,404.5,topo,topoI,0.25
1618,404.5,topo,gyrase,0.25
1618,404.5,RNAP,RNAP,1.0
1618,404.5,mRNA,tetA,7.0
1618,404.5,mRNA,Raspberry,1.0
1618,404.5,mRNA,mKalama1,1.0
1619,404.75,topo,topoI,0.25
1619,404.75,topo,gyrase,0.25
1619,404.75,RNAP,RNAP,1.0
1619,404.75,mRNA,tetA,7.0
1619,404.75,mRNA,Raspberry,1.0
1619,404.75,mRNA,mKalama1,1.0
1620,405.0,topo,topoI,0.25
1620,405.0,topo,gyrase,0.25
1620,405.0,RNAP,RNAP,1.0
1620,405.0,mRNA,tetA,7.0
1620,405.0,mRNA,Raspberry,1.0
1620,405.0,mRNA,mKalama1,1.0
1621,405.25,topo,topoI,0.25
1621,405.25,topo,gyrase,0.25
1621,405.25,RNAP,RNAP,1.0
1621,405.25,mRNA,tetA,7.0
1621,405.25,mRNA,Raspberry,1.0
1621,405.25,mRNA,mKalama1,1.0
1622,405.5,topo,topoI,0.25
1622,405.5,topo,gyrase,0.25
1622,405.5,RNAP,RNAP,1.0
1622,405.5,mRNA,tetA,7.0
1622,405.5,mRNA,Raspberry,1.0
1622,405.5,mRNA,mKalama1,1.0
1623,405.75,topo,topoI,0.25
1623,405.75,topo,gyrase,0.25
1623,405.75,RNAP,RNAP,1.0
1623,405.75,mRNA,tetA,7.0
1623,405.75,mRNA,Raspberry,1.0
1623,405.75,mRNA,mKalama1,1.0
1624,406.0,topo,topoI,0.25
1624,406.0,topo,gyrase,0.25
1624,406.0,RNAP,RNAP,1.0
1624,406.0,mRNA,tetA,7.0
1624,406.0,mRNA,Raspberry,1.0
1624,406.0,mRNA,mKalama1,1.0
1625,406.25,topo,topoI,0.25
1625,406.25,topo,gyrase,0.25
1625,406.25,RNAP,RNAP,1.0
1625,406.25,mRNA,tetA,7.0
1625,406.25,mRNA,Raspberry,1.0
1625,406.25,mRNA,mKalama1,1.0
1626,406.5,topo,topoI,0.25
1626,406.5,topo,gyrase,0.25
1626,406.5,RNAP,RNAP,1.0
1626,406.5,mRNA,tetA,7.0
1626,406.5,mRNA,Raspberry,1.0
1626,406.5,mRNA,mKalama1,1.0
1627,406.75,topo,topoI,0.25
1627,406.75,topo,gyrase,0.25
1627,406.75,RNAP,RNAP,1.0
1627,406.75,mRNA,tetA,7.0
1627,406.75,mRNA,Raspberry,1.0
1627,406.75,mRNA,mKalama1,1.0
1628,407.0,topo,topoI,0.25
1628,407.0,topo,gyrase,0.25
1628,407.0,RNAP,RNAP,1.0
1628,407.0,mRNA,tetA,7.0
1628,407.0,mRNA,Raspberry,1.0
1628,407.0,mRNA,mKalama1,1.0
1629,407.25,topo,topoI,0.25
1629,407.25,topo,gyrase,0.25
1629,407.25,RNAP,RNAP,1.0
1629,407.25,mRNA,tetA,7.0
1629,407.25,mRNA,Raspberry,1.0
1629,407.25,mRNA,mKalama1,1.0
1630,407.5,topo,topoI,0.25
1630,407.5,topo,gyrase,0.25
1630,407.5,RNAP,RNAP,1.0
1630,407.5,mRNA,tetA,7.0
1630,407.5,mRNA,Raspberry,1.0
1630,407.5,mRNA,mKalama1,1.0
1631,407.75,topo,topoI,0.25
1631,407.75,topo,gyrase,0.25
1631,407.75,RNAP,RNAP,1.0
1631,407.75,mRNA,tetA,7.0
1631,407.75,mRNA,Raspberry,1.0
1631,407.75,mRNA,mKalama1,1.0
1632,408.0,topo,topoI,0.25
1632,408.0,topo,gyrase,0.25
1632,408.0,RNAP,RNAP,1.0
1632,408.0,mRNA,tetA,7.0
1632,408.0,mRNA,Raspberry,1.0
1632,408.0,mRNA,mKalama1,1.0
1633,408.25,topo,topoI,0.25
1633,408.25,topo,gyrase,0.25
1633,408.25,RNAP,RNAP,1.0
1633,408.25,mRNA,tetA,7.0
1633,408.25,mRNA,Raspberry,1.0
1633,408.25,mRNA,mKalama1,1.0
1634,408.5,topo,topoI,0.25
1634,408.5,topo,gyrase,0.25
1634,408.5,RNAP,RNAP,1.0
1634,408.5,mRNA,tetA,7.0
1634,408.5,mRNA,Raspberry,1.0
1634,408.5,mRNA,mKalama1,1.0
1635,408.75,topo,topoI,0.25
1635,408.75,topo,gyrase,0.25
1635,408.75,RNAP,RNAP,1.0
1635,408.75,mRNA,tetA,7.0
1635,408.75,mRNA,Raspberry,1.0
1635,408.75,mRNA,mKalama1,1.0
1636,409.0,topo,topoI,0.25
1636,409.0,topo,gyrase,0.25
1636,409.0,RNAP,RNAP,1.0
1636,409.0,mRNA,tetA,7.0
1636,409.0,mRNA,Raspberry,1.0
1636,409.0,mRNA,mKalama1,1.0
1637,409.25,topo,topoI,0.25
1637,409.25,topo,gyrase,0.25
1637,409.25,RNAP,RNAP,1.0
1637,409.25,mRNA,tetA,7.0
1637,409.25,mRNA,Raspberry,1.0
1637,409.25,mRNA,mKalama1,1.0
1638,409.5,topo,topoI,0.25
1638,409.5,topo,gyrase,0.25
1638,409.5,RNAP,RNAP,1.0
1638,409.5,mRNA,tetA,7.0
1638,409.5,mRNA,Raspberry,1.0
1638,409.5,mRNA,mKalama1,1.0
1639,409.75,topo,topoI,0.25
1639,409.75,topo,gyrase,0.25
1639,409.75,RNAP,RNAP,1.0
1639,409.75,mRNA,tetA,7.0
1639,409.75,mRNA,Raspberry,1.0
1639,409.75,mRNA,mKalama1,1.0
1640,410.0,topo,topoI,0.25
1640,410.0,topo,gyrase,0.25
1640,410.0,RNAP,RNAP,1.0
1640,410.0,mRNA,tetA,7.0
1640,410.0,mRNA,Raspberry,1.0
1640,410.0,mRNA,mKalama1,1.0
1641,410.25,topo,topoI,0.25
1641,410.25,topo,gyrase,0.25
1641,410.25,RNAP,RNAP,1.0
1641,410.25,mRNA,tetA,7.0
1641,410.25,mRNA,Raspberry,1.0
1641,410.25,mRNA,mKalama1,1.0
1642,410.5,topo,topoI,0.25
1642,410.5,topo,gyrase,0.25
1642,410.5,RNAP,RNAP,1.0
1642,410.5,mRNA,tetA,7.0
1642,410.5,mRNA,Raspberry,1.0
1642,410.5,mRNA,mKalama1,1.0
1643,410.75,topo,topoI,0.25
1643,410.75,topo,gyrase,0.25
1643,410.75,RNAP,RNAP,1.0
1643,410.75,mRNA,tetA,7.0
1643,410.75,mRNA,Raspberry,1.0
1643,410.75,mRNA,mKalama1,1.0
1644,411.0,topo,topoI,0.25
1644,411.0,topo,gyrase,0.25
1644,411.0,RNAP,RNAP,1.0
1644,411.0,mRNA,tetA,7.0
1644,411.0,mRNA,Raspberry,1.0
1644,411.0,mRNA,mKalama1,1.0
1645,411.25,topo,topoI,0.25
1645,411.25,topo,gyrase,0.25
1645,411.25,RNAP,RNAP,1.0
1645,411.25,mRNA,tetA,7.0
1645,411.25,mRNA,Raspberry,1.0
1645,411.25,mRNA,mKalama1,1.0
1646,411.5,topo,topoI,0.25
1646,411.5,topo,gyrase,0.25
1646,411.5,RNAP,RNAP,1.0
1646,411.5,mRNA,tetA,7.0
1646,411.5,mRNA,Raspberry,1.0
1646,411.5,mRNA,mKalama1,1.0
1647,411.75,topo,topoI,0.25
1647,411.75,topo,gyrase,0.25
1647,411.75,RNAP,RNAP,1.0
1647,411.75,mRNA,tetA,7.0
1647,411.75,mRNA,Raspberry,1.0
1647,411.75,mRNA,mKalama1,1.0
1648,412.0,topo,topoI,0.25
1648,412.0,topo,gyrase,0.25
1648,412.0,RNAP,RNAP,1.0
1648,412.0,mRNA,tetA,7.0
1648,412.0,mRNA,Raspberry,1.0
1648,412.0,mRNA,mKalama1,1.0
1649,412.25,topo,topoI,0.25
1649,412.25,topo,gyrase,0.25
1649,412.25,RNAP,RNAP,1.0
1649,412.25,mRNA,tetA,7.0
1649,412.25,mRNA,Raspberry,1.0
1649,412.25,mRNA,mKalama1,1.0
1650,412.5,topo,topoI,0.25
1650,412.5,topo,gyrase,0.25
1650,412.5,RNAP,RNAP,1.0
1650,412.5,mRNA,tetA,7.0
1650,412.5,mRNA,Raspberry,1.0
1650,412.5,mRNA,mKalama1,1.0
1651,412.75,topo,topoI,0.25
1651,412.75,topo,gyrase,0.25
1651,412.75,RNAP,RNAP,1.0
1651,412.75,mRNA,tetA,7.0
1651,412.75,mRNA,Raspberry,1.0
1651,412.75,mRNA,mKalama1,1.0
1652,413.0,topo,topoI,0.25
1652,413.0,topo,gyrase,0.25
1652,413.0,RNAP,RNAP,1.0
1652,413.0,mRNA,tetA,7.0
1652,413.0,mRNA,Raspberry,1.0
1652,413.0,mRNA,mKalama1,1.0
1653,413.25,topo,topoI,0.25
1653,413.25,topo,gyrase,0.25
1653,413.25,RNAP,RNAP,1.0
1653,413.25,mRNA,tetA,7.0
1653,413.25,mRNA,Raspberry,1.0
1653,413.25,mRNA,mKalama1,1.0
1654,413.5,topo,topoI,0.25
1654,413.5,topo,gyrase,0.25
1654,413.5,RNAP,RNAP,1.0
1654,413.5,mRNA,tetA,7.0
1654,413.5,mRNA,Raspberry,1.0
1654,413.5,mRNA,mKalama1,1.0
1655,413.75,topo,topoI,0.25
1655,413.75,topo,gyrase,0.25
1655,413.75,RNAP,RNAP,1.0
1655,413.75,mRNA,tetA,7.0
1655,413.75,mRNA,Raspberry,1.0
1655,413.75,mRNA,mKalama1,1.0
1656,414.0,topo,topoI,0.25
1656,414.0,topo,gyrase,0.25
1656,414.0,RNAP,RNAP,1.0
1656,414.0,mRNA,tetA,7.0
1656,414.0,mRNA,Raspberry,1.0
1656,414.0,mRNA,mKalama1,1.0
1657,414.25,topo,topoI,0.25
1657,414.25,topo,gyrase,0.25
1657,414.25,RNAP,RNAP,1.0
1657,414.25,mRNA,tetA,7.0
1657,414.25,mRNA,Raspberry,1.0
1657,414.25,mRNA,mKalama1,1.0
1658,414.5,topo,topoI,0.25
1658,414.5,topo,gyrase,0.25
1658,414.5,RNAP,RNAP,1.0
1658,414.5,mRNA,tetA,7.0
1658,414.5,mRNA,Raspberry,1.0
1658,414.5,mRNA,mKalama1,1.0
1659,414.75,topo,topoI,0.25
1659,414.75,topo,gyrase,0.25
1659,414.75,RNAP,RNAP,1.0
1659,414.75,mRNA,tetA,7.0
1659,414.75,mRNA,Raspberry,1.0
1659,414.75,mRNA,mKalama1,1.0
1660,415.0,topo,topoI,0.25
1660,415.0,topo,gyrase,0.25
1660,415.0,RNAP,RNAP,1.0
1660,415.0,mRNA,tetA,7.0
1660,415.0,mRNA,Raspberry,1.0
1660,415.0,mRNA,mKalama1,1.0
1661,415.25,topo,topoI,0.25
1661,415.25,topo,gyrase,0.25
1661,415.25,RNAP,RNAP,1.0
1661,415.25,mRNA,tetA,7.0
1661,415.25,mRNA,Raspberry,1.0
1661,415.25,mRNA,mKalama1,1.0
1662,415.5,topo,topoI,0.25
1662,415.5,topo,gyrase,0.25
1662,415.5,RNAP,RNAP,1.0
1662,415.5,mRNA,tetA,7.0
1662,415.5,mRNA,Raspberry,1.0
1662,415.5,mRNA,mKalama1,1.0
1663,415.75,topo,topoI,0.25
1663,415.75,topo,gyrase,0.25
1663,415.75,RNAP,RNAP,1.0
1663,415.75,mRNA,tetA,7.0
1663,415.75,mRNA,Raspberry,1.0
1663,415.75,mRNA,mKalama1,1.0
1664,416.0,topo,topoI,0.25
1664,416.0,topo,gyrase,0.25
1664,416.0,RNAP,RNAP,1.0
1664,416.0,mRNA,tetA,7.0
1664,416.0,mRNA,Raspberry,1.0
1664,416.0,mRNA,mKalama1,1.0
1665,416.25,topo,topoI,0.25
1665,416.25,topo,gyrase,0.25
1665,416.25,RNAP,RNAP,1.0
1665,416.25,mRNA,tetA,7.0
1665,416.25,mRNA,Raspberry,1.0
1665,416.25,mRNA,mKalama1,1.0
1666,416.5,topo,topoI,0.25
1666,416.5,topo,gyrase,0.25
1666,416.5,RNAP,RNAP,1.0
1666,416.5,mRNA,tetA,7.0
1666,416.5,mRNA,Raspberry,1.0
1666,416.5,mRNA,mKalama1,1.0
1667,416.75,topo,topoI,0.25
1667,416.75,topo,gyrase,0.25
1667,416.75,RNAP,RNAP,1.0
1667,416.75,mRNA,tetA,7.0
1667,416.75,mRNA,Raspberry,1.0
1667,416.75,mRNA,mKalama1,1.0
1668,417.0,topo,topoI,0.25
1668,417.0,topo,gyrase,0.25
1668,417.0,RNAP,RNAP,1.0
1668,417.0,mRNA,tetA,7.0
1668,417.0,mRNA,Raspberry,1.0
1668,417.0,mRNA,mKalama1,1.0
1669,417.25,topo,topoI,0.25
1669,417.25,topo,gyrase,0.25
1669,417.25,RNAP,RNAP,1.0
1669,417.25,mRNA,tetA,7.0
1669,417.25,mRNA,Raspberry,1.0
1669,417.25,mRNA,mKalama1,1.0
1670,417.5,topo,topoI,0.25
1670,417.5,topo,gyrase,0.25
1670,417.5,RNAP,RNAP,1.0
1670,417.5,mRNA,tetA,7.0
1670,417.5,mRNA,Raspberry,1.0
1670,417.5,mRNA,mKalama1,1.0
1671,417.75,topo,topoI,0.25
1671,417.75,topo,gyrase,0.25
1671,417.75,RNAP,RNAP,1.0
1671,417.75,mRNA,tetA,7.0
1671,417.75,mRNA,Raspberry,1.0
1671,417.75,mRNA,mKalama1,1.0
1672,418.0,topo,topoI,0.25
1672,418.0,topo,gyrase,0.25
1672,418.0,RNAP,RNAP,1.0
1672,418.0,mRNA,tetA,7.0
1672,418.0,mRNA,Raspberry,1.0
1672,418.0,mRNA,mKalama1,1.0
1673,418.25,topo,topoI,0.25
1673,418.25,topo,gyrase,0.25
1673,418.25,RNAP,RNAP,1.0
1673,418.25,mRNA,tetA,8.0
1673,418.25,mRNA,Raspberry,1.0
1673,418.25,mRNA,mKalama1,1.0
1674,418.5,topo,topoI,0.25
1674,418.5,topo,gyrase,0.25
1674,418.5,RNAP,RNAP,1.0
1674,418.5,mRNA,tetA,8.0
1674,418.5,mRNA,Raspberry,1.0
1674,418.5,mRNA,mKalama1,1.0
1675,418.75,topo,topoI,0.25
1675,418.75,topo,gyrase,0.25
1675,418.75,RNAP,RNAP,1.0
1675,418.75,mRNA,tetA,8.0
1675,418.75,mRNA,Raspberry,1.0
1675,418.75,mRNA,mKalama1,1.0
1676,419.0,topo,topoI,0.25
1676,419.0,topo,gyrase,0.25
1676,419.0,RNAP,RNAP,1.0
1676,419.0,mRNA,tetA,8.0
1676,419.0,mRNA,Raspberry,1.0
1676,419.0,mRNA,mKalama1,1.0
1677,419.25,topo,topoI,0.25
1677,419.25,topo,gyrase,0.25
1677,419.25,RNAP,RNAP,1.0
1677,419.25,mRNA,tetA,8.0
1677,419.25,mRNA,Raspberry,1.0
1677,419.25,mRNA,mKalama1,1.0
1678,419.5,topo,topoI,0.25
1678,419.5,topo,gyrase,0.25
1678,419.5,RNAP,RNAP,1.0
1678,419.5,mRNA,tetA,8.0
1678,419.5,mRNA,Raspberry,1.0
1678,419.5,mRNA,mKalama1,1.0
1679,419.75,topo,topoI,0.25
1679,419.75,topo,gyrase,0.25
1679,419.75,RNAP,RNAP,1.0
1679,419.75,mRNA,tetA,8.0
1679,419.75,mRNA,Raspberry,1.0
1679,419.75,mRNA,mKalama1,1.0
1680,420.0,topo,topoI,0.25
1680,420.0,topo,gyrase,0.25
1680,420.0,RNAP,RNAP,1.0
1680,420.0,mRNA,tetA,8.0
1680,420.0,mRNA,Raspberry,1.0
1680,420.0,mRNA,mKalama1,1.0
1681,420.25,topo,topoI,0.25
1681,420.25,topo,gyrase,0.25
1681,420.25,RNAP,RNAP,1.0
1681,420.25,mRNA,tetA,8.0
1681,420.25,mRNA,Raspberry,1.0
1681,420.25,mRNA,mKalama1,1.0
1682,420.5,topo,topoI,0.25
1682,420.5,topo,gyrase,0.25
1682,420.5,RNAP,RNAP,1.0
1682,420.5,mRNA,tetA,8.0
1682,420.5,mRNA,Raspberry,1.0
1682,420.5,mRNA,mKalama1,1.0
1683,420.75,topo,topoI,0.25
1683,420.75,topo,gyrase,0.25
1683,420.75,RNAP,RNAP,1.0
1683,420.75,mRNA,tetA,8.0
1683,420.75,mRNA,Raspberry,1.0
1683,420.75,mRNA,mKalama1,1.0
1684,421.0,topo,topoI,0.25
1684,421.0,topo,gyrase,0.25
1684,421.0,RNAP,RNAP,1.0
1684,421.0,mRNA,tetA,8.0
1684,421.0,mRNA,Raspberry,1.0
1684,421.0,mRNA,mKalama1,1.0
1685,421.25,topo,topoI,0.25
1685,421.25,topo,gyrase,0.25
1685,421.25,RNAP,RNAP,1.0
1685,421.25,mRNA,tetA,8.0
1685,421.25,mRNA,Raspberry,1.0
1685,421.25,mRNA,mKalama1,1.0
1686,421.5,topo,topoI,0.25
1686,421.5,topo,gyrase,0.25
1686,421.5,RNAP,RNAP,1.0
1686,421.5,mRNA,tetA,8.0
1686,421.5,mRNA,Raspberry,1.0
1686,421.5,mRNA,mKalama1,1.0
1687,421.75,topo,topoI,0.25
1687,421.75,topo,gyrase,0.25
1687,421.75,RNAP,RNAP,1.0
1687,421.75,mRNA,tetA,8.0
1687,421.75,mRNA,Raspberry,1.0
1687,421.75,mRNA,mKalama1,1.0
1688,422.0,topo,topoI,0.25
1688,422.0,topo,gyrase,0.25
1688,422.0,RNAP,RNAP,1.0
1688,422.0,mRNA,tetA,8.0
1688,422.0,mRNA,Raspberry,1.0
1688,422.0,mRNA,mKalama1,1.0
1689,422.25,topo,topoI,0.25
1689,422.25,topo,gyrase,0.25
1689,422.25,RNAP,RNAP,1.0
1689,422.25,mRNA,tetA,8.0
1689,422.25,mRNA,Raspberry,1.0
1689,422.25,mRNA,mKalama1,1.0
1690,422.5,topo,topoI,0.25
1690,422.5,topo,gyrase,0.25
1690,422.5,RNAP,RNAP,1.0
1690,422.5,mRNA,tetA,8.0
1690,422.5,mRNA,Raspberry,1.0
1690,422.5,mRNA,mKalama1,1.0
1691,422.75,topo,topoI,0.25
1691,422.75,topo,gyrase,0.25
1691,422.75,RNAP,RNAP,1.0
1691,422.75,mRNA,tetA,8.0
1691,422.75,mRNA,Raspberry,1.0
1691,422.75,mRNA,mKalama1,1.0
1692,423.0,topo,topoI,0.25
1692,423.0,topo,gyrase,0.25
1692,423.0,RNAP,RNAP,1.0
1692,423.0,mRNA,tetA,8.0
1692,423.0,mRNA,Raspberry,1.0
1692,423.0,mRNA,mKalama1,1.0
1693,423.25,topo,topoI,0.25
1693,423.25,topo,gyrase,0.25
1693,423.25,RNAP,RNAP,1.0
1693,423.25,mRNA,tetA,8.0
1693,423.25,mRNA,Raspberry,1.0
1693,423.25,mRNA,mKalama1,1.0
1694,423.5,topo,topoI,0.25
1694,423.5,topo,gyrase,0.25
1694,423.5,RNAP,RNAP,1.0
1694,423.5,mRNA,tetA,8.0
1694,423.5,mRNA,Raspberry,1.0
1694,423.5,mRNA,mKalama1,1.0
1695,423.75,topo,topoI,0.25
1695,423.75,topo,gyrase,0.25
1695,423.75,RNAP,RNAP,1.0
1695,423.75,mRNA,tetA,8.0
1695,423.75,mRNA,Raspberry,1.0
1695,423.75,mRNA,mKalama1,1.0
1696,424.0,topo,topoI,0.25
1696,424.0,topo,gyrase,0.25
1696,424.0,RNAP,RNAP,1.0
1696,424.0,mRNA,tetA,8.0
1696,424.0,mRNA,Raspberry,1.0
1696,424.0,mRNA,mKalama1,1.0
1697,424.25,topo,topoI,0.25
1697,424.25,topo,gyrase,0.25
1697,424.25,RNAP,RNAP,1.0
1697,424.25,mRNA,tetA,8.0
1697,424.25,mRNA,Raspberry,1.0
1697,424.25,mRNA,mKalama1,1.0
1698,424.5,topo,topoI,0.25
1698,424.5,topo,gyrase,0.25
1698,424.5,RNAP,RNAP,1.0
1698,424.5,mRNA,tetA,8.0
1698,424.5,mRNA,Raspberry,1.0
1698,424.5,mRNA,mKalama1,1.0
1699,424.75,topo,topoI,0.25
1699,424.75,topo,gyrase,0.25
1699,424.75,RNAP,RNAP,1.0
1699,424.75,mRNA,tetA,8.0
1699,424.75,mRNA,Raspberry,2.0
1699,424.75,mRNA,mKalama1,1.0
1700,425.0,topo,topoI,0.25
1700,425.0,topo,gyrase,0.25
1700,425.0,RNAP,RNAP,1.0
1700,425.0,mRNA,tetA,8.0
1700,425.0,mRNA,Raspberry,2.0
1700,425.0,mRNA,mKalama1,1.0
1701,425.25,topo,topoI,0.25
1701,425.25,topo,gyrase,0.25
1701,425.25,RNAP,RNAP,1.0
1701,425.25,mRNA,tetA,8.0
1701,425.25,mRNA,Raspberry,2.0
1701,425.25,mRNA,mKalama1,1.0
1702,425.5,topo,topoI,0.25
1702,425.5,topo,gyrase,0.25
1702,425.5,RNAP,RNAP,1.0
1702,425.5,mRNA,tetA,8.0
1702,425.5,mRNA,Raspberry,2.0
1702,425.5,mRNA,mKalama1,1.0
1703,425.75,topo,topoI,0.25
1703,425.75,topo,gyrase,0.25
1703,425.75,RNAP,RNAP,1.0
1703,425.75,mRNA,tetA,8.0
1703,425.75,mRNA,Raspberry,2.0
1703,425.75,mRNA,mKalama1,1.0
1704,426.0,topo,topoI,0.25
1704,426.0,topo,gyrase,0.25
1704,426.0,RNAP,RNAP,1.0
1704,426.0,mRNA,tetA,8.0
1704,426.0,mRNA,Raspberry,2.0
1704,426.0,mRNA,mKalama1,1.0
1705,426.25,topo,topoI,0.25
1705,426.25,topo,gyrase,0.25
1705,426.25,RNAP,RNAP,1.0
1705,426.25,mRNA,tetA,8.0
1705,426.25,mRNA,Raspberry,2.0
1705,426.25,mRNA,mKalama1,1.0
1706,426.5,topo,topoI,0.25
1706,426.5,topo,gyrase,0.25
1706,426.5,RNAP,RNAP,1.0
1706,426.5,mRNA,tetA,8.0
1706,426.5,mRNA,Raspberry,2.0
1706,426.5,mRNA,mKalama1,1.0
1707,426.75,topo,topoI,0.25
1707,426.75,topo,gyrase,0.25
1707,426.75,RNAP,RNAP,1.0
1707,426.75,mRNA,tetA,8.0
1707,426.75,mRNA,Raspberry,2.0
1707,426.75,mRNA,mKalama1,1.0
1708,427.0,topo,topoI,0.25
1708,427.0,topo,gyrase,0.25
1708,427.0,RNAP,RNAP,1.0
1708,427.0,mRNA,tetA,8.0
1708,427.0,mRNA,Raspberry,2.0
1708,427.0,mRNA,mKalama1,1.0
1709,427.25,topo,topoI,0.25
1709,427.25,topo,gyrase,0.25
1709,427.25,RNAP,RNAP,1.0
1709,427.25,mRNA,tetA,8.0
1709,427.25,mRNA,Raspberry,2.0
1709,427.25,mRNA,mKalama1,1.0
1710,427.5,topo,topoI,0.25
1710,427.5,topo,gyrase,0.25
1710,427.5,RNAP,RNAP,1.0
1710,427.5,mRNA,tetA,8.0
1710,427.5,mRNA,Raspberry,2.0
1710,427.5,mRNA,mKalama1,1.0
1711,427.75,topo,topoI,0.25
1711,427.75,topo,gyrase,0.25
1711,427.75,RNAP,RNAP,1.0
1711,427.75,mRNA,tetA,8.0
1711,427.75,mRNA,Raspberry,2.0
1711,427.75,mRNA,mKalama1,1.0
1712,428.0,topo,topoI,0.25
1712,428.0,topo,gyrase,0.25
1712,428.0,RNAP,RNAP,1.0
1712,428.0,mRNA,tetA,8.0
1712,428.0,mRNA,Raspberry,2.0
1712,428.0,mRNA,mKalama1,1.0
1713,428.25,topo,topoI,0.25
1713,428.25,topo,gyrase,0.25
1713,428.25,RNAP,RNAP,1.0
1713,428.25,mRNA,tetA,8.0
1713,428.25,mRNA,Raspberry,2.0
1713,428.25,mRNA,mKalama1,1.0
1714,428.5,topo,topoI,0.25
1714,428.5,topo,gyrase,0.25
1714,428.5,RNAP,RNAP,1.0
1714,428.5,mRNA,tetA,8.0
1714,428.5,mRNA,Raspberry,2.0
1714,428.5,mRNA,mKalama1,1.0
1715,428.75,topo,topoI,0.25
1715,428.75,topo,gyrase,0.25
1715,428.75,RNAP,RNAP,1.0
1715,428.75,mRNA,tetA,8.0
1715,428.75,mRNA,Raspberry,2.0
1715,428.75,mRNA,mKalama1,1.0
1716,429.0,topo,topoI,0.25
1716,429.0,topo,gyrase,0.25
1716,429.0,RNAP,RNAP,1.0
1716,429.0,mRNA,tetA,8.0
1716,429.0,mRNA,Raspberry,2.0
1716,429.0,mRNA,mKalama1,1.0
1717,429.25,topo,topoI,0.25
1717,429.25,topo,gyrase,0.25
1717,429.25,RNAP,RNAP,1.0
1717,429.25,mRNA,tetA,8.0
1717,429.25,mRNA,Raspberry,2.0
1717,429.25,mRNA,mKalama1,1.0
1718,429.5,topo,topoI,0.25
1718,429.5,topo,gyrase,0.25
1718,429.5,RNAP,RNAP,1.0
1718,429.5,mRNA,tetA,8.0
1718,429.5,mRNA,Raspberry,2.0
1718,429.5,mRNA,mKalama1,1.0
1719,429.75,topo,topoI,0.25
1719,429.75,topo,gyrase,0.25
1719,429.75,RNAP,RNAP,1.0
1719,429.75,mRNA,tetA,8.0
1719,429.75,mRNA,Raspberry,2.0
1719,429.75,mRNA,mKalama1,1.0
1720,430.0,topo,topoI,0.25
1720,430.0,topo,gyrase,0.25
1720,430.0,RNAP,RNAP,1.0
1720,430.0,mRNA,tetA,8.0
1720,430.0,mRNA,Raspberry,2.0
1720,430.0,mRNA,mKalama1,1.0
1721,430.25,topo,topoI,0.25
1721,430.25,topo,gyrase,0.25
1721,430.25,RNAP,RNAP,1.0
1721,430.25,mRNA,tetA,8.0
1721,430.25,mRNA,Raspberry,2.0
1721,430.25,mRNA,mKalama1,1.0
1722,430.5,topo,topoI,0.25
1722,430.5,topo,gyrase,0.25
1722,430.5,RNAP,RNAP,1.0
1722,430.5,mRNA,tetA,8.0
1722,430.5,mRNA,Raspberry,2.0
1722,430.5,mRNA,mKalama1,1.0
1723,430.75,topo,topoI,0.25
1723,430.75,topo,gyrase,0.25
1723,430.75,RNAP,RNAP,1.0
1723,430.75,mRNA,tetA,8.0
1723,430.75,mRNA,Raspberry,2.0
1723,430.75,mRNA,mKalama1,1.0
1724,431.0,topo,topoI,0.25
1724,431.0,topo,gyrase,0.25
1724,431.0,RNAP,RNAP,1.0
1724,431.0,mRNA,tetA,8.0
1724,431.0,mRNA,Raspberry,2.0
1724,431.0,mRNA,mKalama1,1.0
1725,431.25,topo,topoI,0.25
1725,431.25,topo,gyrase,0.25
1725,431.25,RNAP,RNAP,1.0
1725,431.25,mRNA,tetA,8.0
1725,431.25,mRNA,Raspberry,2.0
1725,431.25,mRNA,mKalama1,1.0
1726,431.5,topo,topoI,0.25
1726,431.5,topo,gyrase,0.25
1726,431.5,RNAP,RNAP,1.0
1726,431.5,mRNA,tetA,8.0
1726,431.5,mRNA,Raspberry,2.0
1726,431.5,mRNA,mKalama1,1.0
1727,431.75,topo,topoI,0.25
1727,431.75,topo,gyrase,0.25
1727,431.75,RNAP,RNAP,1.0
1727,431.75,mRNA,tetA,8.0
1727,431.75,mRNA,Raspberry,2.0
1727,431.75,mRNA,mKalama1,1.0
1728,432.0,topo,topoI,0.25
1728,432.0,topo,gyrase,0.25
1728,432.0,RNAP,RNAP,1.0
1728,432.0,mRNA,tetA,8.0
1728,432.0,mRNA,Raspberry,2.0
1728,432.0,mRNA,mKalama1,1.0
1729,432.25,topo,topoI,0.25
1729,432.25,topo,gyrase,0.25
1729,432.25,RNAP,RNAP,1.0
1729,432.25,mRNA,tetA,8.0
1729,432.25,mRNA,Raspberry,2.0
1729,432.25,mRNA,mKalama1,1.0
1730,432.5,topo,topoI,0.25
1730,432.5,topo,gyrase,0.25
1730,432.5,RNAP,RNAP,1.0
1730,432.5,mRNA,tetA,8.0
1730,432.5,mRNA,Raspberry,2.0
1730,432.5,mRNA,mKalama1,1.0
1731,432.75,topo,topoI,0.25
1731,432.75,topo,gyrase,0.25
1731,432.75,RNAP,RNAP,1.0
1731,432.75,mRNA,tetA,8.0
1731,432.75,mRNA,Raspberry,2.0
1731,432.75,mRNA,mKalama1,1.0
1732,433.0,topo,topoI,0.25
1732,433.0,topo,gyrase,0.25
1732,433.0,RNAP,RNAP,1.0
1732,433.0,mRNA,tetA,8.0
1732,433.0,mRNA,Raspberry,2.0
1732,433.0,mRNA,mKalama1,1.0
1733,433.25,topo,topoI,0.25
1733,433.25,topo,gyrase,0.25
1733,433.25,RNAP,RNAP,1.0
1733,433.25,mRNA,tetA,8.0
1733,433.25,mRNA,Raspberry,2.0
1733,433.25,mRNA,mKalama1,1.0
1734,433.5,topo,topoI,0.25
1734,433.5,topo,gyrase,0.25
1734,433.5,RNAP,RNAP,1.0
1734,433.5,mRNA,tetA,8.0
1734,433.5,mRNA,Raspberry,2.0
1734,433.5,mRNA,mKalama1,1.0
1735,433.75,topo,topoI,0.25
1735,433.75,topo,gyrase,0.25
1735,433.75,RNAP,RNAP,1.0
1735,433.75,mRNA,tetA,8.0
1735,433.75,mRNA,Raspberry,2.0
1735,433.75,mRNA,mKalama1,1.0
1736,434.0,topo,topoI,0.25
1736,434.0,topo,gyrase,0.25
1736,434.0,RNAP,RNAP,1.0
1736,434.0,mRNA,tetA,8.0
1736,434.0,mRNA,Raspberry,2.0
1736,434.0,mRNA,mKalama1,1.0
1737,434.25,topo,topoI,0.25
1737,434.25,topo,gyrase,0.25
1737,434.25,RNAP,RNAP,1.0
1737,434.25,mRNA,tetA,8.0
1737,434.25,mRNA,Raspberry,2.0
1737,434.25,mRNA,mKalama1,1.0
1738,434.5,topo,topoI,0.25
1738,434.5,topo,gyrase,0.25
1738,434.5,RNAP,RNAP,1.0
1738,434.5,mRNA,tetA,8.0
1738,434.5,mRNA,Raspberry,2.0
1738,434.5,mRNA,mKalama1,1.0
1739,434.75,topo,topoI,0.25
1739,434.75,topo,gyrase,0.25
1739,434.75,RNAP,RNAP,1.0
1739,434.75,mRNA,tetA,8.0
1739,434.75,mRNA,Raspberry,2.0
1739,434.75,mRNA,mKalama1,1.0
1740,435.0,topo,topoI,0.25
1740,435.0,topo,gyrase,0.25
1740,435.0,RNAP,RNAP,1.0
1740,435.0,mRNA,tetA,8.0
1740,435.0,mRNA,Raspberry,2.0
1740,435.0,mRNA,mKalama1,1.0
1741,435.25,topo,topoI,0.25
1741,435.25,topo,gyrase,0.25
1741,435.25,RNAP,RNAP,1.0
1741,435.25,mRNA,tetA,8.0
1741,435.25,mRNA,Raspberry,2.0
1741,435.25,mRNA,mKalama1,1.0
1742,435.5,topo,topoI,0.25
1742,435.5,topo,gyrase,0.25
1742,435.5,RNAP,RNAP,1.0
1742,435.5,mRNA,tetA,8.0
1742,435.5,mRNA,Raspberry,2.0
1742,435.5,mRNA,mKalama1,1.0
1743,435.75,topo,topoI,0.25
1743,435.75,topo,gyrase,0.25
1743,435.75,RNAP,RNAP,1.0
1743,435.75,mRNA,tetA,8.0
1743,435.75,mRNA,Raspberry,2.0
1743,435.75,mRNA,mKalama1,1.0
1744,436.0,topo,topoI,0.25
1744,436.0,topo,gyrase,0.25
1744,436.0,RNAP,RNAP,1.0
1744,436.0,mRNA,tetA,8.0
1744,436.0,mRNA,Raspberry,2.0
1744,436.0,mRNA,mKalama1,1.0
1745,436.25,topo,topoI,0.25
1745,436.25,topo,gyrase,0.25
1745,436.25,RNAP,RNAP,1.0
1745,436.25,mRNA,tetA,8.0
1745,436.25,mRNA,Raspberry,2.0
1745,436.25,mRNA,mKalama1,1.0
1746,436.5,topo,topoI,0.25
1746,436.5,topo,gyrase,0.25
1746,436.5,RNAP,RNAP,1.0
1746,436.5,mRNA,tetA,8.0
1746,436.5,mRNA,Raspberry,2.0
1746,436.5,mRNA,mKalama1,1.0
1747,436.75,topo,topoI,0.25
1747,436.75,topo,gyrase,0.25
1747,436.75,RNAP,RNAP,1.0
1747,436.75,mRNA,tetA,8.0
1747,436.75,mRNA,Raspberry,2.0
1747,436.75,mRNA,mKalama1,1.0
1748,437.0,topo,topoI,0.25
1748,437.0,topo,gyrase,0.25
1748,437.0,RNAP,RNAP,1.0
1748,437.0,mRNA,tetA,8.0
1748,437.0,mRNA,Raspberry,2.0
1748,437.0,mRNA,mKalama1,1.0
1749,437.25,topo,topoI,0.25
1749,437.25,topo,gyrase,0.25
1749,437.25,RNAP,RNAP,1.0
1749,437.25,mRNA,tetA,8.0
1749,437.25,mRNA,Raspberry,2.0
1749,437.25,mRNA,mKalama1,1.0
1750,437.5,topo,topoI,0.25
1750,437.5,topo,gyrase,0.25
1750,437.5,RNAP,RNAP,1.0
1750,437.5,mRNA,tetA,8.0
1750,437.5,mRNA,Raspberry,2.0
1750,437.5,mRNA,mKalama1,1.0
1751,437.75,topo,topoI,0.25
1751,437.75,topo,gyrase,0.25
1751,437.75,RNAP,RNAP,1.0
1751,437.75,mRNA,tetA,8.0
1751,437.75,mRNA,Raspberry,2.0
1751,437.75,mRNA,mKalama1,1.0
1752,438.0,topo,topoI,0.25
1752,438.0,topo,gyrase,0.25
1752,438.0,RNAP,RNAP,1.0
1752,438.0,mRNA,tetA,8.0
1752,438.0,mRNA,Raspberry,2.0
1752,438.0,mRNA,mKalama1,1.0
1753,438.25,topo,topoI,0.25
1753,438.25,topo,gyrase,0.25
1753,438.25,RNAP,RNAP,1.0
1753,438.25,mRNA,tetA,8.0
1753,438.25,mRNA,Raspberry,2.0
1753,438.25,mRNA,mKalama1,1.0
1754,438.5,topo,topoI,0.25
1754,438.5,topo,gyrase,0.25
1754,438.5,RNAP,RNAP,1.0
1754,438.5,mRNA,tetA,8.0
1754,438.5,mRNA,Raspberry,2.0
1754,438.5,mRNA,mKalama1,1.0
1755,438.75,topo,topoI,0.25
1755,438.75,topo,gyrase,0.25
1755,438.75,RNAP,RNAP,1.0
1755,438.75,mRNA,tetA,8.0
1755,438.75,mRNA,Raspberry,2.0
1755,438.75,mRNA,mKalama1,1.0
1756,439.0,topo,topoI,0.25
1756,439.0,topo,gyrase,0.25
1756,439.0,RNAP,RNAP,1.0
1756,439.0,mRNA,tetA,8.0
1756,439.0,mRNA,Raspberry,2.0
1756,439.0,mRNA,mKalama1,1.0
1757,439.25,topo,topoI,0.25
1757,439.25,topo,gyrase,0.25
1757,439.25,RNAP,RNAP,1.0
1757,439.25,mRNA,tetA,8.0
1757,439.25,mRNA,Raspberry,2.0
1757,439.25,mRNA,mKalama1,1.0
1758,439.5,topo,topoI,0.25
1758,439.5,topo,gyrase,0.25
1758,439.5,RNAP,RNAP,1.0
1758,439.5,mRNA,tetA,8.0
1758,439.5,mRNA,Raspberry,2.0
1758,439.5,mRNA,mKalama1,1.0
1759,439.75,topo,topoI,0.25
1759,439.75,topo,gyrase,0.25
1759,439.75,RNAP,RNAP,1.0
1759,439.75,mRNA,tetA,8.0
1759,439.75,mRNA,Raspberry,2.0
1759,439.75,mRNA,mKalama1,1.0
1760,440.0,topo,topoI,0.25
1760,440.0,topo,gyrase,0.25
1760,440.0,RNAP,RNAP,1.0
1760,440.0,mRNA,tetA,8.0
1760,440.0,mRNA,Raspberry,2.0
1760,440.0,mRNA,mKalama1,1.0
1761,440.25,topo,topoI,0.25
1761,440.25,topo,gyrase,0.25
1761,440.25,RNAP,RNAP,1.0
1761,440.25,mRNA,tetA,8.0
1761,440.25,mRNA,Raspberry,2.0
1761,440.25,mRNA,mKalama1,1.0
1762,440.5,topo,topoI,0.25
1762,440.5,topo,gyrase,0.25
1762,440.5,RNAP,RNAP,1.0
1762,440.5,mRNA,tetA,8.0
1762,440.5,mRNA,Raspberry,2.0
1762,440.5,mRNA,mKalama1,1.0
1763,440.75,topo,topoI,0.25
1763,440.75,topo,gyrase,0.25
1763,440.75,RNAP,RNAP,1.0
1763,440.75,mRNA,tetA,8.0
1763,440.75,mRNA,Raspberry,2.0
1763,440.75,mRNA,mKalama1,1.0
1764,441.0,topo,topoI,0.25
1764,441.0,topo,gyrase,0.25
1764,441.0,RNAP,RNAP,1.0
1764,441.0,mRNA,tetA,8.0
1764,441.0,mRNA,Raspberry,2.0
1764,441.0,mRNA,mKalama1,1.0
1765,441.25,topo,topoI,0.25
1765,441.25,topo,gyrase,0.25
1765,441.25,RNAP,RNAP,1.0
1765,441.25,mRNA,tetA,8.0
1765,441.25,mRNA,Raspberry,2.0
1765,441.25,mRNA,mKalama1,1.0
1766,441.5,topo,topoI,0.25
1766,441.5,topo,gyrase,0.25
1766,441.5,RNAP,RNAP,1.0
1766,441.5,mRNA,tetA,8.0
1766,441.5,mRNA,Raspberry,2.0
1766,441.5,mRNA,mKalama1,1.0
1767,441.75,topo,topoI,0.25
1767,441.75,topo,gyrase,0.25
1767,441.75,RNAP,RNAP,1.0
1767,441.75,mRNA,tetA,8.0
1767,441.75,mRNA,Raspberry,2.0
1767,441.75,mRNA,mKalama1,1.0
1768,442.0,topo,topoI,0.25
1768,442.0,topo,gyrase,0.25
1768,442.0,RNAP,RNAP,1.0
1768,442.0,mRNA,tetA,8.0
1768,442.0,mRNA,Raspberry,2.0
1768,442.0,mRNA,mKalama1,1.0
1769,442.25,topo,topoI,0.25
1769,442.25,topo,gyrase,0.25
1769,442.25,RNAP,RNAP,1.0
1769,442.25,mRNA,tetA,8.0
1769,442.25,mRNA,Raspberry,2.0
1769,442.25,mRNA,mKalama1,1.0
1770,442.5,topo,topoI,0.25
1770,442.5,topo,gyrase,0.25
1770,442.5,RNAP,RNAP,1.0
1770,442.5,mRNA,tetA,8.0
1770,442.5,mRNA,Raspberry,2.0
1770,442.5,mRNA,mKalama1,1.0
1771,442.75,topo,topoI,0.25
1771,442.75,topo,gyrase,0.25
1771,442.75,RNAP,RNAP,1.0
1771,442.75,mRNA,tetA,8.0
1771,442.75,mRNA,Raspberry,2.0
1771,442.75,mRNA,mKalama1,1.0
1772,443.0,topo,topoI,0.25
1772,443.0,topo,gyrase,0.25
1772,443.0,RNAP,RNAP,1.0
1772,443.0,mRNA,tetA,8.0
1772,443.0,mRNA,Raspberry,2.0
1772,443.0,mRNA,mKalama1,1.0
1773,443.25,topo,topoI,0.25
1773,443.25,topo,gyrase,0.25
1773,443.25,RNAP,RNAP,1.0
1773,443.25,mRNA,tetA,8.0
1773,443.25,mRNA,Raspberry,2.0
1773,443.25,mRNA,mKalama1,1.0
1774,443.5,topo,topoI,0.25
1774,443.5,topo,gyrase,0.25
1774,443.5,RNAP,RNAP,1.0
1774,443.5,mRNA,tetA,8.0
1774,443.5,mRNA,Raspberry,2.0
1774,443.5,mRNA,mKalama1,1.0
1775,443.75,topo,topoI,0.25
1775,443.75,topo,gyrase,0.25
1775,443.75,RNAP,RNAP,1.0
1775,443.75,mRNA,tetA,8.0
1775,443.75,mRNA,Raspberry,2.0
1775,443.75,mRNA,mKalama1,1.0
1776,444.0,topo,topoI,0.25
1776,444.0,topo,gyrase,0.25
1776,444.0,RNAP,RNAP,1.0
1776,444.0,mRNA,tetA,8.0
1776,444.0,mRNA,Raspberry,2.0
1776,444.0,mRNA,mKalama1,1.0
1777,444.25,topo,topoI,0.25
1777,444.25,topo,gyrase,0.25
1777,444.25,RNAP,RNAP,1.0
1777,444.25,mRNA,tetA,8.0
1777,444.25,mRNA,Raspberry,2.0
1777,444.25,mRNA,mKalama1,1.0
1778,444.5,topo,topoI,0.25
1778,444.5,topo,gyrase,0.25
1778,444.5,RNAP,RNAP,1.0
1778,444.5,mRNA,tetA,8.0
1778,444.5,mRNA,Raspberry,2.0
1778,444.5,mRNA,mKalama1,1.0
1779,444.75,topo,topoI,0.25
1779,444.75,topo,gyrase,0.25
1779,444.75,RNAP,RNAP,1.0
1779,444.75,mRNA,tetA,8.0
1779,444.75,mRNA,Raspberry,2.0
1779,444.75,mRNA,mKalama1,1.0
1780,445.0,topo,topoI,0.25
1780,445.0,topo,gyrase,0.25
1780,445.0,RNAP,RNAP,1.0
1780,445.0,mRNA,tetA,8.0
1780,445.0,mRNA,Raspberry,2.0
1780,445.0,mRNA,mKalama1,1.0
1781,445.25,topo,topoI,0.25
1781,445.25,topo,gyrase,0.25
1781,445.25,RNAP,RNAP,1.0
1781,445.25,mRNA,tetA,8.0
1781,445.25,mRNA,Raspberry,2.0
1781,445.25,mRNA,mKalama1,1.0
1782,445.5,topo,topoI,0.25
1782,445.5,topo,gyrase,0.25
1782,445.5,RNAP,RNAP,1.0
1782,445.5,mRNA,tetA,8.0
1782,445.5,mRNA,Raspberry,2.0
1782,445.5,mRNA,mKalama1,1.0
1783,445.75,topo,topoI,0.25
1783,445.75,topo,gyrase,0.25
1783,445.75,RNAP,RNAP,1.0
1783,445.75,mRNA,tetA,8.0
1783,445.75,mRNA,Raspberry,2.0
1783,445.75,mRNA,mKalama1,1.0
1784,446.0,topo,topoI,0.25
1784,446.0,topo,gyrase,0.25
1784,446.0,RNAP,RNAP,1.0
1784,446.0,mRNA,tetA,8.0
1784,446.0,mRNA,Raspberry,2.0
1784,446.0,mRNA,mKalama1,1.0
1785,446.25,topo,topoI,0.25
1785,446.25,topo,gyrase,0.25
1785,446.25,RNAP,RNAP,1.0
1785,446.25,mRNA,tetA,8.0
1785,446.25,mRNA,Raspberry,2.0
1785,446.25,mRNA,mKalama1,1.0
1786,446.5,topo,topoI,0.25
1786,446.5,topo,gyrase,0.25
1786,446.5,RNAP,RNAP,1.0
1786,446.5,mRNA,tetA,8.0
1786,446.5,mRNA,Raspberry,2.0
1786,446.5,mRNA,mKalama1,1.0
1787,446.75,topo,topoI,0.25
1787,446.75,topo,gyrase,0.25
1787,446.75,RNAP,RNAP,1.0
1787,446.75,mRNA,tetA,8.0
1787,446.75,mRNA,Raspberry,2.0
1787,446.75,mRNA,mKalama1,1.0
1788,447.0,topo,topoI,0.25
1788,447.0,topo,gyrase,0.25
1788,447.0,RNAP,RNAP,1.0
1788,447.0,mRNA,tetA,8.0
1788,447.0,mRNA,Raspberry,2.0
1788,447.0,mRNA,mKalama1,1.0
1789,447.25,topo,topoI,0.25
1789,447.25,topo,gyrase,0.25
1789,447.25,RNAP,RNAP,1.0
1789,447.25,mRNA,tetA,8.0
1789,447.25,mRNA,Raspberry,2.0
1789,447.25,mRNA,mKalama1,1.0
1790,447.5,topo,topoI,0.25
1790,447.5,topo,gyrase,0.25
1790,447.5,RNAP,RNAP,1.0
1790,447.5,mRNA,tetA,8.0
1790,447.5,mRNA,Raspberry,2.0
1790,447.5,mRNA,mKalama1,1.0
1791,447.75,topo,topoI,0.25
1791,447.75,topo,gyrase,0.25
1791,447.75,RNAP,RNAP,1.0
1791,447.75,mRNA,tetA,8.0
1791,447.75,mRNA,Raspberry,2.0
1791,447.75,mRNA,mKalama1,1.0
1792,448.0,topo,topoI,0.25
1792,448.0,topo,gyrase,0.25
1792,448.0,RNAP,RNAP,1.0
1792,448.0,mRNA,tetA,8.0
1792,448.0,mRNA,Raspberry,2.0
1792,448.0,mRNA,mKalama1,1.0
1793,448.25,topo,topoI,0.25
1793,448.25,topo,gyrase,0.25
1793,448.25,RNAP,RNAP,1.0
1793,448.25,mRNA,tetA,8.0
1793,448.25,mRNA,Raspberry,2.0
1793,448.25,mRNA,mKalama1,1.0
1794,448.5,topo,topoI,0.25
1794,448.5,topo,gyrase,0.25
1794,448.5,RNAP,RNAP,1.0
1794,448.5,mRNA,tetA,8.0
1794,448.5,mRNA,Raspberry,2.0
1794,448.5,mRNA,mKalama1,1.0
1795,448.75,topo,topoI,0.25
1795,448.75,topo,gyrase,0.25
1795,448.75,RNAP,RNAP,1.0
1795,448.75,mRNA,tetA,8.0
1795,448.75,mRNA,Raspberry,2.0
1795,448.75,mRNA,mKalama1,1.0
1796,449.0,topo,topoI,0.25
1796,449.0,topo,gyrase,0.25
1796,449.0,RNAP,RNAP,1.0
1796,449.0,mRNA,tetA,8.0
1796,449.0,mRNA,Raspberry,2.0
1796,449.0,mRNA,mKalama1,1.0
1797,449.25,topo,topoI,0.25
1797,449.25,topo,gyrase,0.25
1797,449.25,RNAP,RNAP,1.0
1797,449.25,mRNA,tetA,8.0
1797,449.25,mRNA,Raspberry,2.0
1797,449.25,mRNA,mKalama1,1.0
1798,449.5,topo,topoI,0.25
1798,449.5,topo,gyrase,0.25
1798,449.5,RNAP,RNAP,1.0
1798,449.5,mRNA,tetA,8.0
1798,449.5,mRNA,Raspberry,2.0
1798,449.5,mRNA,mKalama1,1.0
1799,449.75,topo,topoI,0.25
1799,449.75,topo,gyrase,0.25
1799,449.75,RNAP,RNAP,1.0
1799,449.75,mRNA,tetA,8.0
1799,449.75,mRNA,Raspberry,2.0
1799,449.75,mRNA,mKalama1,1.0
1800,450.0,topo,topoI,0.25
1800,450.0,topo,gyrase,0.25
1800,450.0,RNAP,RNAP,1.0
1800,450.0,mRNA,tetA,8.0
1800,450.0,mRNA,Raspberry,2.0
1800,450.0,mRNA,mKalama1,1.0
1801,450.25,topo,topoI,0.25
1801,450.25,topo,gyrase,0.25
1801,450.25,RNAP,RNAP,1.0
1801,450.25,mRNA,tetA,8.0
1801,450.25,mRNA,Raspberry,2.0
1801,450.25,mRNA,mKalama1,1.0
1802,450.5,topo,topoI,0.25
1802,450.5,topo,gyrase,0.25
1802,450.5,RNAP,RNAP,1.0
1802,450.5,mRNA,tetA,8.0
1802,450.5,mRNA,Raspberry,2.0
1802,450.5,mRNA,mKalama1,1.0
1803,450.75,topo,topoI,0.25
1803,450.75,topo,gyrase,0.25
1803,450.75,RNAP,RNAP,1.0
1803,450.75,mRNA,tetA,8.0
1803,450.75,mRNA,Raspberry,2.0
1803,450.75,mRNA,mKalama1,1.0
1804,451.0,topo,topoI,0.25
1804,451.0,topo,gyrase,0.25
1804,451.0,RNAP,RNAP,1.0
1804,451.0,mRNA,tetA,8.0
1804,451.0,mRNA,Raspberry,2.0
1804,451.0,mRNA,mKalama1,1.0
1805,451.25,topo,topoI,0.25
1805,451.25,topo,gyrase,0.25
1805,451.25,RNAP,RNAP,1.0
1805,451.25,mRNA,tetA,8.0
1805,451.25,mRNA,Raspberry,2.0
1805,451.25,mRNA,mKalama1,1.0
1806,451.5,topo,topoI,0.25
1806,451.5,topo,gyrase,0.25
1806,451.5,RNAP,RNAP,1.0
1806,451.5,mRNA,tetA,8.0
1806,451.5,mRNA,Raspberry,2.0
1806,451.5,mRNA,mKalama1,1.0
1807,451.75,topo,topoI,0.25
1807,451.75,topo,gyrase,0.25
1807,451.75,RNAP,RNAP,1.0
1807,451.75,mRNA,tetA,8.0
1807,451.75,mRNA,Raspberry,2.0
1807,451.75,mRNA,mKalama1,1.0
1808,452.0,topo,topoI,0.25
1808,452.0,topo,gyrase,0.25
1808,452.0,RNAP,RNAP,1.0
1808,452.0,mRNA,tetA,8.0
1808,452.0,mRNA,Raspberry,2.0
1808,452.0,mRNA,mKalama1,1.0
1809,452.25,topo,topoI,0.25
1809,452.25,topo,gyrase,0.25
1809,452.25,RNAP,RNAP,1.0
1809,452.25,mRNA,tetA,8.0
1809,452.25,mRNA,Raspberry,2.0
1809,452.25,mRNA,mKalama1,1.0
1810,452.5,topo,topoI,0.25
1810,452.5,topo,gyrase,0.25
1810,452.5,RNAP,RNAP,1.0
1810,452.5,mRNA,tetA,8.0
1810,452.5,mRNA,Raspberry,2.0
1810,452.5,mRNA,mKalama1,1.0
1811,452.75,topo,topoI,0.25
1811,452.75,topo,gyrase,0.25
1811,452.75,RNAP,RNAP,1.0
1811,452.75,mRNA,tetA,8.0
1811,452.75,mRNA,Raspberry,2.0
1811,452.75,mRNA,mKalama1,1.0
1812,453.0,topo,topoI,0.25
1812,453.0,topo,gyrase,0.25
1812,453.0,RNAP,RNAP,1.0
1812,453.0,mRNA,tetA,8.0
1812,453.0,mRNA,Raspberry,2.0
1812,453.0,mRNA,mKalama1,1.0
1813,453.25,topo,topoI,0.25
1813,453.25,topo,gyrase,0.25
1813,453.25,RNAP,RNAP,1.0
1813,453.25,mRNA,tetA,8.0
1813,453.25,mRNA,Raspberry,2.0
1813,453.25,mRNA,mKalama1,1.0
1814,453.5,topo,topoI,0.25
1814,453.5,topo,gyrase,0.25
1814,453.5,RNAP,RNAP,1.0
1814,453.5,mRNA,tetA,8.0
1814,453.5,mRNA,Raspberry,2.0
1814,453.5,mRNA,mKalama1,1.0
1815,453.75,topo,topoI,0.25
1815,453.75,topo,gyrase,0.25
1815,453.75,RNAP,RNAP,1.0
1815,453.75,mRNA,tetA,8.0
1815,453.75,mRNA,Raspberry,2.0
1815,453.75,mRNA,mKalama1,1.0
1816,454.0,topo,topoI,0.25
1816,454.0,topo,gyrase,0.25
1816,454.0,RNAP,RNAP,1.0
1816,454.0,mRNA,tetA,8.0
1816,454.0,mRNA,Raspberry,2.0
1816,454.0,mRNA,mKalama1,1.0
1817,454.25,topo,topoI,0.25
1817,454.25,topo,gyrase,0.25
1817,454.25,RNAP,RNAP,1.0
1817,454.25,mRNA,tetA,8.0
1817,454.25,mRNA,Raspberry,2.0
1817,454.25,mRNA,mKalama1,1.0
1818,454.5,topo,topoI,0.25
1818,454.5,topo,gyrase,0.25
1818,454.5,RNAP,RNAP,1.0
1818,454.5,mRNA,tetA,8.0
1818,454.5,mRNA,Raspberry,2.0
1818,454.5,mRNA,mKalama1,1.0
1819,454.75,topo,topoI,0.25
1819,454.75,topo,gyrase,0.25
1819,454.75,RNAP,RNAP,1.0
1819,454.75,mRNA,tetA,8.0
1819,454.75,mRNA,Raspberry,2.0
1819,454.75,mRNA,mKalama1,1.0
1820,455.0,topo,topoI,0.25
1820,455.0,topo,gyrase,0.25
1820,455.0,RNAP,RNAP,1.0
1820,455.0,mRNA,tetA,8.0
1820,455.0,mRNA,Raspberry,2.0
1820,455.0,mRNA,mKalama1,1.0
1821,455.25,topo,topoI,0.25
1821,455.25,topo,gyrase,0.25
1821,455.25,RNAP,RNAP,1.0
1821,455.25,mRNA,tetA,8.0
1821,455.25,mRNA,Raspberry,2.0
1821,455.25,mRNA,mKalama1,1.0
1822,455.5,topo,topoI,0.25
1822,455.5,topo,gyrase,0.25
1822,455.5,RNAP,RNAP,1.0
1822,455.5,mRNA,tetA,8.0
1822,455.5,mRNA,Raspberry,2.0
1822,455.5,mRNA,mKalama1,1.0
1823,455.75,topo,topoI,0.25
1823,455.75,topo,gyrase,0.25
1823,455.75,RNAP,RNAP,1.0
1823,455.75,mRNA,tetA,8.0
1823,455.75,mRNA,Raspberry,2.0
1823,455.75,mRNA,mKalama1,1.0
1824,456.0,topo,topoI,0.25
1824,456.0,topo,gyrase,0.25
1824,456.0,RNAP,RNAP,1.0
1824,456.0,mRNA,tetA,8.0
1824,456.0,mRNA,Raspberry,2.0
1824,456.0,mRNA,mKalama1,1.0
1825,456.25,topo,topoI,0.25
1825,456.25,topo,gyrase,0.25
1825,456.25,RNAP,RNAP,1.0
1825,456.25,mRNA,tetA,8.0
1825,456.25,mRNA,Raspberry,2.0
1825,456.25,mRNA,mKalama1,1.0
1826,456.5,topo,topoI,0.25
1826,456.5,topo,gyrase,0.25
1826,456.5,RNAP,RNAP,1.0
1826,456.5,mRNA,tetA,8.0
1826,456.5,mRNA,Raspberry,2.0
1826,456.5,mRNA,mKalama1,1.0
1827,456.75,topo,topoI,0.25
1827,456.75,topo,gyrase,0.25
1827,456.75,RNAP,RNAP,1.0
1827,456.75,mRNA,tetA,8.0
1827,456.75,mRNA,Raspberry,2.0
1827,456.75,mRNA,mKalama1,1.0
1828,457.0,topo,topoI,0.25
1828,457.0,topo,gyrase,0.25
1828,457.0,RNAP,RNAP,1.0
1828,457.0,mRNA,tetA,8.0
1828,457.0,mRNA,Raspberry,2.0
1828,457.0,mRNA,mKalama1,1.0
1829,457.25,topo,topoI,0.25
1829,457.25,topo,gyrase,0.25
1829,457.25,RNAP,RNAP,1.0
1829,457.25,mRNA,tetA,8.0
1829,457.25,mRNA,Raspberry,2.0
1829,457.25,mRNA,mKalama1,1.0
1830,457.5,topo,topoI,0.25
1830,457.5,topo,gyrase,0.25
1830,457.5,RNAP,RNAP,1.0
1830,457.5,mRNA,tetA,8.0
1830,457.5,mRNA,Raspberry,2.0
1830,457.5,mRNA,mKalama1,1.0
1831,457.75,topo,topoI,0.25
1831,457.75,topo,gyrase,0.25
1831,457.75,RNAP,RNAP,1.0
1831,457.75,mRNA,tetA,8.0
1831,457.75,mRNA,Raspberry,2.0
1831,457.75,mRNA,mKalama1,1.0
1832,458.0,topo,topoI,0.25
1832,458.0,topo,gyrase,0.25
1832,458.0,RNAP,RNAP,1.0
1832,458.0,mRNA,tetA,8.0
1832,458.0,mRNA,Raspberry,2.0
1832,458.0,mRNA,mKalama1,1.0
1833,458.25,topo,topoI,0.25
1833,458.25,topo,gyrase,0.25
1833,458.25,RNAP,RNAP,1.0
1833,458.25,mRNA,tetA,8.0
1833,458.25,mRNA,Raspberry,2.0
1833,458.25,mRNA,mKalama1,1.0
1834,458.5,topo,topoI,0.25
1834,458.5,topo,gyrase,0.25
1834,458.5,RNAP,RNAP,1.0
1834,458.5,mRNA,tetA,8.0
1834,458.5,mRNA,Raspberry,2.0
1834,458.5,mRNA,mKalama1,1.0
1835,458.75,topo,topoI,0.25
1835,458.75,topo,gyrase,0.25
1835,458.75,RNAP,RNAP,1.0
1835,458.75,mRNA,tetA,8.0
1835,458.75,mRNA,Raspberry,2.0
1835,458.75,mRNA,mKalama1,1.0
1836,459.0,topo,topoI,0.25
1836,459.0,topo,gyrase,0.25
1836,459.0,RNAP,RNAP,1.0
1836,459.0,mRNA,tetA,8.0
1836,459.0,mRNA,Raspberry,2.0
1836,459.0,mRNA,mKalama1,1.0
1837,459.25,topo,topoI,0.25
1837,459.25,topo,gyrase,0.25
1837,459.25,RNAP,RNAP,1.0
1837,459.25,mRNA,tetA,8.0
1837,459.25,mRNA,Raspberry,2.0
1837,459.25,mRNA,mKalama1,1.0
1838,459.5,topo,topoI,0.25
1838,459.5,topo,gyrase,0.25
1838,459.5,RNAP,RNAP,1.0
1838,459.5,mRNA,tetA,8.0
1838,459.5,mRNA,Raspberry,2.0
1838,459.5,mRNA,mKalama1,1.0
1839,459.75,topo,topoI,0.25
1839,459.75,topo,gyrase,0.25
1839,459.75,RNAP,RNAP,1.0
1839,459.75,mRNA,tetA,8.0
1839,459.75,mRNA,Raspberry,2.0
1839,459.75,mRNA,mKalama1,1.0
1840,460.0,topo,topoI,0.25
1840,460.0,topo,gyrase,0.25
1840,460.0,RNAP,RNAP,1.0
1840,460.0,mRNA,tetA,8.0
1840,460.0,mRNA,Raspberry,2.0
1840,460.0,mRNA,mKalama1,1.0
1841,460.25,topo,topoI,0.25
1841,460.25,topo,gyrase,0.25
1841,460.25,RNAP,RNAP,1.0
1841,460.25,mRNA,tetA,8.0
1841,460.25,mRNA,Raspberry,2.0
1841,460.25,mRNA,mKalama1,1.0
1842,460.5,topo,topoI,0.25
1842,460.5,topo,gyrase,0.25
1842,460.5,RNAP,RNAP,1.0
1842,460.5,mRNA,tetA,8.0
1842,460.5,mRNA,Raspberry,2.0
1842,460.5,mRNA,mKalama1,1.0
1843,460.75,topo,topoI,0.25
1843,460.75,topo,gyrase,0.25
1843,460.75,RNAP,RNAP,1.0
1843,460.75,mRNA,tetA,8.0
1843,460.75,mRNA,Raspberry,2.0
1843,460.75,mRNA,mKalama1,1.0
1844,461.0,topo,topoI,0.25
1844,461.0,topo,gyrase,0.25
1844,461.0,RNAP,RNAP,1.0
1844,461.0,mRNA,tetA,8.0
1844,461.0,mRNA,Raspberry,2.0
1844,461.0,mRNA,mKalama1,1.0
1845,461.25,topo,topoI,0.25
1845,461.25,topo,gyrase,0.25
1845,461.25,RNAP,RNAP,1.0
1845,461.25,mRNA,tetA,8.0
1845,461.25,mRNA,Raspberry,2.0
1845,461.25,mRNA,mKalama1,1.0
1846,461.5,topo,topoI,0.25
1846,461.5,topo,gyrase,0.25
1846,461.5,RNAP,RNAP,1.0
1846,461.5,mRNA,tetA,8.0
1846,461.5,mRNA,Raspberry,2.0
1846,461.5,mRNA,mKalama1,1.0
1847,461.75,topo,topoI,0.25
1847,461.75,topo,gyrase,0.25
1847,461.75,RNAP,RNAP,1.0
1847,461.75,mRNA,tetA,8.0
1847,461.75,mRNA,Raspberry,2.0
1847,461.75,mRNA,mKalama1,1.0
1848,462.0,topo,topoI,0.25
1848,462.0,topo,gyrase,0.25
1848,462.0,RNAP,RNAP,1.0
1848,462.0,mRNA,tetA,8.0
1848,462.0,mRNA,Raspberry,2.0
1848,462.0,mRNA,mKalama1,1.0
1849,462.25,topo,topoI,0.25
1849,462.25,topo,gyrase,0.25
1849,462.25,RNAP,RNAP,1.0
1849,462.25,mRNA,tetA,8.0
1849,462.25,mRNA,Raspberry,2.0
1849,462.25,mRNA,mKalama1,1.0
1850,462.5,topo,topoI,0.25
1850,462.5,topo,gyrase,0.25
1850,462.5,RNAP,RNAP,1.0
1850,462.5,mRNA,tetA,8.0
1850,462.5,mRNA,Raspberry,2.0
1850,462.5,mRNA,mKalama1,1.0
1851,462.75,topo,topoI,0.25
1851,462.75,topo,gyrase,0.25
1851,462.75,RNAP,RNAP,1.0
1851,462.75,mRNA,tetA,8.0
1851,462.75,mRNA,Raspberry,2.0
1851,462.75,mRNA,mKalama1,1.0
1852,463.0,topo,topoI,0.25
1852,463.0,topo,gyrase,0.25
1852,463.0,RNAP,RNAP,1.0
1852,463.0,mRNA,tetA,8.0
1852,463.0,mRNA,Raspberry,2.0
1852,463.0,mRNA,mKalama1,1.0
1853,463.25,topo,topoI,0.25
1853,463.25,topo,gyrase,0.25
1853,463.25,RNAP,RNAP,1.0
1853,463.25,mRNA,tetA,8.0
1853,463.25,mRNA,Raspberry,2.0
1853,463.25,mRNA,mKalama1,1.0
1854,463.5,topo,topoI,0.25
1854,463.5,topo,gyrase,0.25
1854,463.5,RNAP,RNAP,1.0
1854,463.5,mRNA,tetA,8.0
1854,463.5,mRNA,Raspberry,2.0
1854,463.5,mRNA,mKalama1,1.0
1855,463.75,topo,topoI,0.25
1855,463.75,topo,gyrase,0.25
1855,463.75,RNAP,RNAP,1.0
1855,463.75,mRNA,tetA,8.0
1855,463.75,mRNA,Raspberry,2.0
1855,463.75,mRNA,mKalama1,1.0
1856,464.0,topo,topoI,0.25
1856,464.0,topo,gyrase,0.25
1856,464.0,RNAP,RNAP,1.0
1856,464.0,mRNA,tetA,8.0
1856,464.0,mRNA,Raspberry,2.0
1856,464.0,mRNA,mKalama1,1.0
1857,464.25,topo,topoI,0.25
1857,464.25,topo,gyrase,0.25
1857,464.25,RNAP,RNAP,1.0
1857,464.25,mRNA,tetA,8.0
1857,464.25,mRNA,Raspberry,2.0
1857,464.25,mRNA,mKalama1,1.0
1858,464.5,topo,topoI,0.25
1858,464.5,topo,gyrase,0.25
1858,464.5,RNAP,RNAP,1.0
1858,464.5,mRNA,tetA,8.0
1858,464.5,mRNA,Raspberry,2.0
1858,464.5,mRNA,mKalama1,1.0
1859,464.75,topo,topoI,0.25
1859,464.75,topo,gyrase,0.25
1859,464.75,RNAP,RNAP,1.0
1859,464.75,mRNA,tetA,8.0
1859,464.75,mRNA,Raspberry,2.0
1859,464.75,mRNA,mKalama1,1.0
1860,465.0,topo,topoI,0.25
1860,465.0,topo,gyrase,0.25
1860,465.0,RNAP,RNAP,1.0
1860,465.0,mRNA,tetA,8.0
1860,465.0,mRNA,Raspberry,2.0
1860,465.0,mRNA,mKalama1,1.0
1861,465.25,topo,topoI,0.25
1861,465.25,topo,gyrase,0.25
1861,465.25,RNAP,RNAP,1.0
1861,465.25,mRNA,tetA,8.0
1861,465.25,mRNA,Raspberry,2.0
1861,465.25,mRNA,mKalama1,1.0
1862,465.5,topo,topoI,0.25
1862,465.5,topo,gyrase,0.25
1862,465.5,RNAP,RNAP,1.0
1862,465.5,mRNA,tetA,8.0
1862,465.5,mRNA,Raspberry,2.0
1862,465.5,mRNA,mKalama1,1.0
1863,465.75,topo,topoI,0.25
1863,465.75,topo,gyrase,0.25
1863,465.75,RNAP,RNAP,1.0
1863,465.75,mRNA,tetA,8.0
1863,465.75,mRNA,Raspberry,2.0
1863,465.75,mRNA,mKalama1,1.0
1864,466.0,topo,topoI,0.25
1864,466.0,topo,gyrase,0.25
1864,466.0,RNAP,RNAP,1.0
1864,466.0,mRNA,tetA,8.0
1864,466.0,mRNA,Raspberry,2.0
1864,466.0,mRNA,mKalama1,1.0
1865,466.25,topo,topoI,0.25
1865,466.25,topo,gyrase,0.25
1865,466.25,RNAP,RNAP,1.0
1865,466.25,mRNA,tetA,8.0
1865,466.25,mRNA,Raspberry,2.0
1865,466.25,mRNA,mKalama1,1.0
1866,466.5,topo,topoI,0.25
1866,466.5,topo,gyrase,0.25
1866,466.5,RNAP,RNAP,1.0
1866,466.5,mRNA,tetA,8.0
1866,466.5,mRNA,Raspberry,2.0
1866,466.5,mRNA,mKalama1,1.0
1867,466.75,topo,topoI,0.25
1867,466.75,topo,gyrase,0.25
1867,466.75,RNAP,RNAP,1.0
1867,466.75,mRNA,tetA,8.0
1867,466.75,mRNA,Raspberry,2.0
1867,466.75,mRNA,mKalama1,1.0
1868,467.0,topo,topoI,0.25
1868,467.0,topo,gyrase,0.25
1868,467.0,RNAP,RNAP,1.0
1868,467.0,mRNA,tetA,8.0
1868,467.0,mRNA,Raspberry,2.0
1868,467.0,mRNA,mKalama1,1.0
1869,467.25,topo,topoI,0.25
1869,467.25,topo,gyrase,0.25
1869,467.25,RNAP,RNAP,1.0
1869,467.25,mRNA,tetA,8.0
1869,467.25,mRNA,Raspberry,2.0
1869,467.25,mRNA,mKalama1,1.0
1870,467.5,topo,topoI,0.25
1870,467.5,topo,gyrase,0.25
1870,467.5,RNAP,RNAP,1.0
1870,467.5,mRNA,tetA,8.0
1870,467.5,mRNA,Raspberry,2.0
1870,467.5,mRNA,mKalama1,1.0
1871,467.75,topo,topoI,0.25
1871,467.75,topo,gyrase,0.25
1871,467.75,RNAP,RNAP,1.0
1871,467.75,mRNA,tetA,8.0
1871,467.75,mRNA,Raspberry,2.0
1871,467.75,mRNA,mKalama1,1.0
1872,468.0,topo,topoI,0.25
1872,468.0,topo,gyrase,0.25
1872,468.0,RNAP,RNAP,1.0
1872,468.0,mRNA,tetA,8.0
1872,468.0,mRNA,Raspberry,2.0
1872,468.0,mRNA,mKalama1,1.0
1873,468.25,topo,topoI,0.25
1873,468.25,topo,gyrase,0.25
1873,468.25,RNAP,RNAP,1.0
1873,468.25,mRNA,tetA,8.0
1873,468.25,mRNA,Raspberry,2.0
1873,468.25,mRNA,mKalama1,1.0
1874,468.5,topo,topoI,0.25
1874,468.5,topo,gyrase,0.25
1874,468.5,RNAP,RNAP,1.0
1874,468.5,mRNA,tetA,8.0
1874,468.5,mRNA,Raspberry,2.0
1874,468.5,mRNA,mKalama1,1.0
1875,468.75,topo,topoI,0.25
1875,468.75,topo,gyrase,0.25
1875,468.75,RNAP,RNAP,1.0
1875,468.75,mRNA,tetA,8.0
1875,468.75,mRNA,Raspberry,2.0
1875,468.75,mRNA,mKalama1,1.0
1876,469.0,topo,topoI,0.25
1876,469.0,topo,gyrase,0.25
1876,469.0,RNAP,RNAP,1.0
1876,469.0,mRNA,tetA,8.0
1876,469.0,mRNA,Raspberry,2.0
1876,469.0,mRNA,mKalama1,1.0
1877,469.25,topo,topoI,0.25
1877,469.25,topo,gyrase,0.25
1877,469.25,RNAP,RNAP,1.0
1877,469.25,mRNA,tetA,8.0
1877,469.25,mRNA,Raspberry,2.0
1877,469.25,mRNA,mKalama1,1.0
1878,469.5,topo,topoI,0.25
1878,469.5,topo,gyrase,0.25
1878,469.5,RNAP,RNAP,1.0
1878,469.5,mRNA,tetA,8.0
1878,469.5,mRNA,Raspberry,2.0
1878,469.5,mRNA,mKalama1,1.0
1879,469.75,topo,topoI,0.25
1879,469.75,topo,gyrase,0.25
1879,469.75,RNAP,RNAP,1.0
1879,469.75,mRNA,tetA,8.0
1879,469.75,mRNA,Raspberry,2.0
1879,469.75,mRNA,mKalama1,1.0
1880,470.0,topo,topoI,0.25
1880,470.0,topo,gyrase,0.25
1880,470.0,RNAP,RNAP,1.0
1880,470.0,mRNA,tetA,8.0
1880,470.0,mRNA,Raspberry,2.0
1880,470.0,mRNA,mKalama1,1.0
1881,470.25,topo,topoI,0.25
1881,470.25,topo,gyrase,0.25
1881,470.25,RNAP,RNAP,1.0
1881,470.25,mRNA,tetA,8.0
1881,470.25,mRNA,Raspberry,2.0
1881,470.25,mRNA,mKalama1,1.0
1882,470.5,topo,topoI,0.25
1882,470.5,topo,gyrase,0.25
1882,470.5,RNAP,RNAP,1.0
1882,470.5,mRNA,tetA,8.0
1882,470.5,mRNA,Raspberry,2.0
1882,470.5,mRNA,mKalama1,1.0
1883,470.75,topo,topoI,0.25
1883,470.75,topo,gyrase,0.25
1883,470.75,RNAP,RNAP,1.0
1883,470.75,mRNA,tetA,8.0
1883,470.75,mRNA,Raspberry,2.0
1883,470.75,mRNA,mKalama1,1.0
1884,471.0,topo,topoI,0.25
1884,471.0,topo,gyrase,0.25
1884,471.0,RNAP,RNAP,1.0
1884,471.0,mRNA,tetA,8.0
1884,471.0,mRNA,Raspberry,2.0
1884,471.0,mRNA,mKalama1,1.0
1885,471.25,topo,topoI,0.25
1885,471.25,topo,gyrase,0.25
1885,471.25,RNAP,RNAP,1.0
1885,471.25,mRNA,tetA,8.0
1885,471.25,mRNA,Raspberry,2.0
1885,471.25,mRNA,mKalama1,1.0
1886,471.5,topo,topoI,0.25
1886,471.5,topo,gyrase,0.25
1886,471.5,RNAP,RNAP,1.0
1886,471.5,mRNA,tetA,8.0
1886,471.5,mRNA,Raspberry,2.0
1886,471.5,mRNA,mKalama1,1.0
1887,471.75,topo,topoI,0.25
1887,471.75,topo,gyrase,0.25
1887,471.75,RNAP,RNAP,1.0
1887,471.75,mRNA,tetA,8.0
1887,471.75,mRNA,Raspberry,2.0
1887,471.75,mRNA,mKalama1,1.0
1888,472.0,topo,topoI,0.25
1888,472.0,topo,gyrase,0.25
1888,472.0,RNAP,RNAP,1.0
1888,472.0,mRNA,tetA,8.0
1888,472.0,mRNA,Raspberry,2.0
1888,472.0,mRNA,mKalama1,1.0
1889,472.25,topo,topoI,0.25
1889,472.25,topo,gyrase,0.25
1889,472.25,RNAP,RNAP,1.0
1889,472.25,mRNA,tetA,8.0
1889,472.25,mRNA,Raspberry,2.0
1889,472.25,mRNA,mKalama1,1.0
1890,472.5,topo,topoI,0.25
1890,472.5,topo,gyrase,0.25
1890,472.5,RNAP,RNAP,1.0
1890,472.5,mRNA,tetA,8.0
1890,472.5,mRNA,Raspberry,2.0
1890,472.5,mRNA,mKalama1,1.0
1891,472.75,topo,topoI,0.25
1891,472.75,topo,gyrase,0.25
1891,472.75,RNAP,RNAP,1.0
1891,472.75,mRNA,tetA,8.0
1891,472.75,mRNA,Raspberry,2.0
1891,472.75,mRNA,mKalama1,1.0
1892,473.0,topo,topoI,0.25
1892,473.0,topo,gyrase,0.25
1892,473.0,RNAP,RNAP,1.0
1892,473.0,mRNA,tetA,8.0
1892,473.0,mRNA,Raspberry,2.0
1892,473.0,mRNA,mKalama1,1.0
1893,473.25,topo,topoI,0.25
1893,473.25,topo,gyrase,0.25
1893,473.25,RNAP,RNAP,1.0
1893,473.25,mRNA,tetA,8.0
1893,473.25,mRNA,Raspberry,2.0
1893,473.25,mRNA,mKalama1,1.0
1894,473.5,topo,topoI,0.25
1894,473.5,topo,gyrase,0.25
1894,473.5,RNAP,RNAP,1.0
1894,473.5,mRNA,tetA,8.0
1894,473.5,mRNA,Raspberry,2.0
1894,473.5,mRNA,mKalama1,1.0
1895,473.75,topo,topoI,0.25
1895,473.75,topo,gyrase,0.25
1895,473.75,RNAP,RNAP,1.0
1895,473.75,mRNA,tetA,8.0
1895,473.75,mRNA,Raspberry,2.0
1895,473.75,mRNA,mKalama1,1.0
1896,474.0,topo,topoI,0.25
1896,474.0,topo,gyrase,0.25
1896,474.0,RNAP,RNAP,1.0
1896,474.0,mRNA,tetA,8.0
1896,474.0,mRNA,Raspberry,2.0
1896,474.0,mRNA,mKalama1,1.0
1897,474.25,topo,topoI,0.25
1897,474.25,topo,gyrase,0.25
1897,474.25,RNAP,RNAP,1.0
1897,474.25,mRNA,tetA,8.0
1897,474.25,mRNA,Raspberry,2.0
1897,474.25,mRNA,mKalama1,1.0
1898,474.5,topo,topoI,0.25
1898,474.5,topo,gyrase,0.25
1898,474.5,RNAP,RNAP,1.0
1898,474.5,mRNA,tetA,8.0
1898,474.5,mRNA,Raspberry,2.0
1898,474.5,mRNA,mKalama1,1.0
1899,474.75,topo,topoI,0.25
1899,474.75,topo,gyrase,0.25
1899,474.75,RNAP,RNAP,1.0
1899,474.75,mRNA,tetA,8.0
1899,474.75,mRNA,Raspberry,2.0
1899,474.75,mRNA,mKalama1,1.0
1900,475.0,topo,topoI,0.25
1900,475.0,topo,gyrase,0.25
1900,475.0,RNAP,RNAP,1.0
1900,475.0,mRNA,tetA,8.0
1900,475.0,mRNA,Raspberry,2.0
1900,475.0,mRNA,mKalama1,1.0
1901,475.25,topo,topoI,0.25
1901,475.25,topo,gyrase,0.25
1901,475.25,RNAP,RNAP,1.0
1901,475.25,mRNA,tetA,8.0
1901,475.25,mRNA,Raspberry,2.0
1901,475.25,mRNA,mKalama1,1.0
1902,475.5,topo,topoI,0.25
1902,475.5,topo,gyrase,0.25
1902,475.5,RNAP,RNAP,1.0
1902,475.5,mRNA,tetA,8.0
1902,475.5,mRNA,Raspberry,2.0
1902,475.5,mRNA,mKalama1,1.0
1903,475.75,topo,topoI,0.25
1903,475.75,topo,gyrase,0.25
1903,475.75,RNAP,RNAP,1.0
1903,475.75,mRNA,tetA,8.0
1903,475.75,mRNA,Raspberry,2.0
1903,475.75,mRNA,mKalama1,1.0
1904,476.0,topo,topoI,0.25
1904,476.0,topo,gyrase,0.25
1904,476.0,RNAP,RNAP,1.0
1904,476.0,mRNA,tetA,8.0
1904,476.0,mRNA,Raspberry,2.0
1904,476.0,mRNA,mKalama1,1.0
1905,476.25,topo,topoI,0.25
1905,476.25,topo,gyrase,0.25
1905,476.25,RNAP,RNAP,1.0
1905,476.25,mRNA,tetA,8.0
1905,476.25,mRNA,Raspberry,2.0
1905,476.25,mRNA,mKalama1,1.0
1906,476.5,topo,topoI,0.25
1906,476.5,topo,gyrase,0.25
1906,476.5,RNAP,RNAP,1.0
1906,476.5,mRNA,tetA,8.0
1906,476.5,mRNA,Raspberry,2.0
1906,476.5,mRNA,mKalama1,1.0
1907,476.75,topo,topoI,0.25
1907,476.75,topo,gyrase,0.25
1907,476.75,RNAP,RNAP,1.0
1907,476.75,mRNA,tetA,8.0
1907,476.75,mRNA,Raspberry,2.0
1907,476.75,mRNA,mKalama1,1.0
1908,477.0,topo,topoI,0.25
1908,477.0,topo,gyrase,0.25
1908,477.0,RNAP,RNAP,1.0
1908,477.0,mRNA,tetA,8.0
1908,477.0,mRNA,Raspberry,2.0
1908,477.0,mRNA,mKalama1,1.0
1909,477.25,topo,topoI,0.25
1909,477.25,topo,gyrase,0.25
1909,477.25,RNAP,RNAP,1.0
1909,477.25,mRNA,tetA,8.0
1909,477.25,mRNA,Raspberry,2.0
1909,477.25,mRNA,mKalama1,1.0
1910,477.5,topo,topoI,0.25
1910,477.5,topo,gyrase,0.25
1910,477.5,RNAP,RNAP,1.0
1910,477.5,mRNA,tetA,8.0
1910,477.5,mRNA,Raspberry,2.0
1910,477.5,mRNA,mKalama1,1.0
1911,477.75,topo,topoI,0.25
1911,477.75,topo,gyrase,0.25
1911,477.75,RNAP,RNAP,1.0
1911,477.75,mRNA,tetA,8.0
1911,477.75,mRNA,Raspberry,2.0
1911,477.75,mRNA,mKalama1,1.0
1912,478.0,topo,topoI,0.25
1912,478.0,topo,gyrase,0.25
1912,478.0,RNAP,RNAP,1.0
1912,478.0,mRNA,tetA,8.0
1912,478.0,mRNA,Raspberry,2.0
1912,478.0,mRNA,mKalama1,1.0
1913,478.25,topo,topoI,0.25
1913,478.25,topo,gyrase,0.25
1913,478.25,RNAP,RNAP,1.0
1913,478.25,mRNA,tetA,8.0
1913,478.25,mRNA,Raspberry,2.0
1913,478.25,mRNA,mKalama1,1.0
1914,478.5,topo,topoI,0.25
1914,478.5,topo,gyrase,0.25
1914,478.5,RNAP,RNAP,1.0
1914,478.5,mRNA,tetA,8.0
1914,478.5,mRNA,Raspberry,2.0
1914,478.5,mRNA,mKalama1,1.0
1915,478.75,topo,topoI,0.25
1915,478.75,topo,gyrase,0.25
1915,478.75,RNAP,RNAP,1.0
1915,478.75,mRNA,tetA,8.0
1915,478.75,mRNA,Raspberry,2.0
1915,478.75,mRNA,mKalama1,1.0
1916,479.0,topo,topoI,0.25
1916,479.0,topo,gyrase,0.25
1916,479.0,RNAP,RNAP,1.0
1916,479.0,mRNA,tetA,8.0
1916,479.0,mRNA,Raspberry,2.0
1916,479.0,mRNA,mKalama1,1.0
1917,479.25,topo,topoI,0.25
1917,479.25,topo,gyrase,0.25
1917,479.25,RNAP,RNAP,1.0
1917,479.25,mRNA,tetA,8.0
1917,479.25,mRNA,Raspberry,2.0
1917,479.25,mRNA,mKalama1,1.0
1918,479.5,topo,topoI,0.25
1918,479.5,topo,gyrase,0.25
1918,479.5,RNAP,RNAP,1.0
1918,479.5,mRNA,tetA,8.0
1918,479.5,mRNA,Raspberry,2.0
1918,479.5,mRNA,mKalama1,1.0
1919,479.75,topo,topoI,0.25
1919,479.75,topo,gyrase,0.25
1919,479.75,RNAP,RNAP,1.0
1919,479.75,mRNA,tetA,8.0
1919,479.75,mRNA,Raspberry,2.0
1919,479.75,mRNA,mKalama1,1.0
1920,480.0,topo,topoI,0.25
1920,480.0,topo,gyrase,0.25
1920,480.0,RNAP,RNAP,1.0
1920,480.0,mRNA,tetA,8.0
1920,480.0,mRNA,Raspberry,2.0
1920,480.0,mRNA,mKalama1,1.0
1921,480.25,topo,topoI,0.25
1921,480.25,topo,gyrase,0.25
1921,480.25,RNAP,RNAP,1.0
1921,480.25,mRNA,tetA,8.0
1921,480.25,mRNA,Raspberry,2.0
1921,480.25,mRNA,mKalama1,1.0
1922,480.5,topo,topoI,0.25
1922,480.5,topo,gyrase,0.25
1922,480.5,RNAP,RNAP,1.0
1922,480.5,mRNA,tetA,8.0
1922,480.5,mRNA,Raspberry,2.0
1922,480.5,mRNA,mKalama1,1.0
1923,480.75,topo,topoI,0.25
1923,480.75,topo,gyrase,0.25
1923,480.75,RNAP,RNAP,1.0
1923,480.75,mRNA,tetA,8.0
1923,480.75,mRNA,Raspberry,2.0
1923,480.75,mRNA,mKalama1,1.0
1924,481.0,topo,topoI,0.25
1924,481.0,topo,gyrase,0.25
1924,481.0,RNAP,RNAP,1.0
1924,481.0,mRNA,tetA,8.0
1924,481.0,mRNA,Raspberry,2.0
1924,481.0,mRNA,mKalama1,1.0
1925,481.25,topo,topoI,0.25
1925,481.25,topo,gyrase,0.25
1925,481.25,RNAP,RNAP,1.0
1925,481.25,mRNA,tetA,8.0
1925,481.25,mRNA,Raspberry,2.0
1925,481.25,mRNA,mKalama1,1.0
1926,481.5,topo,topoI,0.25
1926,481.5,topo,gyrase,0.25
1926,481.5,RNAP,RNAP,1.0
1926,481.5,mRNA,tetA,8.0
1926,481.5,mRNA,Raspberry,2.0
1926,481.5,mRNA,mKalama1,1.0
1927,481.75,topo,topoI,0.25
1927,481.75,topo,gyrase,0.25
1927,481.75,RNAP,RNAP,1.0
1927,481.75,mRNA,tetA,8.0
1927,481.75,mRNA,Raspberry,2.0
1927,481.75,mRNA,mKalama1,1.0
1928,482.0,topo,topoI,0.25
1928,482.0,topo,gyrase,0.25
1928,482.0,RNAP,RNAP,1.0
1928,482.0,mRNA,tetA,8.0
1928,482.0,mRNA,Raspberry,2.0
1928,482.0,mRNA,mKalama1,1.0
1929,482.25,topo,topoI,0.25
1929,482.25,topo,gyrase,0.25
1929,482.25,RNAP,RNAP,1.0
1929,482.25,mRNA,tetA,8.0
1929,482.25,mRNA,Raspberry,2.0
1929,482.25,mRNA,mKalama1,1.0
1930,482.5,topo,topoI,0.25
1930,482.5,topo,gyrase,0.25
1930,482.5,RNAP,RNAP,1.0
1930,482.5,mRNA,tetA,8.0
1930,482.5,mRNA,Raspberry,2.0
1930,482.5,mRNA,mKalama1,1.0
1931,482.75,topo,topoI,0.25
1931,482.75,topo,gyrase,0.25
1931,482.75,RNAP,RNAP,1.0
1931,482.75,mRNA,tetA,8.0
1931,482.75,mRNA,Raspberry,2.0
1931,482.75,mRNA,mKalama1,1.0
1932,483.0,topo,topoI,0.25
1932,483.0,topo,gyrase,0.25
1932,483.0,RNAP,RNAP,1.0
1932,483.0,mRNA,tetA,8.0
1932,483.0,mRNA,Raspberry,2.0
1932,483.0,mRNA,mKalama1,1.0
1933,483.25,topo,topoI,0.25
1933,483.25,topo,gyrase,0.25
1933,483.25,RNAP,RNAP,1.0
1933,483.25,mRNA,tetA,8.0
1933,483.25,mRNA,Raspberry,2.0
1933,483.25,mRNA,mKalama1,1.0
1934,483.5,topo,topoI,0.25
1934,483.5,topo,gyrase,0.25
1934,483.5,RNAP,RNAP,1.0
1934,483.5,mRNA,tetA,8.0
1934,483.5,mRNA,Raspberry,2.0
1934,483.5,mRNA,mKalama1,1.0
1935,483.75,topo,topoI,0.25
1935,483.75,topo,gyrase,0.25
1935,483.75,RNAP,RNAP,1.0
1935,483.75,mRNA,tetA,8.0
1935,483.75,mRNA,Raspberry,2.0
1935,483.75,mRNA,mKalama1,1.0
1936,484.0,topo,topoI,0.25
1936,484.0,topo,gyrase,0.25
1936,484.0,RNAP,RNAP,1.0
1936,484.0,mRNA,tetA,8.0
1936,484.0,mRNA,Raspberry,2.0
1936,484.0,mRNA,mKalama1,1.0
1937,484.25,topo,topoI,0.25
1937,484.25,topo,gyrase,0.25
1937,484.25,RNAP,RNAP,1.0
1937,484.25,mRNA,tetA,8.0
1937,484.25,mRNA,Raspberry,2.0
1937,484.25,mRNA,mKalama1,1.0
1938,484.5,topo,topoI,0.25
1938,484.5,topo,gyrase,0.25
1938,484.5,RNAP,RNAP,1.0
1938,484.5,mRNA,tetA,8.0
1938,484.5,mRNA,Raspberry,2.0
1938,484.5,mRNA,mKalama1,1.0
1939,484.75,topo,topoI,0.25
1939,484.75,topo,gyrase,0.25
1939,484.75,RNAP,RNAP,1.0
1939,484.75,mRNA,tetA,8.0
1939,484.75,mRNA,Raspberry,2.0
1939,484.75,mRNA,mKalama1,1.0
1940,485.0,topo,topoI,0.25
1940,485.0,topo,gyrase,0.25
1940,485.0,RNAP,RNAP,1.0
1940,485.0,mRNA,tetA,8.0
1940,485.0,mRNA,Raspberry,2.0
1940,485.0,mRNA,mKalama1,1.0
1941,485.25,topo,topoI,0.25
1941,485.25,topo,gyrase,0.25
1941,485.25,RNAP,RNAP,1.0
1941,485.25,mRNA,tetA,8.0
1941,485.25,mRNA,Raspberry,2.0
1941,485.25,mRNA,mKalama1,1.0
1942,485.5,topo,topoI,0.25
1942,485.5,topo,gyrase,0.25
1942,485.5,RNAP,RNAP,1.0
1942,485.5,mRNA,tetA,8.0
1942,485.5,mRNA,Raspberry,2.0
1942,485.5,mRNA,mKalama1,1.0
1943,485.75,topo,topoI,0.25
1943,485.75,topo,gyrase,0.25
1943,485.75,RNAP,RNAP,1.0
1943,485.75,mRNA,tetA,8.0
1943,485.75,mRNA,Raspberry,2.0
1943,485.75,mRNA,mKalama1,1.0
1944,486.0,topo,topoI,0.25
1944,486.0,topo,gyrase,0.25
1944,486.0,RNAP,RNAP,1.0
1944,486.0,mRNA,tetA,8.0
1944,486.0,mRNA,Raspberry,2.0
1944,486.0,mRNA,mKalama1,1.0
1945,486.25,topo,topoI,0.25
1945,486.25,topo,gyrase,0.25
1945,486.25,RNAP,RNAP,1.0
1945,486.25,mRNA,tetA,8.0
1945,486.25,mRNA,Raspberry,2.0
1945,486.25,mRNA,mKalama1,1.0
1946,486.5,topo,topoI,0.25
1946,486.5,topo,gyrase,0.25
1946,486.5,RNAP,RNAP,1.0
1946,486.5,mRNA,tetA,8.0
1946,486.5,mRNA,Raspberry,2.0
1946,486.5,mRNA,mKalama1,1.0
1947,486.75,topo,topoI,0.25
1947,486.75,topo,gyrase,0.25
1947,486.75,RNAP,RNAP,1.0
1947,486.75,mRNA,tetA,8.0
1947,486.75,mRNA,Raspberry,2.0
1947,486.75,mRNA,mKalama1,1.0
1948,487.0,topo,topoI,0.25
1948,487.0,topo,gyrase,0.25
1948,487.0,RNAP,RNAP,1.0
1948,487.0,mRNA,tetA,8.0
1948,487.0,mRNA,Raspberry,2.0
1948,487.0,mRNA,mKalama1,1.0
1949,487.25,topo,topoI,0.25
1949,487.25,topo,gyrase,0.25
1949,487.25,RNAP,RNAP,1.0
1949,487.25,mRNA,tetA,8.0
1949,487.25,mRNA,Raspberry,2.0
1949,487.25,mRNA,mKalama1,1.0
1950,487.5,topo,topoI,0.25
1950,487.5,topo,gyrase,0.25
1950,487.5,RNAP,RNAP,1.0
1950,487.5,mRNA,tetA,8.0
1950,487.5,mRNA,Raspberry,2.0
1950,487.5,mRNA,mKalama1,1.0
1951,487.75,topo,topoI,0.25
1951,487.75,topo,gyrase,0.25
1951,487.75,RNAP,RNAP,1.0
1951,487.75,mRNA,tetA,8.0
1951,487.75,mRNA,Raspberry,2.0
1951,487.75,mRNA,mKalama1,1.0
1952,488.0,topo,topoI,0.25
1952,488.0,topo,gyrase,0.25
1952,488.0,RNAP,RNAP,1.0
1952,488.0,mRNA,tetA,8.0
1952,488.0,mRNA,Raspberry,2.0
1952,488.0,mRNA,mKalama1,1.0
1953,488.25,topo,topoI,0.25
1953,488.25,topo,gyrase,0.25
1953,488.25,RNAP,RNAP,1.0
1953,488.25,mRNA,tetA,8.0
1953,488.25,mRNA,Raspberry,2.0
1953,488.25,mRNA,mKalama1,1.0
1954,488.5,topo,topoI,0.25
1954,488.5,topo,gyrase,0.25
1954,488.5,RNAP,RNAP,1.0
1954,488.5,mRNA,tetA,8.0
1954,488.5,mRNA,Raspberry,2.0
1954,488.5,mRNA,mKalama1,1.0
1955,488.75,topo,topoI,0.25
1955,488.75,topo,gyrase,0.25
1955,488.75,RNAP,RNAP,1.0
1955,488.75,mRNA,tetA,8.0
1955,488.75,mRNA,Raspberry,2.0
1955,488.75,mRNA,mKalama1,1.0
1956,489.0,topo,topoI,0.25
1956,489.0,topo,gyrase,0.25
1956,489.0,RNAP,RNAP,1.0
1956,489.0,mRNA,tetA,8.0
1956,489.0,mRNA,Raspberry,2.0
1956,489.0,mRNA,mKalama1,1.0
1957,489.25,topo,topoI,0.25
1957,489.25,topo,gyrase,0.25
1957,489.25,RNAP,RNAP,1.0
1957,489.25,mRNA,tetA,8.0
1957,489.25,mRNA,Raspberry,2.0
1957,489.25,mRNA,mKalama1,1.0
1958,489.5,topo,topoI,0.25
1958,489.5,topo,gyrase,0.25
1958,489.5,RNAP,RNAP,1.0
1958,489.5,mRNA,tetA,8.0
1958,489.5,mRNA,Raspberry,2.0
1958,489.5,mRNA,mKalama1,1.0
1959,489.75,topo,topoI,0.25
1959,489.75,topo,gyrase,0.25
1959,489.75,RNAP,RNAP,1.0
1959,489.75,mRNA,tetA,8.0
1959,489.75,mRNA,Raspberry,2.0
1959,489.75,mRNA,mKalama1,1.0
1960,490.0,topo,topoI,0.25
1960,490.0,topo,gyrase,0.25
1960,490.0,RNAP,RNAP,1.0
1960,490.0,mRNA,tetA,8.0
1960,490.0,mRNA,Raspberry,2.0
1960,490.0,mRNA,mKalama1,1.0
1961,490.25,topo,topoI,0.25
1961,490.25,topo,gyrase,0.25
1961,490.25,RNAP,RNAP,1.0
1961,490.25,mRNA,tetA,8.0
1961,490.25,mRNA,Raspberry,2.0
1961,490.25,mRNA,mKalama1,1.0
1962,490.5,topo,topoI,0.25
1962,490.5,topo,gyrase,0.25
1962,490.5,RNAP,RNAP,1.0
1962,490.5,mRNA,tetA,8.0
1962,490.5,mRNA,Raspberry,2.0
1962,490.5,mRNA,mKalama1,1.0
1963,490.75,topo,topoI,0.25
1963,490.75,topo,gyrase,0.25
1963,490.75,RNAP,RNAP,1.0
1963,490.75,mRNA,tetA,8.0
1963,490.75,mRNA,Raspberry,2.0
1963,490.75,mRNA,mKalama1,1.0
1964,491.0,topo,topoI,0.25
1964,491.0,topo,gyrase,0.25
1964,491.0,RNAP,RNAP,1.0
1964,491.0,mRNA,tetA,8.0
1964,491.0,mRNA,Raspberry,2.0
1964,491.0,mRNA,mKalama1,1.0
1965,491.25,topo,topoI,0.25
1965,491.25,topo,gyrase,0.25
1965,491.25,RNAP,RNAP,1.0
1965,491.25,mRNA,tetA,8.0
1965,491.25,mRNA,Raspberry,2.0
1965,491.25,mRNA,mKalama1,1.0
1966,491.5,topo,topoI,0.25
1966,491.5,topo,gyrase,0.25
1966,491.5,RNAP,RNAP,1.0
1966,491.5,mRNA,tetA,8.0
1966,491.5,mRNA,Raspberry,2.0
1966,491.5,mRNA,mKalama1,1.0
1967,491.75,topo,topoI,0.25
1967,491.75,topo,gyrase,0.25
1967,491.75,RNAP,RNAP,1.0
1967,491.75,mRNA,tetA,8.0
1967,491.75,mRNA,Raspberry,2.0
1967,491.75,mRNA,mKalama1,1.0
1968,492.0,topo,topoI,0.25
1968,492.0,topo,gyrase,0.25
1968,492.0,RNAP,RNAP,1.0
1968,492.0,mRNA,tetA,8.0
1968,492.0,mRNA,Raspberry,2.0
1968,492.0,mRNA,mKalama1,1.0
1969,492.25,topo,topoI,0.25
1969,492.25,topo,gyrase,0.25
1969,492.25,RNAP,RNAP,1.0
1969,492.25,mRNA,tetA,8.0
1969,492.25,mRNA,Raspberry,2.0
1969,492.25,mRNA,mKalama1,1.0
1970,492.5,topo,topoI,0.25
1970,492.5,topo,gyrase,0.25
1970,492.5,RNAP,RNAP,1.0
1970,492.5,mRNA,tetA,8.0
1970,492.5,mRNA,Raspberry,2.0
1970,492.5,mRNA,mKalama1,1.0
1971,492.75,topo,topoI,0.25
1971,492.75,topo,gyrase,0.25
1971,492.75,RNAP,RNAP,1.0
1971,492.75,mRNA,tetA,8.0
1971,492.75,mRNA,Raspberry,2.0
1971,492.75,mRNA,mKalama1,1.0
1972,493.0,topo,topoI,0.25
1972,493.0,topo,gyrase,0.25
1972,493.0,RNAP,RNAP,1.0
1972,493.0,mRNA,tetA,8.0
1972,493.0,mRNA,Raspberry,2.0
1972,493.0,mRNA,mKalama1,1.0
1973,493.25,topo,topoI,0.25
1973,493.25,topo,gyrase,0.25
1973,493.25,RNAP,RNAP,1.0
1973,493.25,mRNA,tetA,8.0
1973,493.25,mRNA,Raspberry,2.0
1973,493.25,mRNA,mKalama1,1.0
1974,493.5,topo,topoI,0.25
1974,493.5,topo,gyrase,0.25
1974,493.5,RNAP,RNAP,1.0
1974,493.5,mRNA,tetA,8.0
1974,493.5,mRNA,Raspberry,2.0
1974,493.5,mRNA,mKalama1,1.0
1975,493.75,topo,topoI,0.25
1975,493.75,topo,gyrase,0.25
1975,493.75,RNAP,RNAP,1.0
1975,493.75,mRNA,tetA,8.0
1975,493.75,mRNA,Raspberry,2.0
1975,493.75,mRNA,mKalama1,1.0
1976,494.0,topo,topoI,0.25
1976,494.0,topo,gyrase,0.25
1976,494.0,RNAP,RNAP,1.0
1976,494.0,mRNA,tetA,8.0
1976,494.0,mRNA,Raspberry,2.0
1976,494.0,mRNA,mKalama1,1.0
1977,494.25,topo,topoI,0.25
1977,494.25,topo,gyrase,0.25
1977,494.25,RNAP,RNAP,1.0
1977,494.25,mRNA,tetA,8.0
1977,494.25,mRNA,Raspberry,2.0
1977,494.25,mRNA,mKalama1,1.0
1978,494.5,topo,topoI,0.25
1978,494.5,topo,gyrase,0.25
1978,494.5,RNAP,RNAP,1.0
1978,494.5,mRNA,tetA,8.0
1978,494.5,mRNA,Raspberry,2.0
1978,494.5,mRNA,mKalama1,1.0
1979,494.75,topo,topoI,0.25
1979,494.75,topo,gyrase,0.25
1979,494.75,RNAP,RNAP,1.0
1979,494.75,mRNA,tetA,8.0
1979,494.75,mRNA,Raspberry,2.0
1979,494.75,mRNA,mKalama1,1.0
1980,495.0,topo,topoI,0.25
1980,495.0,topo,gyrase,0.25
1980,495.0,RNAP,RNAP,1.0
1980,495.0,mRNA,tetA,8.0
1980,495.0,mRNA,Raspberry,2.0
1980,495.0,mRNA,mKalama1,1.0
1981,495.25,topo,topoI,0.25
1981,495.25,topo,gyrase,0.25
1981,495.25,RNAP,RNAP,1.0
1981,495.25,mRNA,tetA,8.0
1981,495.25,mRNA,Raspberry,2.0
1981,495.25,mRNA,mKalama1,1.0
1982,495.5,topo,topoI,0.25
1982,495.5,topo,gyrase,0.25
1982,495.5,RNAP,RNAP,1.0
1982,495.5,mRNA,tetA,8.0
1982,495.5,mRNA,Raspberry,2.0
1982,495.5,mRNA,mKalama1,1.0
1983,495.75,topo,topoI,0.25
1983,495.75,topo,gyrase,0.25
1983,495.75,RNAP,RNAP,1.0
1983,495.75,mRNA,tetA,8.0
1983,495.75,mRNA,Raspberry,2.0
1983,495.75,mRNA,mKalama1,1.0
1984,496.0,topo,topoI,0.25
1984,496.0,topo,gyrase,0.25
1984,496.0,RNAP,RNAP,1.0
1984,496.0,mRNA,tetA,8.0
1984,496.0,mRNA,Raspberry,2.0
1984,496.0,mRNA,mKalama1,1.0
1985,496.25,topo,topoI,0.25
1985,496.25,topo,gyrase,0.25
1985,496.25,RNAP,RNAP,1.0
1985,496.25,mRNA,tetA,8.0
1985,496.25,mRNA,Raspberry,2.0
1985,496.25,mRNA,mKalama1,1.0
1986,496.5,topo,topoI,0.25
1986,496.5,topo,gyrase,0.25
1986,496.5,RNAP,RNAP,1.0
1986,496.5,mRNA,tetA,8.0
1986,496.5,mRNA,Raspberry,2.0
1986,496.5,mRNA,mKalama1,1.0
1987,496.75,topo,topoI,0.25
1987,496.75,topo,gyrase,0.25
1987,496.75,RNAP,RNAP,1.0
1987,496.75,mRNA,tetA,8.0
1987,496.75,mRNA,Raspberry,2.0
1987,496.75,mRNA,mKalama1,1.0
1988,497.0,topo,topoI,0.25
1988,497.0,topo,gyrase,0.25
1988,497.0,RNAP,RNAP,1.0
1988,497.0,mRNA,tetA,8.0
1988,497.0,mRNA,Raspberry,2.0
1988,497.0,mRNA,mKalama1,1.0
1989,497.25,topo,topoI,0.25
1989,497.25,topo,gyrase,0.25
1989,497.25,RNAP,RNAP,1.0
1989,497.25,mRNA,tetA,8.0
1989,497.25,mRNA,Raspberry,2.0
1989,497.25,mRNA,mKalama1,1.0
1990,497.5,topo,topoI,0.25
1990,497.5,topo,gyrase,0.25
1990,497.5,RNAP,RNAP,1.0
1990,497.5,mRNA,tetA,8.0
1990,497.5,mRNA,Raspberry,2.0
1990,497.5,mRNA,mKalama1,1.0
1991,497.75,topo,topoI,0.25
1991,497.75,topo,gyrase,0.25
1991,497.75,RNAP,RNAP,1.0
1991,497.75,mRNA,tetA,8.0
1991,497.75,mRNA,Raspberry,2.0
1991,497.75,mRNA,mKalama1,1.0
1992,498.0,topo,topoI,0.25
1992,498.0,topo,gyrase,0.25
1992,498.0,RNAP,RNAP,1.0
1992,498.0,mRNA,tetA,8.0
1992,498.0,mRNA,Raspberry,2.0
1992,498.0,mRNA,mKalama1,1.0
1993,498.25,topo,topoI,0.25
1993,498.25,topo,gyrase,0.25
1993,498.25,RNAP,RNAP,1.0
1993,498.25,mRNA,tetA,8.0
1993,498.25,mRNA,Raspberry,2.0
1993,498.25,mRNA,mKalama1,1.0
1994,498.5,topo,topoI,0.25
1994,498.5,topo,gyrase,0.25
1994,498.5,RNAP,RNAP,1.0
1994,498.5,mRNA,tetA,8.0
1994,498.5,mRNA,Raspberry,2.0
1994,498.5,mRNA,mKalama1,1.0
1995,498.75,topo,topoI,0.25
1995,498.75,topo,gyrase,0.25
1995,498.75,RNAP,RNAP,1.0
1995,498.75,mRNA,tetA,8.0
1995,498.75,mRNA,Raspberry,2.0
1995,498.75,mRNA,mKalama1,1.0
1996,499.0,topo,topoI,0.25
1996,499.0,topo,gyrase,0.25
1996,499.0,RNAP,RNAP,1.0
1996,499.0,mRNA,tetA,8.0
1996,499.0,mRNA,Raspberry,2.0
1996,499.0,mRNA,mKalama1,1.0
1997,499.25,topo,topoI,0.25
1997,499.25,topo,gyrase,0.25
1997,499.25,RNAP,RNAP,1.0
1997,499.25,mRNA,tetA,8.0
1997,499.25,mRNA,Raspberry,2.0
1997,499.25,mRNA,mKalama1,1.0
1998,499.5,topo,topoI,0.25
1998,499.5,topo,gyrase,0.25
1998,499.5,RNAP,RNAP,1.0
1998,499.5,mRNA,tetA,8.0
1998,499.5,mRNA,Raspberry,2.0
1998,499.5,mRNA,mKalama1,1.0
1999,499.75,topo,topoI,0.25
1999,499.75,topo,gyrase,0.25
1999,499.75,RNAP,RNAP,1.0
1999,499.75,mRNA,tetA,8.0
1999,499.75,mRNA,Raspberry,2.0
1999,499.75,mRNA,mKalama1,1.0
2000,500.0,topo,topoI,0.25
2000,500.0,topo,gyrase,0.25
2000,500.0,RNAP,RNAP,1.0
2000,500.0,mRNA,tetA,8.0
2000,500.0,mRNA,Raspberry,2.0
2000,500.0,mRNA,mKalama1,1.0
2001,500.25,topo,topoI,0.25
2001,500.25,topo,gyrase,0.25
2001,500.25,RNAP,RNAP,1.0
2001,500.25,mRNA,tetA,8.0
2001,500.25,mRNA,Raspberry,2.0
2001,500.25,mRNA,mKalama1,1.0
2002,500.5,topo,topoI,0.25
2002,500.5,topo,gyrase,0.25
2002,500.5,RNAP,RNAP,1.0
2002,500.5,mRNA,tetA,8.0
2002,500.5,mRNA,Raspberry,2.0
2002,500.5,mRNA,mKalama1,1.0
2003,500.75,topo,topoI,0.25
2003,500.75,topo,gyrase,0.25
2003,500.75,RNAP,RNAP,1.0
2003,500.75,mRNA,tetA,8.0
2003,500.75,mRNA,Raspberry,2.0
2003,500.75,mRNA,mKalama1,1.0
2004,501.0,topo,topoI,0.25
2004,501.0,topo,gyrase,0.25
2004,501.0,RNAP,RNAP,1.0
2004,501.0,mRNA,tetA,8.0
2004,501.0,mRNA,Raspberry,2.0
2004,501.0,mRNA,mKalama1,1.0
2005,501.25,topo,topoI,0.25
2005,501.25,topo,gyrase,0.25
2005,501.25,RNAP,RNAP,1.0
2005,501.25,mRNA,tetA,8.0
2005,501.25,mRNA,Raspberry,2.0
2005,501.25,mRNA,mKalama1,1.0
2006,501.5,topo,topoI,0.25
2006,501.5,topo,gyrase,0.25
2006,501.5,RNAP,RNAP,1.0
2006,501.5,mRNA,tetA,8.0
2006,501.5,mRNA,Raspberry,2.0
2006,501.5,mRNA,mKalama1,1.0
2007,501.75,topo,topoI,0.25
2007,501.75,topo,gyrase,0.25
2007,501.75,RNAP,RNAP,1.0
2007,501.75,mRNA,tetA,8.0
2007,501.75,mRNA,Raspberry,2.0
2007,501.75,mRNA,mKalama1,1.0
2008,502.0,topo,topoI,0.25
2008,502.0,topo,gyrase,0.25
2008,502.0,RNAP,RNAP,1.0
2008,502.0,mRNA,tetA,8.0
2008,502.0,mRNA,Raspberry,2.0
2008,502.0,mRNA,mKalama1,1.0
2009,502.25,topo,topoI,0.25
2009,502.25,topo,gyrase,0.25
2009,502.25,RNAP,RNAP,1.0
2009,502.25,mRNA,tetA,8.0
2009,502.25,mRNA,Raspberry,2.0
2009,502.25,mRNA,mKalama1,1.0
2010,502.5,topo,topoI,0.25
2010,502.5,topo,gyrase,0.25
2010,502.5,RNAP,RNAP,1.0
2010,502.5,mRNA,tetA,8.0
2010,502.5,mRNA,Raspberry,2.0
2010,502.5,mRNA,mKalama1,1.0
2011,502.75,topo,topoI,0.25
2011,502.75,topo,gyrase,0.25
2011,502.75,RNAP,RNAP,1.0
2011,502.75,mRNA,tetA,8.0
2011,502.75,mRNA,Raspberry,2.0
2011,502.75,mRNA,mKalama1,1.0
2012,503.0,topo,topoI,0.25
2012,503.0,topo,gyrase,0.25
2012,503.0,RNAP,RNAP,1.0
2012,503.0,mRNA,tetA,8.0
2012,503.0,mRNA,Raspberry,2.0
2012,503.0,mRNA,mKalama1,1.0
2013,503.25,topo,topoI,0.25
2013,503.25,topo,gyrase,0.25
2013,503.25,RNAP,RNAP,1.0
2013,503.25,mRNA,tetA,8.0
2013,503.25,mRNA,Raspberry,2.0
2013,503.25,mRNA,mKalama1,1.0
2014,503.5,topo,topoI,0.25
2014,503.5,topo,gyrase,0.25
2014,503.5,RNAP,RNAP,1.0
2014,503.5,mRNA,tetA,8.0
2014,503.5,mRNA,Raspberry,2.0
2014,503.5,mRNA,mKalama1,1.0
2015,503.75,topo,topoI,0.25
2015,503.75,topo,gyrase,0.25
2015,503.75,RNAP,RNAP,1.0
2015,503.75,mRNA,tetA,8.0
2015,503.75,mRNA,Raspberry,2.0
2015,503.75,mRNA,mKalama1,1.0
2016,504.0,topo,topoI,0.25
2016,504.0,topo,gyrase,0.25
2016,504.0,RNAP,RNAP,1.0
2016,504.0,mRNA,tetA,8.0
2016,504.0,mRNA,Raspberry,2.0
2016,504.0,mRNA,mKalama1,1.0
2017,504.25,topo,topoI,0.25
2017,504.25,topo,gyrase,0.25
2017,504.25,RNAP,RNAP,1.0
2017,504.25,mRNA,tetA,8.0
2017,504.25,mRNA,Raspberry,2.0
2017,504.25,mRNA,mKalama1,1.0
2018,504.5,topo,topoI,0.25
2018,504.5,topo,gyrase,0.25
2018,504.5,RNAP,RNAP,1.0
2018,504.5,mRNA,tetA,8.0
2018,504.5,mRNA,Raspberry,2.0
2018,504.5,mRNA,mKalama1,1.0
2019,504.75,topo,topoI,0.25
2019,504.75,topo,gyrase,0.25
2019,504.75,RNAP,RNAP,1.0
2019,504.75,mRNA,tetA,8.0
2019,504.75,mRNA,Raspberry,2.0
2019,504.75,mRNA,mKalama1,1.0
2020,505.0,topo,topoI,0.25
2020,505.0,topo,gyrase,0.25
2020,505.0,RNAP,RNAP,1.0
2020,505.0,mRNA,tetA,8.0
2020,505.0,mRNA,Raspberry,2.0
2020,505.0,mRNA,mKalama1,1.0
2021,505.25,topo,topoI,0.25
2021,505.25,topo,gyrase,0.25
2021,505.25,RNAP,RNAP,1.0
2021,505.25,mRNA,tetA,8.0
2021,505.25,mRNA,Raspberry,2.0
2021,505.25,mRNA,mKalama1,1.0
2022,505.5,topo,topoI,0.25
2022,505.5,topo,gyrase,0.25
2022,505.5,RNAP,RNAP,1.0
2022,505.5,mRNA,tetA,8.0
2022,505.5,mRNA,Raspberry,2.0
2022,505.5,mRNA,mKalama1,1.0
2023,505.75,topo,topoI,0.25
2023,505.75,topo,gyrase,0.25
2023,505.75,RNAP,RNAP,1.0
2023,505.75,mRNA,tetA,8.0
2023,505.75,mRNA,Raspberry,2.0
2023,505.75,mRNA,mKalama1,1.0
2024,506.0,topo,topoI,0.25
2024,506.0,topo,gyrase,0.25
2024,506.0,RNAP,RNAP,1.0
2024,506.0,mRNA,tetA,8.0
2024,506.0,mRNA,Raspberry,2.0
2024,506.0,mRNA,mKalama1,1.0
2025,506.25,topo,topoI,0.25
2025,506.25,topo,gyrase,0.25
2025,506.25,RNAP,RNAP,1.0
2025,506.25,mRNA,tetA,8.0
2025,506.25,mRNA,Raspberry,2.0
2025,506.25,mRNA,mKalama1,1.0
2026,506.5,topo,topoI,0.25
2026,506.5,topo,gyrase,0.25
2026,506.5,RNAP,RNAP,1.0
2026,506.5,mRNA,tetA,8.0
2026,506.5,mRNA,Raspberry,2.0
2026,506.5,mRNA,mKalama1,1.0
2027,506.75,topo,topoI,0.25
2027,506.75,topo,gyrase,0.25
2027,506.75,RNAP,RNAP,1.0
2027,506.75,mRNA,tetA,8.0
2027,506.75,mRNA,Raspberry,2.0
2027,506.75,mRNA,mKalama1,1.0
2028,507.0,topo,topoI,0.25
2028,507.0,topo,gyrase,0.25
2028,507.0,RNAP,RNAP,1.0
2028,507.0,mRNA,tetA,8.0
2028,507.0,mRNA,Raspberry,2.0
2028,507.0,mRNA,mKalama1,1.0
2029,507.25,topo,topoI,0.25
2029,507.25,topo,gyrase,0.25
2029,507.25,RNAP,RNAP,1.0
2029,507.25,mRNA,tetA,8.0
2029,507.25,mRNA,Raspberry,2.0
2029,507.25,mRNA,mKalama1,1.0
2030,507.5,topo,topoI,0.25
2030,507.5,topo,gyrase,0.25
2030,507.5,RNAP,RNAP,1.0
2030,507.5,mRNA,tetA,8.0
2030,507.5,mRNA,Raspberry,2.0
2030,507.5,mRNA,mKalama1,1.0
2031,507.75,topo,topoI,0.25
2031,507.75,topo,gyrase,0.25
2031,507.75,RNAP,RNAP,1.0
2031,507.75,mRNA,tetA,8.0
2031,507.75,mRNA,Raspberry,2.0
2031,507.75,mRNA,mKalama1,1.0
2032,508.0,topo,topoI,0.25
2032,508.0,topo,gyrase,0.25
2032,508.0,RNAP,RNAP,1.0
2032,508.0,mRNA,tetA,8.0
2032,508.0,mRNA,Raspberry,2.0
2032,508.0,mRNA,mKalama1,1.0
2033,508.25,topo,topoI,0.25
2033,508.25,topo,gyrase,0.25
2033,508.25,RNAP,RNAP,1.0
2033,508.25,mRNA,tetA,8.0
2033,508.25,mRNA,Raspberry,2.0
2033,508.25,mRNA,mKalama1,1.0
2034,508.5,topo,topoI,0.25
2034,508.5,topo,gyrase,0.25
2034,508.5,RNAP,RNAP,1.0
2034,508.5,mRNA,tetA,8.0
2034,508.5,mRNA,Raspberry,2.0
2034,508.5,mRNA,mKalama1,1.0
2035,508.75,topo,topoI,0.25
2035,508.75,topo,gyrase,0.25
2035,508.75,RNAP,RNAP,1.0
2035,508.75,mRNA,tetA,8.0
2035,508.75,mRNA,Raspberry,2.0
2035,508.75,mRNA,mKalama1,1.0
2036,509.0,topo,topoI,0.25
2036,509.0,topo,gyrase,0.25
2036,509.0,RNAP,RNAP,1.0
2036,509.0,mRNA,tetA,8.0
2036,509.0,mRNA,Raspberry,2.0
2036,509.0,mRNA,mKalama1,1.0
2037,509.25,topo,topoI,0.25
2037,509.25,topo,gyrase,0.25
2037,509.25,RNAP,RNAP,1.0
2037,509.25,mRNA,tetA,8.0
2037,509.25,mRNA,Raspberry,2.0
2037,509.25,mRNA,mKalama1,1.0
2038,509.5,topo,topoI,0.25
2038,509.5,topo,gyrase,0.25
2038,509.5,RNAP,RNAP,1.0
2038,509.5,mRNA,tetA,8.0
2038,509.5,mRNA,Raspberry,2.0
2038,509.5,mRNA,mKalama1,1.0
2039,509.75,topo,topoI,0.25
2039,509.75,topo,gyrase,0.25
2039,509.75,RNAP,RNAP,1.0
2039,509.75,mRNA,tetA,8.0
2039,509.75,mRNA,Raspberry,2.0
2039,509.75,mRNA,mKalama1,1.0
2040,510.0,topo,topoI,0.25
2040,510.0,topo,gyrase,0.25
2040,510.0,RNAP,RNAP,1.0
2040,510.0,mRNA,tetA,8.0
2040,510.0,mRNA,Raspberry,2.0
2040,510.0,mRNA,mKalama1,1.0
2041,510.25,topo,topoI,0.25
2041,510.25,topo,gyrase,0.25
2041,510.25,RNAP,RNAP,1.0
2041,510.25,mRNA,tetA,8.0
2041,510.25,mRNA,Raspberry,2.0
2041,510.25,mRNA,mKalama1,1.0
2042,510.5,topo,topoI,0.25
2042,510.5,topo,gyrase,0.25
2042,510.5,RNAP,RNAP,1.0
2042,510.5,mRNA,tetA,8.0
2042,510.5,mRNA,Raspberry,2.0
2042,510.5,mRNA,mKalama1,1.0
2043,510.75,topo,topoI,0.25
2043,510.75,topo,gyrase,0.25
2043,510.75,RNAP,RNAP,1.0
2043,510.75,mRNA,tetA,8.0
2043,510.75,mRNA,Raspberry,2.0
2043,510.75,mRNA,mKalama1,1.0
2044,511.0,topo,topoI,0.25
2044,511.0,topo,gyrase,0.25
2044,511.0,RNAP,RNAP,1.0
2044,511.0,mRNA,tetA,8.0
2044,511.0,mRNA,Raspberry,2.0
2044,511.0,mRNA,mKalama1,1.0
2045,511.25,topo,topoI,0.25
2045,511.25,topo,gyrase,0.25
2045,511.25,RNAP,RNAP,1.0
2045,511.25,mRNA,tetA,8.0
2045,511.25,mRNA,Raspberry,2.0
2045,511.25,mRNA,mKalama1,1.0
2046,511.5,topo,topoI,0.25
2046,511.5,topo,gyrase,0.25
2046,511.5,RNAP,RNAP,1.0
2046,511.5,mRNA,tetA,8.0
2046,511.5,mRNA,Raspberry,2.0
2046,511.5,mRNA,mKalama1,1.0
2047,511.75,topo,topoI,0.25
2047,511.75,topo,gyrase,0.25
2047,511.75,RNAP,RNAP,1.0
2047,511.75,mRNA,tetA,8.0
2047,511.75,mRNA,Raspberry,2.0
2047,511.75,mRNA,mKalama1,1.0
2048,512.0,topo,topoI,0.25
2048,512.0,topo,gyrase,0.25
2048,512.0,RNAP,RNAP,1.0
2048,512.0,mRNA,tetA,8.0
2048,512.0,mRNA,Raspberry,2.0
2048,512.0,mRNA,mKalama1,1.0
2049,512.25,topo,topoI,0.25
2049,512.25,topo,gyrase,0.25
2049,512.25,RNAP,RNAP,1.0
2049,512.25,mRNA,tetA,8.0
2049,512.25,mRNA,Raspberry,2.0
2049,512.25,mRNA,mKalama1,1.0
2050,512.5,topo,topoI,0.25
2050,512.5,topo,gyrase,0.25
2050,512.5,RNAP,RNAP,1.0
2050,512.5,mRNA,tetA,8.0
2050,512.5,mRNA,Raspberry,2.0
2050,512.5,mRNA,mKalama1,1.0
2051,512.75,topo,topoI,0.25
2051,512.75,topo,gyrase,0.25
2051,512.75,RNAP,RNAP,1.0
2051,512.75,mRNA,tetA,8.0
2051,512.75,mRNA,Raspberry,2.0
2051,512.75,mRNA,mKalama1,1.0
2052,513.0,topo,topoI,0.25
2052,513.0,topo,gyrase,0.25
2052,513.0,RNAP,RNAP,1.0
2052,513.0,mRNA,tetA,8.0
2052,513.0,mRNA,Raspberry,2.0
2052,513.0,mRNA,mKalama1,1.0
2053,513.25,topo,topoI,0.25
2053,513.25,topo,gyrase,0.25
2053,513.25,RNAP,RNAP,1.0
2053,513.25,mRNA,tetA,8.0
2053,513.25,mRNA,Raspberry,2.0
2053,513.25,mRNA,mKalama1,1.0
2054,513.5,topo,topoI,0.25
2054,513.5,topo,gyrase,0.25
2054,513.5,RNAP,RNAP,1.0
2054,513.5,mRNA,tetA,8.0
2054,513.5,mRNA,Raspberry,2.0
2054,513.5,mRNA,mKalama1,1.0
2055,513.75,topo,topoI,0.25
2055,513.75,topo,gyrase,0.25
2055,513.75,RNAP,RNAP,1.0
2055,513.75,mRNA,tetA,8.0
2055,513.75,mRNA,Raspberry,2.0
2055,513.75,mRNA,mKalama1,1.0
2056,514.0,topo,topoI,0.25
2056,514.0,topo,gyrase,0.25
2056,514.0,RNAP,RNAP,1.0
2056,514.0,mRNA,tetA,8.0
2056,514.0,mRNA,Raspberry,2.0
2056,514.0,mRNA,mKalama1,1.0
2057,514.25,topo,topoI,0.25
2057,514.25,topo,gyrase,0.25
2057,514.25,RNAP,RNAP,1.0
2057,514.25,mRNA,tetA,8.0
2057,514.25,mRNA,Raspberry,2.0
2057,514.25,mRNA,mKalama1,1.0
2058,514.5,topo,topoI,0.25
2058,514.5,topo,gyrase,0.25
2058,514.5,RNAP,RNAP,1.0
2058,514.5,mRNA,tetA,8.0
2058,514.5,mRNA,Raspberry,2.0
2058,514.5,mRNA,mKalama1,1.0
2059,514.75,topo,topoI,0.25
2059,514.75,topo,gyrase,0.25
2059,514.75,RNAP,RNAP,1.0
2059,514.75,mRNA,tetA,8.0
2059,514.75,mRNA,Raspberry,2.0
2059,514.75,mRNA,mKalama1,1.0
2060,515.0,topo,topoI,0.25
2060,515.0,topo,gyrase,0.25
2060,515.0,RNAP,RNAP,1.0
2060,515.0,mRNA,tetA,8.0
2060,515.0,mRNA,Raspberry,2.0
2060,515.0,mRNA,mKalama1,1.0
2061,515.25,topo,topoI,0.25
2061,515.25,topo,gyrase,0.25
2061,515.25,RNAP,RNAP,1.0
2061,515.25,mRNA,tetA,8.0
2061,515.25,mRNA,Raspberry,2.0
2061,515.25,mRNA,mKalama1,1.0
2062,515.5,topo,topoI,0.25
2062,515.5,topo,gyrase,0.25
2062,515.5,RNAP,RNAP,1.0
2062,515.5,mRNA,tetA,8.0
2062,515.5,mRNA,Raspberry,2.0
2062,515.5,mRNA,mKalama1,1.0
2063,515.75,topo,topoI,0.25
2063,515.75,topo,gyrase,0.25
2063,515.75,RNAP,RNAP,1.0
2063,515.75,mRNA,tetA,8.0
2063,515.75,mRNA,Raspberry,2.0
2063,515.75,mRNA,mKalama1,1.0
2064,516.0,topo,topoI,0.25
2064,516.0,topo,gyrase,0.25
2064,516.0,RNAP,RNAP,1.0
2064,516.0,mRNA,tetA,8.0
2064,516.0,mRNA,Raspberry,2.0
2064,516.0,mRNA,mKalama1,1.0
2065,516.25,topo,topoI,0.25
2065,516.25,topo,gyrase,0.25
2065,516.25,RNAP,RNAP,1.0
2065,516.25,mRNA,tetA,8.0
2065,516.25,mRNA,Raspberry,2.0
2065,516.25,mRNA,mKalama1,1.0
2066,516.5,topo,topoI,0.25
2066,516.5,topo,gyrase,0.25
2066,516.5,RNAP,RNAP,1.0
2066,516.5,mRNA,tetA,8.0
2066,516.5,mRNA,Raspberry,2.0
2066,516.5,mRNA,mKalama1,1.0
2067,516.75,topo,topoI,0.25
2067,516.75,topo,gyrase,0.25
2067,516.75,RNAP,RNAP,1.0
2067,516.75,mRNA,tetA,8.0
2067,516.75,mRNA,Raspberry,2.0
2067,516.75,mRNA,mKalama1,1.0
2068,517.0,topo,topoI,0.25
2068,517.0,topo,gyrase,0.25
2068,517.0,RNAP,RNAP,1.0
2068,517.0,mRNA,tetA,8.0
2068,517.0,mRNA,Raspberry,2.0
2068,517.0,mRNA,mKalama1,1.0
2069,517.25,topo,topoI,0.25
2069,517.25,topo,gyrase,0.25
2069,517.25,RNAP,RNAP,1.0
2069,517.25,mRNA,tetA,8.0
2069,517.25,mRNA,Raspberry,2.0
2069,517.25,mRNA,mKalama1,1.0
2070,517.5,topo,topoI,0.25
2070,517.5,topo,gyrase,0.25
2070,517.5,RNAP,RNAP,1.0
2070,517.5,mRNA,tetA,8.0
2070,517.5,mRNA,Raspberry,2.0
2070,517.5,mRNA,mKalama1,1.0
2071,517.75,topo,topoI,0.25
2071,517.75,topo,gyrase,0.25
2071,517.75,RNAP,RNAP,1.0
2071,517.75,mRNA,tetA,8.0
2071,517.75,mRNA,Raspberry,2.0
2071,517.75,mRNA,mKalama1,1.0
2072,518.0,topo,topoI,0.25
2072,518.0,topo,gyrase,0.25
2072,518.0,RNAP,RNAP,1.0
2072,518.0,mRNA,tetA,8.0
2072,518.0,mRNA,Raspberry,2.0
2072,518.0,mRNA,mKalama1,1.0
2073,518.25,topo,topoI,0.25
2073,518.25,topo,gyrase,0.25
2073,518.25,RNAP,RNAP,1.0
2073,518.25,mRNA,tetA,8.0
2073,518.25,mRNA,Raspberry,2.0
2073,518.25,mRNA,mKalama1,1.0
2074,518.5,topo,topoI,0.25
2074,518.5,topo,gyrase,0.25
2074,518.5,RNAP,RNAP,1.0
2074,518.5,mRNA,tetA,8.0
2074,518.5,mRNA,Raspberry,2.0
2074,518.5,mRNA,mKalama1,1.0
2075,518.75,topo,topoI,0.25
2075,518.75,topo,gyrase,0.25
2075,518.75,RNAP,RNAP,1.0
2075,518.75,mRNA,tetA,8.0
2075,518.75,mRNA,Raspberry,2.0
2075,518.75,mRNA,mKalama1,1.0
2076,519.0,topo,topoI,0.25
2076,519.0,topo,gyrase,0.25
2076,519.0,RNAP,RNAP,1.0
2076,519.0,mRNA,tetA,8.0
2076,519.0,mRNA,Raspberry,2.0
2076,519.0,mRNA,mKalama1,1.0
2077,519.25,topo,topoI,0.25
2077,519.25,topo,gyrase,0.25
2077,519.25,RNAP,RNAP,1.0
2077,519.25,mRNA,tetA,8.0
2077,519.25,mRNA,Raspberry,2.0
2077,519.25,mRNA,mKalama1,1.0
2078,519.5,topo,topoI,0.25
2078,519.5,topo,gyrase,0.25
2078,519.5,RNAP,RNAP,1.0
2078,519.5,mRNA,tetA,8.0
2078,519.5,mRNA,Raspberry,2.0
2078,519.5,mRNA,mKalama1,1.0
2079,519.75,topo,topoI,0.25
2079,519.75,topo,gyrase,0.25
2079,519.75,RNAP,RNAP,1.0
2079,519.75,mRNA,tetA,8.0
2079,519.75,mRNA,Raspberry,2.0
2079,519.75,mRNA,mKalama1,1.0
2080,520.0,topo,topoI,0.25
2080,520.0,topo,gyrase,0.25
2080,520.0,RNAP,RNAP,1.0
2080,520.0,mRNA,tetA,8.0
2080,520.0,mRNA,Raspberry,2.0
2080,520.0,mRNA,mKalama1,1.0
2081,520.25,topo,topoI,0.25
2081,520.25,topo,gyrase,0.25
2081,520.25,RNAP,RNAP,1.0
2081,520.25,mRNA,tetA,8.0
2081,520.25,mRNA,Raspberry,2.0
2081,520.25,mRNA,mKalama1,1.0
2082,520.5,topo,topoI,0.25
2082,520.5,topo,gyrase,0.25
2082,520.5,RNAP,RNAP,1.0
2082,520.5,mRNA,tetA,8.0
2082,520.5,mRNA,Raspberry,2.0
2082,520.5,mRNA,mKalama1,1.0
2083,520.75,topo,topoI,0.25
2083,520.75,topo,gyrase,0.25
2083,520.75,RNAP,RNAP,1.0
2083,520.75,mRNA,tetA,8.0
2083,520.75,mRNA,Raspberry,2.0
2083,520.75,mRNA,mKalama1,1.0
2084,521.0,topo,topoI,0.25
2084,521.0,topo,gyrase,0.25
2084,521.0,RNAP,RNAP,1.0
2084,521.0,mRNA,tetA,8.0
2084,521.0,mRNA,Raspberry,2.0
2084,521.0,mRNA,mKalama1,1.0
2085,521.25,topo,topoI,0.25
2085,521.25,topo,gyrase,0.25
2085,521.25,RNAP,RNAP,1.0
2085,521.25,mRNA,tetA,8.0
2085,521.25,mRNA,Raspberry,2.0
2085,521.25,mRNA,mKalama1,1.0
2086,521.5,topo,topoI,0.25
2086,521.5,topo,gyrase,0.25
2086,521.5,RNAP,RNAP,1.0
2086,521.5,mRNA,tetA,8.0
2086,521.5,mRNA,Raspberry,2.0
2086,521.5,mRNA,mKalama1,1.0
2087,521.75,topo,topoI,0.25
2087,521.75,topo,gyrase,0.25
2087,521.75,RNAP,RNAP,1.0
2087,521.75,mRNA,tetA,8.0
2087,521.75,mRNA,Raspberry,2.0
2087,521.75,mRNA,mKalama1,1.0
2088,522.0,topo,topoI,0.25
2088,522.0,topo,gyrase,0.25
2088,522.0,RNAP,RNAP,1.0
2088,522.0,mRNA,tetA,8.0
2088,522.0,mRNA,Raspberry,2.0
2088,522.0,mRNA,mKalama1,1.0
2089,522.25,topo,topoI,0.25
2089,522.25,topo,gyrase,0.25
2089,522.25,RNAP,RNAP,1.0
2089,522.25,mRNA,tetA,8.0
2089,522.25,mRNA,Raspberry,2.0
2089,522.25,mRNA,mKalama1,1.0
2090,522.5,topo,topoI,0.25
2090,522.5,topo,gyrase,0.25
2090,522.5,RNAP,RNAP,1.0
2090,522.5,mRNA,tetA,8.0
2090,522.5,mRNA,Raspberry,2.0
2090,522.5,mRNA,mKalama1,1.0
2091,522.75,topo,topoI,0.25
2091,522.75,topo,gyrase,0.25
2091,522.75,RNAP,RNAP,1.0
2091,522.75,mRNA,tetA,8.0
2091,522.75,mRNA,Raspberry,2.0
2091,522.75,mRNA,mKalama1,1.0
2092,523.0,topo,topoI,0.25
2092,523.0,topo,gyrase,0.25
2092,523.0,RNAP,RNAP,1.0
2092,523.0,mRNA,tetA,8.0
2092,523.0,mRNA,Raspberry,2.0
2092,523.0,mRNA,mKalama1,1.0
2093,523.25,topo,topoI,0.25
2093,523.25,topo,gyrase,0.25
2093,523.25,RNAP,RNAP,1.0
2093,523.25,mRNA,tetA,8.0
2093,523.25,mRNA,Raspberry,2.0
2093,523.25,mRNA,mKalama1,1.0
2094,523.5,topo,topoI,0.25
2094,523.5,topo,gyrase,0.25
2094,523.5,RNAP,RNAP,1.0
2094,523.5,mRNA,tetA,8.0
2094,523.5,mRNA,Raspberry,2.0
2094,523.5,mRNA,mKalama1,1.0
2095,523.75,topo,topoI,0.25
2095,523.75,topo,gyrase,0.25
2095,523.75,RNAP,RNAP,1.0
2095,523.75,mRNA,tetA,8.0
2095,523.75,mRNA,Raspberry,2.0
2095,523.75,mRNA,mKalama1,1.0
2096,524.0,topo,topoI,0.25
2096,524.0,topo,gyrase,0.25
2096,524.0,RNAP,RNAP,1.0
2096,524.0,mRNA,tetA,8.0
2096,524.0,mRNA,Raspberry,2.0
2096,524.0,mRNA,mKalama1,1.0
2097,524.25,topo,topoI,0.25
2097,524.25,topo,gyrase,0.25
2097,524.25,RNAP,RNAP,1.0
2097,524.25,mRNA,tetA,8.0
2097,524.25,mRNA,Raspberry,2.0
2097,524.25,mRNA,mKalama1,1.0
2098,524.5,topo,topoI,0.25
2098,524.5,topo,gyrase,0.25
2098,524.5,RNAP,RNAP,1.0
2098,524.5,mRNA,tetA,8.0
2098,524.5,mRNA,Raspberry,2.0
2098,524.5,mRNA,mKalama1,1.0
2099,524.75,topo,topoI,0.25
2099,524.75,topo,gyrase,0.25
2099,524.75,RNAP,RNAP,1.0
2099,524.75,mRNA,tetA,8.0
2099,524.75,mRNA,Raspberry,2.0
2099,524.75,mRNA,mKalama1,1.0
2100,525.0,topo,topoI,0.25
2100,525.0,topo,gyrase,0.25
2100,525.0,RNAP,RNAP,1.0
2100,525.0,mRNA,tetA,8.0
2100,525.0,mRNA,Raspberry,2.0
2100,525.0,mRNA,mKalama1,1.0
2101,525.25,topo,topoI,0.25
2101,525.25,topo,gyrase,0.25
2101,525.25,RNAP,RNAP,1.0
2101,525.25,mRNA,tetA,8.0
2101,525.25,mRNA,Raspberry,2.0
2101,525.25,mRNA,mKalama1,1.0
2102,525.5,topo,topoI,0.25
2102,525.5,topo,gyrase,0.25
2102,525.5,RNAP,RNAP,1.0
2102,525.5,mRNA,tetA,8.0
2102,525.5,mRNA,Raspberry,2.0
2102,525.5,mRNA,mKalama1,1.0
2103,525.75,topo,topoI,0.25
2103,525.75,topo,gyrase,0.25
2103,525.75,RNAP,RNAP,1.0
2103,525.75,mRNA,tetA,8.0
2103,525.75,mRNA,Raspberry,2.0
2103,525.75,mRNA,mKalama1,1.0
2104,526.0,topo,topoI,0.25
2104,526.0,topo,gyrase,0.25
2104,526.0,RNAP,RNAP,1.0
2104,526.0,mRNA,tetA,8.0
2104,526.0,mRNA,Raspberry,2.0
2104,526.0,mRNA,mKalama1,1.0
2105,526.25,topo,topoI,0.25
2105,526.25,topo,gyrase,0.25
2105,526.25,RNAP,RNAP,1.0
2105,526.25,mRNA,tetA,8.0
2105,526.25,mRNA,Raspberry,2.0
2105,526.25,mRNA,mKalama1,1.0
2106,526.5,topo,topoI,0.25
2106,526.5,topo,gyrase,0.25
2106,526.5,RNAP,RNAP,1.0
2106,526.5,mRNA,tetA,8.0
2106,526.5,mRNA,Raspberry,2.0
2106,526.5,mRNA,mKalama1,1.0
2107,526.75,topo,topoI,0.25
2107,526.75,topo,gyrase,0.25
2107,526.75,RNAP,RNAP,1.0
2107,526.75,mRNA,tetA,8.0
2107,526.75,mRNA,Raspberry,2.0
2107,526.75,mRNA,mKalama1,1.0
2108,527.0,topo,topoI,0.25
2108,527.0,topo,gyrase,0.25
2108,527.0,RNAP,RNAP,1.0
2108,527.0,mRNA,tetA,8.0
2108,527.0,mRNA,Raspberry,2.0
2108,527.0,mRNA,mKalama1,1.0
2109,527.25,topo,topoI,0.25
2109,527.25,topo,gyrase,0.25
2109,527.25,RNAP,RNAP,1.0
2109,527.25,mRNA,tetA,8.0
2109,527.25,mRNA,Raspberry,2.0
2109,527.25,mRNA,mKalama1,1.0
2110,527.5,topo,topoI,0.25
2110,527.5,topo,gyrase,0.25
2110,527.5,RNAP,RNAP,1.0
2110,527.5,mRNA,tetA,8.0
2110,527.5,mRNA,Raspberry,2.0
2110,527.5,mRNA,mKalama1,1.0
2111,527.75,topo,topoI,0.25
2111,527.75,topo,gyrase,0.25
2111,527.75,RNAP,RNAP,1.0
2111,527.75,mRNA,tetA,8.0
2111,527.75,mRNA,Raspberry,2.0
2111,527.75,mRNA,mKalama1,1.0
2112,528.0,topo,topoI,0.25
2112,528.0,topo,gyrase,0.25
2112,528.0,RNAP,RNAP,1.0
2112,528.0,mRNA,tetA,8.0
2112,528.0,mRNA,Raspberry,2.0
2112,528.0,mRNA,mKalama1,1.0
2113,528.25,topo,topoI,0.25
2113,528.25,topo,gyrase,0.25
2113,528.25,RNAP,RNAP,1.0
2113,528.25,mRNA,tetA,8.0
2113,528.25,mRNA,Raspberry,2.0
2113,528.25,mRNA,mKalama1,1.0
2114,528.5,topo,topoI,0.25
2114,528.5,topo,gyrase,0.25
2114,528.5,RNAP,RNAP,1.0
2114,528.5,mRNA,tetA,8.0
2114,528.5,mRNA,Raspberry,2.0
2114,528.5,mRNA,mKalama1,1.0
2115,528.75,topo,topoI,0.25
2115,528.75,topo,gyrase,0.25
2115,528.75,RNAP,RNAP,1.0
2115,528.75,mRNA,tetA,8.0
2115,528.75,mRNA,Raspberry,2.0
2115,528.75,mRNA,mKalama1,1.0
2116,529.0,topo,topoI,0.25
2116,529.0,topo,gyrase,0.25
2116,529.0,RNAP,RNAP,1.0
2116,529.0,mRNA,tetA,8.0
2116,529.0,mRNA,Raspberry,2.0
2116,529.0,mRNA,mKalama1,1.0
2117,529.25,topo,topoI,0.25
2117,529.25,topo,gyrase,0.25
2117,529.25,RNAP,RNAP,1.0
2117,529.25,mRNA,tetA,8.0
2117,529.25,mRNA,Raspberry,2.0
2117,529.25,mRNA,mKalama1,1.0
2118,529.5,topo,topoI,0.25
2118,529.5,topo,gyrase,0.25
2118,529.5,RNAP,RNAP,1.0
2118,529.5,mRNA,tetA,8.0
2118,529.5,mRNA,Raspberry,2.0
2118,529.5,mRNA,mKalama1,1.0
2119,529.75,topo,topoI,0.25
2119,529.75,topo,gyrase,0.25
2119,529.75,RNAP,RNAP,1.0
2119,529.75,mRNA,tetA,8.0
2119,529.75,mRNA,Raspberry,2.0
2119,529.75,mRNA,mKalama1,1.0
2120,530.0,topo,topoI,0.25
2120,530.0,topo,gyrase,0.25
2120,530.0,RNAP,RNAP,1.0
2120,530.0,mRNA,tetA,8.0
2120,530.0,mRNA,Raspberry,2.0
2120,530.0,mRNA,mKalama1,1.0
2121,530.25,topo,topoI,0.25
2121,530.25,topo,gyrase,0.25
2121,530.25,RNAP,RNAP,1.0
2121,530.25,mRNA,tetA,8.0
2121,530.25,mRNA,Raspberry,2.0
2121,530.25,mRNA,mKalama1,1.0
2122,530.5,topo,topoI,0.25
2122,530.5,topo,gyrase,0.25
2122,530.5,RNAP,RNAP,1.0
2122,530.5,mRNA,tetA,8.0
2122,530.5,mRNA,Raspberry,2.0
2122,530.5,mRNA,mKalama1,1.0
2123,530.75,topo,topoI,0.25
2123,530.75,topo,gyrase,0.25
2123,530.75,RNAP,RNAP,1.0
2123,530.75,mRNA,tetA,8.0
2123,530.75,mRNA,Raspberry,2.0
2123,530.75,mRNA,mKalama1,1.0
2124,531.0,topo,topoI,0.25
2124,531.0,topo,gyrase,0.25
2124,531.0,RNAP,RNAP,1.0
2124,531.0,mRNA,tetA,8.0
2124,531.0,mRNA,Raspberry,2.0
2124,531.0,mRNA,mKalama1,1.0
2125,531.25,topo,topoI,0.25
2125,531.25,topo,gyrase,0.25
2125,531.25,RNAP,RNAP,1.0
2125,531.25,mRNA,tetA,8.0
2125,531.25,mRNA,Raspberry,2.0
2125,531.25,mRNA,mKalama1,1.0
2126,531.5,topo,topoI,0.25
2126,531.5,topo,gyrase,0.25
2126,531.5,RNAP,RNAP,1.0
2126,531.5,mRNA,tetA,8.0
2126,531.5,mRNA,Raspberry,2.0
2126,531.5,mRNA,mKalama1,1.0
2127,531.75,topo,topoI,0.25
2127,531.75,topo,gyrase,0.25
2127,531.75,RNAP,RNAP,1.0
2127,531.75,mRNA,tetA,8.0
2127,531.75,mRNA,Raspberry,2.0
2127,531.75,mRNA,mKalama1,1.0
2128,532.0,topo,topoI,0.25
2128,532.0,topo,gyrase,0.25
2128,532.0,RNAP,RNAP,1.0
2128,532.0,mRNA,tetA,8.0
2128,532.0,mRNA,Raspberry,2.0
2128,532.0,mRNA,mKalama1,1.0
2129,532.25,topo,topoI,0.25
2129,532.25,topo,gyrase,0.25
2129,532.25,RNAP,RNAP,1.0
2129,532.25,mRNA,tetA,8.0
2129,532.25,mRNA,Raspberry,2.0
2129,532.25,mRNA,mKalama1,1.0
2130,532.5,topo,topoI,0.25
2130,532.5,topo,gyrase,0.25
2130,532.5,RNAP,RNAP,1.0
2130,532.5,mRNA,tetA,8.0
2130,532.5,mRNA,Raspberry,2.0
2130,532.5,mRNA,mKalama1,1.0
2131,532.75,topo,topoI,0.25
2131,532.75,topo,gyrase,0.25
2131,532.75,RNAP,RNAP,1.0
2131,532.75,mRNA,tetA,8.0
2131,532.75,mRNA,Raspberry,2.0
2131,532.75,mRNA,mKalama1,1.0
2132,533.0,topo,topoI,0.25
2132,533.0,topo,gyrase,0.25
2132,533.0,RNAP,RNAP,1.0
2132,533.0,mRNA,tetA,8.0
2132,533.0,mRNA,Raspberry,2.0
2132,533.0,mRNA,mKalama1,1.0
2133,533.25,topo,topoI,0.25
2133,533.25,topo,gyrase,0.25
2133,533.25,RNAP,RNAP,1.0
2133,533.25,mRNA,tetA,8.0
2133,533.25,mRNA,Raspberry,2.0
2133,533.25,mRNA,mKalama1,1.0
2134,533.5,topo,topoI,0.25
2134,533.5,topo,gyrase,0.25
2134,533.5,RNAP,RNAP,1.0
2134,533.5,mRNA,tetA,8.0
2134,533.5,mRNA,Raspberry,2.0
2134,533.5,mRNA,mKalama1,1.0
2135,533.75,topo,topoI,0.25
2135,533.75,topo,gyrase,0.25
2135,533.75,RNAP,RNAP,1.0
2135,533.75,mRNA,tetA,8.0
2135,533.75,mRNA,Raspberry,2.0
2135,533.75,mRNA,mKalama1,1.0
2136,534.0,topo,topoI,0.25
2136,534.0,topo,gyrase,0.25
2136,534.0,RNAP,RNAP,1.0
2136,534.0,mRNA,tetA,8.0
2136,534.0,mRNA,Raspberry,2.0
2136,534.0,mRNA,mKalama1,1.0
2137,534.25,topo,topoI,0.25
2137,534.25,topo,gyrase,0.25
2137,534.25,RNAP,RNAP,1.0
2137,534.25,mRNA,tetA,8.0
2137,534.25,mRNA,Raspberry,2.0
2137,534.25,mRNA,mKalama1,1.0
2138,534.5,topo,topoI,0.25
2138,534.5,topo,gyrase,0.25
2138,534.5,RNAP,RNAP,1.0
2138,534.5,mRNA,tetA,8.0
2138,534.5,mRNA,Raspberry,2.0
2138,534.5,mRNA,mKalama1,1.0
2139,534.75,topo,topoI,0.25
2139,534.75,topo,gyrase,0.25
2139,534.75,RNAP,RNAP,1.0
2139,534.75,mRNA,tetA,8.0
2139,534.75,mRNA,Raspberry,2.0
2139,534.75,mRNA,mKalama1,1.0
2140,535.0,topo,topoI,0.25
2140,535.0,topo,gyrase,0.25
2140,535.0,RNAP,RNAP,1.0
2140,535.0,mRNA,tetA,8.0
2140,535.0,mRNA,Raspberry,2.0
2140,535.0,mRNA,mKalama1,1.0
2141,535.25,topo,topoI,0.25
2141,535.25,topo,gyrase,0.25
2141,535.25,RNAP,RNAP,1.0
2141,535.25,mRNA,tetA,8.0
2141,535.25,mRNA,Raspberry,2.0
2141,535.25,mRNA,mKalama1,1.0
2142,535.5,topo,topoI,0.25
2142,535.5,topo,gyrase,0.25
2142,535.5,RNAP,RNAP,1.0
2142,535.5,mRNA,tetA,8.0
2142,535.5,mRNA,Raspberry,2.0
2142,535.5,mRNA,mKalama1,1.0
2143,535.75,topo,topoI,0.25
2143,535.75,topo,gyrase,0.25
2143,535.75,RNAP,RNAP,1.0
2143,535.75,mRNA,tetA,8.0
2143,535.75,mRNA,Raspberry,2.0
2143,535.75,mRNA,mKalama1,1.0
2144,536.0,topo,topoI,0.25
2144,536.0,topo,gyrase,0.25
2144,536.0,RNAP,RNAP,1.0
2144,536.0,mRNA,tetA,8.0
2144,536.0,mRNA,Raspberry,2.0
2144,536.0,mRNA,mKalama1,1.0
2145,536.25,topo,topoI,0.25
2145,536.25,topo,gyrase,0.25
2145,536.25,RNAP,RNAP,1.0
2145,536.25,mRNA,tetA,8.0
2145,536.25,mRNA,Raspberry,2.0
2145,536.25,mRNA,mKalama1,1.0
2146,536.5,topo,topoI,0.25
2146,536.5,topo,gyrase,0.25
2146,536.5,RNAP,RNAP,1.0
2146,536.5,mRNA,tetA,8.0
2146,536.5,mRNA,Raspberry,2.0
2146,536.5,mRNA,mKalama1,1.0
2147,536.75,topo,topoI,0.25
2147,536.75,topo,gyrase,0.25
2147,536.75,RNAP,RNAP,1.0
2147,536.75,mRNA,tetA,8.0
2147,536.75,mRNA,Raspberry,2.0
2147,536.75,mRNA,mKalama1,1.0
2148,537.0,topo,topoI,0.25
2148,537.0,topo,gyrase,0.25
2148,537.0,RNAP,RNAP,1.0
2148,537.0,mRNA,tetA,8.0
2148,537.0,mRNA,Raspberry,2.0
2148,537.0,mRNA,mKalama1,1.0
2149,537.25,topo,topoI,0.25
2149,537.25,topo,gyrase,0.25
2149,537.25,RNAP,RNAP,1.0
2149,537.25,mRNA,tetA,8.0
2149,537.25,mRNA,Raspberry,2.0
2149,537.25,mRNA,mKalama1,1.0
2150,537.5,topo,topoI,0.25
2150,537.5,topo,gyrase,0.25
2150,537.5,RNAP,RNAP,1.0
2150,537.5,mRNA,tetA,8.0
2150,537.5,mRNA,Raspberry,2.0
2150,537.5,mRNA,mKalama1,1.0
2151,537.75,topo,topoI,0.25
2151,537.75,topo,gyrase,0.25
2151,537.75,RNAP,RNAP,1.0
2151,537.75,mRNA,tetA,8.0
2151,537.75,mRNA,Raspberry,2.0
2151,537.75,mRNA,mKalama1,1.0
2152,538.0,topo,topoI,0.25
2152,538.0,topo,gyrase,0.25
2152,538.0,RNAP,RNAP,1.0
2152,538.0,mRNA,tetA,8.0
2152,538.0,mRNA,Raspberry,2.0
2152,538.0,mRNA,mKalama1,1.0
2153,538.25,topo,topoI,0.25
2153,538.25,topo,gyrase,0.25
2153,538.25,RNAP,RNAP,1.0
2153,538.25,mRNA,tetA,8.0
2153,538.25,mRNA,Raspberry,2.0
2153,538.25,mRNA,mKalama1,1.0
2154,538.5,topo,topoI,0.25
2154,538.5,topo,gyrase,0.25
2154,538.5,RNAP,RNAP,1.0
2154,538.5,mRNA,tetA,8.0
2154,538.5,mRNA,Raspberry,2.0
2154,538.5,mRNA,mKalama1,1.0
2155,538.75,topo,topoI,0.25
2155,538.75,topo,gyrase,0.25
2155,538.75,RNAP,RNAP,1.0
2155,538.75,mRNA,tetA,8.0
2155,538.75,mRNA,Raspberry,2.0
2155,538.75,mRNA,mKalama1,1.0
2156,539.0,topo,topoI,0.25
2156,539.0,topo,gyrase,0.25
2156,539.0,RNAP,RNAP,1.0
2156,539.0,mRNA,tetA,8.0
2156,539.0,mRNA,Raspberry,2.0
2156,539.0,mRNA,mKalama1,1.0
2157,539.25,topo,topoI,0.25
2157,539.25,topo,gyrase,0.25
2157,539.25,RNAP,RNAP,1.0
2157,539.25,mRNA,tetA,8.0
2157,539.25,mRNA,Raspberry,2.0
2157,539.25,mRNA,mKalama1,1.0
2158,539.5,topo,topoI,0.25
2158,539.5,topo,gyrase,0.25
2158,539.5,RNAP,RNAP,1.0
2158,539.5,mRNA,tetA,8.0
2158,539.5,mRNA,Raspberry,2.0
2158,539.5,mRNA,mKalama1,1.0
2159,539.75,topo,topoI,0.25
2159,539.75,topo,gyrase,0.25
2159,539.75,RNAP,RNAP,1.0
2159,539.75,mRNA,tetA,8.0
2159,539.75,mRNA,Raspberry,2.0
2159,539.75,mRNA,mKalama1,1.0
2160,540.0,topo,topoI,0.25
2160,540.0,topo,gyrase,0.25
2160,540.0,RNAP,RNAP,1.0
2160,540.0,mRNA,tetA,8.0
2160,540.0,mRNA,Raspberry,2.0
2160,540.0,mRNA,mKalama1,1.0
2161,540.25,topo,topoI,0.25
2161,540.25,topo,gyrase,0.25
2161,540.25,RNAP,RNAP,1.0
2161,540.25,mRNA,tetA,8.0
2161,540.25,mRNA,Raspberry,2.0
2161,540.25,mRNA,mKalama1,1.0
2162,540.5,topo,topoI,0.25
2162,540.5,topo,gyrase,0.25
2162,540.5,RNAP,RNAP,1.0
2162,540.5,mRNA,tetA,8.0
2162,540.5,mRNA,Raspberry,2.0
2162,540.5,mRNA,mKalama1,1.0
2163,540.75,topo,topoI,0.25
2163,540.75,topo,gyrase,0.25
2163,540.75,RNAP,RNAP,1.0
2163,540.75,mRNA,tetA,8.0
2163,540.75,mRNA,Raspberry,2.0
2163,540.75,mRNA,mKalama1,1.0
2164,541.0,topo,topoI,0.25
2164,541.0,topo,gyrase,0.25
2164,541.0,RNAP,RNAP,1.0
2164,541.0,mRNA,tetA,8.0
2164,541.0,mRNA,Raspberry,2.0
2164,541.0,mRNA,mKalama1,1.0
2165,541.25,topo,topoI,0.25
2165,541.25,topo,gyrase,0.25
2165,541.25,RNAP,RNAP,1.0
2165,541.25,mRNA,tetA,8.0
2165,541.25,mRNA,Raspberry,2.0
2165,541.25,mRNA,mKalama1,1.0
2166,541.5,topo,topoI,0.25
2166,541.5,topo,gyrase,0.25
2166,541.5,RNAP,RNAP,1.0
2166,541.5,mRNA,tetA,8.0
2166,541.5,mRNA,Raspberry,2.0
2166,541.5,mRNA,mKalama1,1.0
2167,541.75,topo,topoI,0.25
2167,541.75,topo,gyrase,0.25
2167,541.75,RNAP,RNAP,1.0
2167,541.75,mRNA,tetA,8.0
2167,541.75,mRNA,Raspberry,2.0
2167,541.75,mRNA,mKalama1,1.0
2168,542.0,topo,topoI,0.25
2168,542.0,topo,gyrase,0.25
2168,542.0,RNAP,RNAP,1.0
2168,542.0,mRNA,tetA,8.0
2168,542.0,mRNA,Raspberry,2.0
2168,542.0,mRNA,mKalama1,1.0
2169,542.25,topo,topoI,0.25
2169,542.25,topo,gyrase,0.25
2169,542.25,RNAP,RNAP,1.0
2169,542.25,mRNA,tetA,8.0
2169,542.25,mRNA,Raspberry,2.0
2169,542.25,mRNA,mKalama1,1.0
2170,542.5,topo,topoI,0.25
2170,542.5,topo,gyrase,0.25
2170,542.5,RNAP,RNAP,1.0
2170,542.5,mRNA,tetA,8.0
2170,542.5,mRNA,Raspberry,2.0
2170,542.5,mRNA,mKalama1,1.0
2171,542.75,topo,topoI,0.25
2171,542.75,topo,gyrase,0.25
2171,542.75,RNAP,RNAP,1.0
2171,542.75,mRNA,tetA,8.0
2171,542.75,mRNA,Raspberry,2.0
2171,542.75,mRNA,mKalama1,1.0
2172,543.0,topo,topoI,0.25
2172,543.0,topo,gyrase,0.25
2172,543.0,RNAP,RNAP,1.0
2172,543.0,mRNA,tetA,8.0
2172,543.0,mRNA,Raspberry,2.0
2172,543.0,mRNA,mKalama1,1.0
2173,543.25,topo,topoI,0.25
2173,543.25,topo,gyrase,0.25
2173,543.25,RNAP,RNAP,1.0
2173,543.25,mRNA,tetA,8.0
2173,543.25,mRNA,Raspberry,2.0
2173,543.25,mRNA,mKalama1,1.0
2174,543.5,topo,topoI,0.25
2174,543.5,topo,gyrase,0.25
2174,543.5,RNAP,RNAP,1.0
2174,543.5,mRNA,tetA,8.0
2174,543.5,mRNA,Raspberry,2.0
2174,543.5,mRNA,mKalama1,1.0
2175,543.75,topo,topoI,0.25
2175,543.75,topo,gyrase,0.25
2175,543.75,RNAP,RNAP,1.0
2175,543.75,mRNA,tetA,8.0
2175,543.75,mRNA,Raspberry,2.0
2175,543.75,mRNA,mKalama1,1.0
2176,544.0,topo,topoI,0.25
2176,544.0,topo,gyrase,0.25
2176,544.0,RNAP,RNAP,1.0
2176,544.0,mRNA,tetA,8.0
2176,544.0,mRNA,Raspberry,2.0
2176,544.0,mRNA,mKalama1,1.0
2177,544.25,topo,topoI,0.25
2177,544.25,topo,gyrase,0.25
2177,544.25,RNAP,RNAP,1.0
2177,544.25,mRNA,tetA,8.0
2177,544.25,mRNA,Raspberry,2.0
2177,544.25,mRNA,mKalama1,1.0
2178,544.5,topo,topoI,0.25
2178,544.5,topo,gyrase,0.25
2178,544.5,RNAP,RNAP,1.0
2178,544.5,mRNA,tetA,8.0
2178,544.5,mRNA,Raspberry,2.0
2178,544.5,mRNA,mKalama1,1.0
2179,544.75,topo,topoI,0.25
2179,544.75,topo,gyrase,0.25
2179,544.75,RNAP,RNAP,1.0
2179,544.75,mRNA,tetA,8.0
2179,544.75,mRNA,Raspberry,2.0
2179,544.75,mRNA,mKalama1,1.0
2180,545.0,topo,topoI,0.25
2180,545.0,topo,gyrase,0.25
2180,545.0,RNAP,RNAP,1.0
2180,545.0,mRNA,tetA,8.0
2180,545.0,mRNA,Raspberry,2.0
2180,545.0,mRNA,mKalama1,1.0
2181,545.25,topo,topoI,0.25
2181,545.25,topo,gyrase,0.25
2181,545.25,RNAP,RNAP,1.0
2181,545.25,mRNA,tetA,8.0
2181,545.25,mRNA,Raspberry,2.0
2181,545.25,mRNA,mKalama1,1.0
2182,545.5,topo,topoI,0.25
2182,545.5,topo,gyrase,0.25
2182,545.5,RNAP,RNAP,1.0
2182,545.5,mRNA,tetA,8.0
2182,545.5,mRNA,Raspberry,2.0
2182,545.5,mRNA,mKalama1,1.0
2183,545.75,topo,topoI,0.25
2183,545.75,topo,gyrase,0.25
2183,545.75,RNAP,RNAP,1.0
2183,545.75,mRNA,tetA,8.0
2183,545.75,mRNA,Raspberry,2.0
2183,545.75,mRNA,mKalama1,1.0
2184,546.0,topo,topoI,0.25
2184,546.0,topo,gyrase,0.25
2184,546.0,RNAP,RNAP,1.0
2184,546.0,mRNA,tetA,8.0
2184,546.0,mRNA,Raspberry,2.0
2184,546.0,mRNA,mKalama1,1.0
2185,546.25,topo,topoI,0.25
2185,546.25,topo,gyrase,0.25
2185,546.25,RNAP,RNAP,1.0
2185,546.25,mRNA,tetA,8.0
2185,546.25,mRNA,Raspberry,2.0
2185,546.25,mRNA,mKalama1,1.0
2186,546.5,topo,topoI,0.25
2186,546.5,topo,gyrase,0.25
2186,546.5,RNAP,RNAP,1.0
2186,546.5,mRNA,tetA,8.0
2186,546.5,mRNA,Raspberry,2.0
2186,546.5,mRNA,mKalama1,1.0
2187,546.75,topo,topoI,0.25
2187,546.75,topo,gyrase,0.25
2187,546.75,RNAP,RNAP,1.0
2187,546.75,mRNA,tetA,8.0
2187,546.75,mRNA,Raspberry,2.0
2187,546.75,mRNA,mKalama1,1.0
2188,547.0,topo,topoI,0.25
2188,547.0,topo,gyrase,0.25
2188,547.0,RNAP,RNAP,1.0
2188,547.0,mRNA,tetA,8.0
2188,547.0,mRNA,Raspberry,2.0
2188,547.0,mRNA,mKalama1,1.0
2189,547.25,topo,topoI,0.25
2189,547.25,topo,gyrase,0.25
2189,547.25,RNAP,RNAP,1.0
2189,547.25,mRNA,tetA,8.0
2189,547.25,mRNA,Raspberry,2.0
2189,547.25,mRNA,mKalama1,1.0
2190,547.5,topo,topoI,0.25
2190,547.5,topo,gyrase,0.25
2190,547.5,RNAP,RNAP,1.0
2190,547.5,mRNA,tetA,8.0
2190,547.5,mRNA,Raspberry,2.0
2190,547.5,mRNA,mKalama1,1.0
2191,547.75,topo,topoI,0.25
2191,547.75,topo,gyrase,0.25
2191,547.75,RNAP,RNAP,1.0
2191,547.75,mRNA,tetA,8.0
2191,547.75,mRNA,Raspberry,2.0
2191,547.75,mRNA,mKalama1,1.0
2192,548.0,topo,topoI,0.25
2192,548.0,topo,gyrase,0.25
2192,548.0,RNAP,RNAP,1.0
2192,548.0,mRNA,tetA,8.0
2192,548.0,mRNA,Raspberry,2.0
2192,548.0,mRNA,mKalama1,1.0
2193,548.25,topo,topoI,0.25
2193,548.25,topo,gyrase,0.25
2193,548.25,RNAP,RNAP,1.0
2193,548.25,mRNA,tetA,8.0
2193,548.25,mRNA,Raspberry,2.0
2193,548.25,mRNA,mKalama1,1.0
2194,548.5,topo,topoI,0.25
2194,548.5,topo,gyrase,0.25
2194,548.5,RNAP,RNAP,1.0
2194,548.5,mRNA,tetA,8.0
2194,548.5,mRNA,Raspberry,2.0
2194,548.5,mRNA,mKalama1,1.0
2195,548.75,topo,topoI,0.25
2195,548.75,topo,gyrase,0.25
2195,548.75,RNAP,RNAP,1.0
2195,548.75,mRNA,tetA,8.0
2195,548.75,mRNA,Raspberry,2.0
2195,548.75,mRNA,mKalama1,1.0
2196,549.0,topo,topoI,0.25
2196,549.0,topo,gyrase,0.25
2196,549.0,RNAP,RNAP,1.0
2196,549.0,mRNA,tetA,8.0
2196,549.0,mRNA,Raspberry,2.0
2196,549.0,mRNA,mKalama1,1.0
2197,549.25,topo,topoI,0.25
2197,549.25,topo,gyrase,0.25
2197,549.25,RNAP,RNAP,1.0
2197,549.25,mRNA,tetA,8.0
2197,549.25,mRNA,Raspberry,2.0
2197,549.25,mRNA,mKalama1,1.0
2198,549.5,topo,topoI,0.25
2198,549.5,topo,gyrase,0.25
2198,549.5,RNAP,RNAP,1.0
2198,549.5,mRNA,tetA,8.0
2198,549.5,mRNA,Raspberry,2.0
2198,549.5,mRNA,mKalama1,1.0
2199,549.75,topo,topoI,0.25
2199,549.75,topo,gyrase,0.25
2199,549.75,RNAP,RNAP,1.0
2199,549.75,mRNA,tetA,8.0
2199,549.75,mRNA,Raspberry,2.0
2199,549.75,mRNA,mKalama1,1.0
2200,550.0,topo,topoI,0.25
2200,550.0,topo,gyrase,0.25
2200,550.0,RNAP,RNAP,1.0
2200,550.0,mRNA,tetA,8.0
2200,550.0,mRNA,Raspberry,2.0
2200,550.0,mRNA,mKalama1,1.0
2201,550.25,topo,topoI,0.25
2201,550.25,topo,gyrase,0.25
2201,550.25,RNAP,RNAP,1.0
2201,550.25,mRNA,tetA,8.0
2201,550.25,mRNA,Raspberry,2.0
2201,550.25,mRNA,mKalama1,1.0
2202,550.5,topo,topoI,0.25
2202,550.5,topo,gyrase,0.25
2202,550.5,RNAP,RNAP,1.0
2202,550.5,mRNA,tetA,8.0
2202,550.5,mRNA,Raspberry,2.0
2202,550.5,mRNA,mKalama1,1.0
2203,550.75,topo,topoI,0.25
2203,550.75,topo,gyrase,0.25
2203,550.75,RNAP,RNAP,1.0
2203,550.75,mRNA,tetA,8.0
2203,550.75,mRNA,Raspberry,2.0
2203,550.75,mRNA,mKalama1,1.0
2204,551.0,topo,topoI,0.25
2204,551.0,topo,gyrase,0.25
2204,551.0,RNAP,RNAP,1.0
2204,551.0,mRNA,tetA,8.0
2204,551.0,mRNA,Raspberry,2.0
2204,551.0,mRNA,mKalama1,1.0
2205,551.25,topo,topoI,0.25
2205,551.25,topo,gyrase,0.25
2205,551.25,RNAP,RNAP,1.0
2205,551.25,mRNA,tetA,8.0
2205,551.25,mRNA,Raspberry,2.0
2205,551.25,mRNA,mKalama1,1.0
2206,551.5,topo,topoI,0.25
2206,551.5,topo,gyrase,0.25
2206,551.5,RNAP,RNAP,1.0
2206,551.5,mRNA,tetA,8.0
2206,551.5,mRNA,Raspberry,2.0
2206,551.5,mRNA,mKalama1,1.0
2207,551.75,topo,topoI,0.25
2207,551.75,topo,gyrase,0.25
2207,551.75,RNAP,RNAP,1.0
2207,551.75,mRNA,tetA,8.0
2207,551.75,mRNA,Raspberry,2.0
2207,551.75,mRNA,mKalama1,1.0
2208,552.0,topo,topoI,0.25
2208,552.0,topo,gyrase,0.25
2208,552.0,RNAP,RNAP,1.0
2208,552.0,mRNA,tetA,8.0
2208,552.0,mRNA,Raspberry,2.0
2208,552.0,mRNA,mKalama1,1.0
2209,552.25,topo,topoI,0.25
2209,552.25,topo,gyrase,0.25
2209,552.25,RNAP,RNAP,1.0
2209,552.25,mRNA,tetA,8.0
2209,552.25,mRNA,Raspberry,2.0
2209,552.25,mRNA,mKalama1,1.0
2210,552.5,topo,topoI,0.25
2210,552.5,topo,gyrase,0.25
2210,552.5,RNAP,RNAP,1.0
2210,552.5,mRNA,tetA,8.0
2210,552.5,mRNA,Raspberry,2.0
2210,552.5,mRNA,mKalama1,1.0
2211,552.75,topo,topoI,0.25
2211,552.75,topo,gyrase,0.25
2211,552.75,RNAP,RNAP,1.0
2211,552.75,mRNA,tetA,8.0
2211,552.75,mRNA,Raspberry,2.0
2211,552.75,mRNA,mKalama1,1.0
2212,553.0,topo,topoI,0.25
2212,553.0,topo,gyrase,0.25
2212,553.0,RNAP,RNAP,1.0
2212,553.0,mRNA,tetA,8.0
2212,553.0,mRNA,Raspberry,2.0
2212,553.0,mRNA,mKalama1,1.0
2213,553.25,topo,topoI,0.25
2213,553.25,topo,gyrase,0.25
2213,553.25,RNAP,RNAP,1.0
2213,553.25,mRNA,tetA,8.0
2213,553.25,mRNA,Raspberry,2.0
2213,553.25,mRNA,mKalama1,1.0
2214,553.5,topo,topoI,0.25
2214,553.5,topo,gyrase,0.25
2214,553.5,RNAP,RNAP,1.0
2214,553.5,mRNA,tetA,8.0
2214,553.5,mRNA,Raspberry,2.0
2214,553.5,mRNA,mKalama1,1.0
2215,553.75,topo,topoI,0.25
2215,553.75,topo,gyrase,0.25
2215,553.75,RNAP,RNAP,1.0
2215,553.75,mRNA,tetA,8.0
2215,553.75,mRNA,Raspberry,2.0
2215,553.75,mRNA,mKalama1,1.0
2216,554.0,topo,topoI,0.25
2216,554.0,topo,gyrase,0.25
2216,554.0,RNAP,RNAP,1.0
2216,554.0,mRNA,tetA,8.0
2216,554.0,mRNA,Raspberry,2.0
2216,554.0,mRNA,mKalama1,1.0
2217,554.25,topo,topoI,0.25
2217,554.25,topo,gyrase,0.25
2217,554.25,RNAP,RNAP,1.0
2217,554.25,mRNA,tetA,8.0
2217,554.25,mRNA,Raspberry,2.0
2217,554.25,mRNA,mKalama1,1.0
2218,554.5,topo,topoI,0.25
2218,554.5,topo,gyrase,0.25
2218,554.5,RNAP,RNAP,1.0
2218,554.5,mRNA,tetA,8.0
2218,554.5,mRNA,Raspberry,2.0
2218,554.5,mRNA,mKalama1,1.0
2219,554.75,topo,topoI,0.25
2219,554.75,topo,gyrase,0.25
2219,554.75,RNAP,RNAP,1.0
2219,554.75,mRNA,tetA,8.0
2219,554.75,mRNA,Raspberry,2.0
2219,554.75,mRNA,mKalama1,1.0
2220,555.0,topo,topoI,0.25
2220,555.0,topo,gyrase,0.25
2220,555.0,RNAP,RNAP,1.0
2220,555.0,mRNA,tetA,8.0
2220,555.0,mRNA,Raspberry,2.0
2220,555.0,mRNA,mKalama1,1.0
2221,555.25,topo,topoI,0.25
2221,555.25,topo,gyrase,0.25
2221,555.25,RNAP,RNAP,1.0
2221,555.25,mRNA,tetA,8.0
2221,555.25,mRNA,Raspberry,2.0
2221,555.25,mRNA,mKalama1,1.0
2222,555.5,topo,topoI,0.25
2222,555.5,topo,gyrase,0.25
2222,555.5,RNAP,RNAP,1.0
2222,555.5,mRNA,tetA,8.0
2222,555.5,mRNA,Raspberry,2.0
2222,555.5,mRNA,mKalama1,1.0
2223,555.75,topo,topoI,0.25
2223,555.75,topo,gyrase,0.25
2223,555.75,RNAP,RNAP,1.0
2223,555.75,mRNA,tetA,8.0
2223,555.75,mRNA,Raspberry,2.0
2223,555.75,mRNA,mKalama1,1.0
2224,556.0,topo,topoI,0.25
2224,556.0,topo,gyrase,0.25
2224,556.0,RNAP,RNAP,1.0
2224,556.0,mRNA,tetA,8.0
2224,556.0,mRNA,Raspberry,2.0
2224,556.0,mRNA,mKalama1,1.0
2225,556.25,topo,topoI,0.25
2225,556.25,topo,gyrase,0.25
2225,556.25,RNAP,RNAP,1.0
2225,556.25,mRNA,tetA,8.0
2225,556.25,mRNA,Raspberry,2.0
2225,556.25,mRNA,mKalama1,1.0
2226,556.5,topo,topoI,0.25
2226,556.5,topo,gyrase,0.25
2226,556.5,RNAP,RNAP,1.0
2226,556.5,mRNA,tetA,8.0
2226,556.5,mRNA,Raspberry,2.0
2226,556.5,mRNA,mKalama1,1.0
2227,556.75,topo,topoI,0.25
2227,556.75,topo,gyrase,0.25
2227,556.75,RNAP,RNAP,1.0
2227,556.75,mRNA,tetA,8.0
2227,556.75,mRNA,Raspberry,2.0
2227,556.75,mRNA,mKalama1,1.0
2228,557.0,topo,topoI,0.25
2228,557.0,topo,gyrase,0.25
2228,557.0,RNAP,RNAP,1.0
2228,557.0,mRNA,tetA,8.0
2228,557.0,mRNA,Raspberry,2.0
2228,557.0,mRNA,mKalama1,1.0
2229,557.25,topo,topoI,0.25
2229,557.25,topo,gyrase,0.25
2229,557.25,RNAP,RNAP,1.0
2229,557.25,mRNA,tetA,8.0
2229,557.25,mRNA,Raspberry,2.0
2229,557.25,mRNA,mKalama1,1.0
2230,557.5,topo,topoI,0.25
2230,557.5,topo,gyrase,0.25
2230,557.5,RNAP,RNAP,1.0
2230,557.5,mRNA,tetA,8.0
2230,557.5,mRNA,Raspberry,2.0
2230,557.5,mRNA,mKalama1,1.0
2231,557.75,topo,topoI,0.25
2231,557.75,topo,gyrase,0.25
2231,557.75,RNAP,RNAP,1.0
2231,557.75,mRNA,tetA,8.0
2231,557.75,mRNA,Raspberry,2.0
2231,557.75,mRNA,mKalama1,1.0
2232,558.0,topo,topoI,0.25
2232,558.0,topo,gyrase,0.25
2232,558.0,RNAP,RNAP,1.0
2232,558.0,mRNA,tetA,8.0
2232,558.0,mRNA,Raspberry,2.0
2232,558.0,mRNA,mKalama1,1.0
2233,558.25,topo,topoI,0.25
2233,558.25,topo,gyrase,0.25
2233,558.25,RNAP,RNAP,1.0
2233,558.25,mRNA,tetA,8.0
2233,558.25,mRNA,Raspberry,2.0
2233,558.25,mRNA,mKalama1,1.0
2234,558.5,topo,topoI,0.25
2234,558.5,topo,gyrase,0.25
2234,558.5,RNAP,RNAP,1.0
2234,558.5,mRNA,tetA,8.0
2234,558.5,mRNA,Raspberry,2.0
2234,558.5,mRNA,mKalama1,1.0
2235,558.75,topo,topoI,0.25
2235,558.75,topo,gyrase,0.25
2235,558.75,RNAP,RNAP,1.0
2235,558.75,mRNA,tetA,8.0
2235,558.75,mRNA,Raspberry,2.0
2235,558.75,mRNA,mKalama1,1.0
2236,559.0,topo,topoI,0.25
2236,559.0,topo,gyrase,0.25
2236,559.0,RNAP,RNAP,1.0
2236,559.0,mRNA,tetA,8.0
2236,559.0,mRNA,Raspberry,2.0
2236,559.0,mRNA,mKalama1,1.0
2237,559.25,topo,topoI,0.25
2237,559.25,topo,gyrase,0.25
2237,559.25,RNAP,RNAP,1.0
2237,559.25,mRNA,tetA,8.0
2237,559.25,mRNA,Raspberry,2.0
2237,559.25,mRNA,mKalama1,1.0
2238,559.5,topo,topoI,0.25
2238,559.5,topo,gyrase,0.25
2238,559.5,RNAP,RNAP,1.0
2238,559.5,mRNA,tetA,8.0
2238,559.5,mRNA,Raspberry,2.0
2238,559.5,mRNA,mKalama1,1.0
2239,559.75,topo,topoI,0.25
2239,559.75,topo,gyrase,0.25
2239,559.75,RNAP,RNAP,1.0
2239,559.75,mRNA,tetA,8.0
2239,559.75,mRNA,Raspberry,2.0
2239,559.75,mRNA,mKalama1,1.0
2240,560.0,topo,topoI,0.25
2240,560.0,topo,gyrase,0.25
2240,560.0,RNAP,RNAP,1.0
2240,560.0,mRNA,tetA,8.0
2240,560.0,mRNA,Raspberry,2.0
2240,560.0,mRNA,mKalama1,1.0
2241,560.25,topo,topoI,0.25
2241,560.25,topo,gyrase,0.25
2241,560.25,RNAP,RNAP,1.0
2241,560.25,mRNA,tetA,8.0
2241,560.25,mRNA,Raspberry,2.0
2241,560.25,mRNA,mKalama1,1.0
2242,560.5,topo,topoI,0.25
2242,560.5,topo,gyrase,0.25
2242,560.5,RNAP,RNAP,1.0
2242,560.5,mRNA,tetA,8.0
2242,560.5,mRNA,Raspberry,2.0
2242,560.5,mRNA,mKalama1,1.0
2243,560.75,topo,topoI,0.25
2243,560.75,topo,gyrase,0.25
2243,560.75,RNAP,RNAP,1.0
2243,560.75,mRNA,tetA,8.0
2243,560.75,mRNA,Raspberry,2.0
2243,560.75,mRNA,mKalama1,1.0
2244,561.0,topo,topoI,0.25
2244,561.0,topo,gyrase,0.25
2244,561.0,RNAP,RNAP,1.0
2244,561.0,mRNA,tetA,8.0
2244,561.0,mRNA,Raspberry,2.0
2244,561.0,mRNA,mKalama1,1.0
2245,561.25,topo,topoI,0.25
2245,561.25,topo,gyrase,0.25
2245,561.25,RNAP,RNAP,1.0
2245,561.25,mRNA,tetA,8.0
2245,561.25,mRNA,Raspberry,2.0
2245,561.25,mRNA,mKalama1,1.0
2246,561.5,topo,topoI,0.25
2246,561.5,topo,gyrase,0.25
2246,561.5,RNAP,RNAP,1.0
2246,561.5,mRNA,tetA,8.0
2246,561.5,mRNA,Raspberry,2.0
2246,561.5,mRNA,mKalama1,1.0
2247,561.75,topo,topoI,0.25
2247,561.75,topo,gyrase,0.25
2247,561.75,RNAP,RNAP,1.0
2247,561.75,mRNA,tetA,8.0
2247,561.75,mRNA,Raspberry,2.0
2247,561.75,mRNA,mKalama1,1.0
2248,562.0,topo,topoI,0.25
2248,562.0,topo,gyrase,0.25
2248,562.0,RNAP,RNAP,1.0
2248,562.0,mRNA,tetA,8.0
2248,562.0,mRNA,Raspberry,2.0
2248,562.0,mRNA,mKalama1,1.0
2249,562.25,topo,topoI,0.25
2249,562.25,topo,gyrase,0.25
2249,562.25,RNAP,RNAP,1.0
2249,562.25,mRNA,tetA,8.0
2249,562.25,mRNA,Raspberry,2.0
2249,562.25,mRNA,mKalama1,1.0
2250,562.5,topo,topoI,0.25
2250,562.5,topo,gyrase,0.25
2250,562.5,RNAP,RNAP,1.0
2250,562.5,mRNA,tetA,8.0
2250,562.5,mRNA,Raspberry,2.0
2250,562.5,mRNA,mKalama1,1.0
2251,562.75,topo,topoI,0.25
2251,562.75,topo,gyrase,0.25
2251,562.75,RNAP,RNAP,1.0
2251,562.75,mRNA,tetA,8.0
2251,562.75,mRNA,Raspberry,2.0
2251,562.75,mRNA,mKalama1,1.0
2252,563.0,topo,topoI,0.25
2252,563.0,topo,gyrase,0.25
2252,563.0,RNAP,RNAP,1.0
2252,563.0,mRNA,tetA,8.0
2252,563.0,mRNA,Raspberry,2.0
2252,563.0,mRNA,mKalama1,1.0
2253,563.25,topo,topoI,0.25
2253,563.25,topo,gyrase,0.25
2253,563.25,RNAP,RNAP,1.0
2253,563.25,mRNA,tetA,8.0
2253,563.25,mRNA,Raspberry,2.0
2253,563.25,mRNA,mKalama1,1.0
2254,563.5,topo,topoI,0.25
2254,563.5,topo,gyrase,0.25
2254,563.5,RNAP,RNAP,1.0
2254,563.5,mRNA,tetA,8.0
2254,563.5,mRNA,Raspberry,2.0
2254,563.5,mRNA,mKalama1,1.0
2255,563.75,topo,topoI,0.25
2255,563.75,topo,gyrase,0.25
2255,563.75,RNAP,RNAP,1.0
2255,563.75,mRNA,tetA,8.0
2255,563.75,mRNA,Raspberry,2.0
2255,563.75,mRNA,mKalama1,1.0
2256,564.0,topo,topoI,0.25
2256,564.0,topo,gyrase,0.25
2256,564.0,RNAP,RNAP,1.0
2256,564.0,mRNA,tetA,8.0
2256,564.0,mRNA,Raspberry,2.0
2256,564.0,mRNA,mKalama1,1.0
2257,564.25,topo,topoI,0.25
2257,564.25,topo,gyrase,0.25
2257,564.25,RNAP,RNAP,1.0
2257,564.25,mRNA,tetA,8.0
2257,564.25,mRNA,Raspberry,2.0
2257,564.25,mRNA,mKalama1,1.0
2258,564.5,topo,topoI,0.25
2258,564.5,topo,gyrase,0.25
2258,564.5,RNAP,RNAP,1.0
2258,564.5,mRNA,tetA,8.0
2258,564.5,mRNA,Raspberry,2.0
2258,564.5,mRNA,mKalama1,1.0
2259,564.75,topo,topoI,0.25
2259,564.75,topo,gyrase,0.25
2259,564.75,RNAP,RNAP,1.0
2259,564.75,mRNA,tetA,8.0
2259,564.75,mRNA,Raspberry,2.0
2259,564.75,mRNA,mKalama1,1.0
2260,565.0,topo,topoI,0.25
2260,565.0,topo,gyrase,0.25
2260,565.0,RNAP,RNAP,1.0
2260,565.0,mRNA,tetA,8.0
2260,565.0,mRNA,Raspberry,2.0
2260,565.0,mRNA,mKalama1,1.0
2261,565.25,topo,topoI,0.25
2261,565.25,topo,gyrase,0.25
2261,565.25,RNAP,RNAP,1.0
2261,565.25,mRNA,tetA,8.0
2261,565.25,mRNA,Raspberry,2.0
2261,565.25,mRNA,mKalama1,1.0
2262,565.5,topo,topoI,0.25
2262,565.5,topo,gyrase,0.25
2262,565.5,RNAP,RNAP,1.0
2262,565.5,mRNA,tetA,8.0
2262,565.5,mRNA,Raspberry,2.0
2262,565.5,mRNA,mKalama1,1.0
2263,565.75,topo,topoI,0.25
2263,565.75,topo,gyrase,0.25
2263,565.75,RNAP,RNAP,1.0
2263,565.75,mRNA,tetA,8.0
2263,565.75,mRNA,Raspberry,2.0
2263,565.75,mRNA,mKalama1,1.0
2264,566.0,topo,topoI,0.25
2264,566.0,topo,gyrase,0.25
2264,566.0,RNAP,RNAP,1.0
2264,566.0,mRNA,tetA,8.0
2264,566.0,mRNA,Raspberry,2.0
2264,566.0,mRNA,mKalama1,1.0
2265,566.25,topo,topoI,0.25
2265,566.25,topo,gyrase,0.25
2265,566.25,RNAP,RNAP,1.0
2265,566.25,mRNA,tetA,8.0
2265,566.25,mRNA,Raspberry,2.0
2265,566.25,mRNA,mKalama1,1.0
2266,566.5,topo,topoI,0.25
2266,566.5,topo,gyrase,0.25
2266,566.5,RNAP,RNAP,1.0
2266,566.5,mRNA,tetA,8.0
2266,566.5,mRNA,Raspberry,2.0
2266,566.5,mRNA,mKalama1,1.0
2267,566.75,topo,topoI,0.25
2267,566.75,topo,gyrase,0.25
2267,566.75,RNAP,RNAP,1.0
2267,566.75,mRNA,tetA,8.0
2267,566.75,mRNA,Raspberry,2.0
2267,566.75,mRNA,mKalama1,1.0
2268,567.0,topo,topoI,0.25
2268,567.0,topo,gyrase,0.25
2268,567.0,RNAP,RNAP,1.0
2268,567.0,mRNA,tetA,8.0
2268,567.0,mRNA,Raspberry,2.0
2268,567.0,mRNA,mKalama1,1.0
2269,567.25,topo,topoI,0.25
2269,567.25,topo,gyrase,0.25
2269,567.25,RNAP,RNAP,1.0
2269,567.25,mRNA,tetA,8.0
2269,567.25,mRNA,Raspberry,2.0
2269,567.25,mRNA,mKalama1,1.0
2270,567.5,topo,topoI,0.25
2270,567.5,topo,gyrase,0.25
2270,567.5,RNAP,RNAP,1.0
2270,567.5,mRNA,tetA,8.0
2270,567.5,mRNA,Raspberry,2.0
2270,567.5,mRNA,mKalama1,1.0
2271,567.75,topo,topoI,0.25
2271,567.75,topo,gyrase,0.25
2271,567.75,RNAP,RNAP,1.0
2271,567.75,mRNA,tetA,8.0
2271,567.75,mRNA,Raspberry,2.0
2271,567.75,mRNA,mKalama1,1.0
2272,568.0,topo,topoI,0.25
2272,568.0,topo,gyrase,0.25
2272,568.0,RNAP,RNAP,1.0
2272,568.0,mRNA,tetA,8.0
2272,568.0,mRNA,Raspberry,2.0
2272,568.0,mRNA,mKalama1,1.0
2273,568.25,topo,topoI,0.25
2273,568.25,topo,gyrase,0.25
2273,568.25,RNAP,RNAP,1.0
2273,568.25,mRNA,tetA,8.0
2273,568.25,mRNA,Raspberry,2.0
2273,568.25,mRNA,mKalama1,1.0
2274,568.5,topo,topoI,0.25
2274,568.5,topo,gyrase,0.25
2274,568.5,RNAP,RNAP,1.0
2274,568.5,mRNA,tetA,8.0
2274,568.5,mRNA,Raspberry,2.0
2274,568.5,mRNA,mKalama1,1.0
2275,568.75,topo,topoI,0.25
2275,568.75,topo,gyrase,0.25
2275,568.75,RNAP,RNAP,1.0
2275,568.75,mRNA,tetA,8.0
2275,568.75,mRNA,Raspberry,2.0
2275,568.75,mRNA,mKalama1,1.0
2276,569.0,topo,topoI,0.25
2276,569.0,topo,gyrase,0.25
2276,569.0,RNAP,RNAP,1.0
2276,569.0,mRNA,tetA,8.0
2276,569.0,mRNA,Raspberry,2.0
2276,569.0,mRNA,mKalama1,1.0
2277,569.25,topo,topoI,0.25
2277,569.25,topo,gyrase,0.25
2277,569.25,RNAP,RNAP,1.0
2277,569.25,mRNA,tetA,8.0
2277,569.25,mRNA,Raspberry,2.0
2277,569.25,mRNA,mKalama1,1.0
2278,569.5,topo,topoI,0.25
2278,569.5,topo,gyrase,0.25
2278,569.5,RNAP,RNAP,1.0
2278,569.5,mRNA,tetA,8.0
2278,569.5,mRNA,Raspberry,2.0
2278,569.5,mRNA,mKalama1,1.0
2279,569.75,topo,topoI,0.25
2279,569.75,topo,gyrase,0.25
2279,569.75,RNAP,RNAP,1.0
2279,569.75,mRNA,tetA,8.0
2279,569.75,mRNA,Raspberry,2.0
2279,569.75,mRNA,mKalama1,1.0
2280,570.0,topo,topoI,0.25
2280,570.0,topo,gyrase,0.25
2280,570.0,RNAP,RNAP,1.0
2280,570.0,mRNA,tetA,8.0
2280,570.0,mRNA,Raspberry,2.0
2280,570.0,mRNA,mKalama1,1.0
2281,570.25,topo,topoI,0.25
2281,570.25,topo,gyrase,0.25
2281,570.25,RNAP,RNAP,1.0
2281,570.25,mRNA,tetA,8.0
2281,570.25,mRNA,Raspberry,2.0
2281,570.25,mRNA,mKalama1,1.0
2282,570.5,topo,topoI,0.25
2282,570.5,topo,gyrase,0.25
2282,570.5,RNAP,RNAP,1.0
2282,570.5,mRNA,tetA,8.0
2282,570.5,mRNA,Raspberry,2.0
2282,570.5,mRNA,mKalama1,1.0
2283,570.75,topo,topoI,0.25
2283,570.75,topo,gyrase,0.25
2283,570.75,RNAP,RNAP,1.0
2283,570.75,mRNA,tetA,8.0
2283,570.75,mRNA,Raspberry,2.0
2283,570.75,mRNA,mKalama1,1.0
2284,571.0,topo,topoI,0.25
2284,571.0,topo,gyrase,0.25
2284,571.0,RNAP,RNAP,1.0
2284,571.0,mRNA,tetA,8.0
2284,571.0,mRNA,Raspberry,2.0
2284,571.0,mRNA,mKalama1,1.0
2285,571.25,topo,topoI,0.25
2285,571.25,topo,gyrase,0.25
2285,571.25,RNAP,RNAP,1.0
2285,571.25,mRNA,tetA,8.0
2285,571.25,mRNA,Raspberry,2.0
2285,571.25,mRNA,mKalama1,1.0
2286,571.5,topo,topoI,0.25
2286,571.5,topo,gyrase,0.25
2286,571.5,RNAP,RNAP,1.0
2286,571.5,mRNA,tetA,8.0
2286,571.5,mRNA,Raspberry,2.0
2286,571.5,mRNA,mKalama1,1.0
2287,571.75,topo,topoI,0.25
2287,571.75,topo,gyrase,0.25
2287,571.75,RNAP,RNAP,1.0
2287,571.75,mRNA,tetA,8.0
2287,571.75,mRNA,Raspberry,2.0
2287,571.75,mRNA,mKalama1,1.0
2288,572.0,topo,topoI,0.25
2288,572.0,topo,gyrase,0.25
2288,572.0,RNAP,RNAP,1.0
2288,572.0,mRNA,tetA,8.0
2288,572.0,mRNA,Raspberry,2.0
2288,572.0,mRNA,mKalama1,1.0
2289,572.25,topo,topoI,0.25
2289,572.25,topo,gyrase,0.25
2289,572.25,RNAP,RNAP,1.0
2289,572.25,mRNA,tetA,8.0
2289,572.25,mRNA,Raspberry,2.0
2289,572.25,mRNA,mKalama1,1.0
2290,572.5,topo,topoI,0.25
2290,572.5,topo,gyrase,0.25
2290,572.5,RNAP,RNAP,1.0
2290,572.5,mRNA,tetA,8.0
2290,572.5,mRNA,Raspberry,2.0
2290,572.5,mRNA,mKalama1,1.0
2291,572.75,topo,topoI,0.25
2291,572.75,topo,gyrase,0.25
2291,572.75,RNAP,RNAP,1.0
2291,572.75,mRNA,tetA,8.0
2291,572.75,mRNA,Raspberry,2.0
2291,572.75,mRNA,mKalama1,1.0
2292,573.0,topo,topoI,0.25
2292,573.0,topo,gyrase,0.25
2292,573.0,RNAP,RNAP,1.0
2292,573.0,mRNA,tetA,8.0
2292,573.0,mRNA,Raspberry,2.0
2292,573.0,mRNA,mKalama1,1.0
2293,573.25,topo,topoI,0.25
2293,573.25,topo,gyrase,0.25
2293,573.25,RNAP,RNAP,1.0
2293,573.25,mRNA,tetA,8.0
2293,573.25,mRNA,Raspberry,2.0
2293,573.25,mRNA,mKalama1,1.0
2294,573.5,topo,topoI,0.25
2294,573.5,topo,gyrase,0.25
2294,573.5,RNAP,RNAP,1.0
2294,573.5,mRNA,tetA,8.0
2294,573.5,mRNA,Raspberry,2.0
2294,573.5,mRNA,mKalama1,1.0
2295,573.75,topo,topoI,0.25
2295,573.75,topo,gyrase,0.25
2295,573.75,RNAP,RNAP,1.0
2295,573.75,mRNA,tetA,8.0
2295,573.75,mRNA,Raspberry,2.0
2295,573.75,mRNA,mKalama1,1.0
2296,574.0,topo,topoI,0.25
2296,574.0,topo,gyrase,0.25
2296,574.0,RNAP,RNAP,1.0
2296,574.0,mRNA,tetA,8.0
2296,574.0,mRNA,Raspberry,2.0
2296,574.0,mRNA,mKalama1,1.0
2297,574.25,topo,topoI,0.25
2297,574.25,topo,gyrase,0.25
2297,574.25,RNAP,RNAP,1.0
2297,574.25,mRNA,tetA,8.0
2297,574.25,mRNA,Raspberry,2.0
2297,574.25,mRNA,mKalama1,1.0
2298,574.5,topo,topoI,0.25
2298,574.5,topo,gyrase,0.25
2298,574.5,RNAP,RNAP,1.0
2298,574.5,mRNA,tetA,8.0
2298,574.5,mRNA,Raspberry,2.0
2298,574.5,mRNA,mKalama1,1.0
2299,574.75,topo,topoI,0.25
2299,574.75,topo,gyrase,0.25
2299,574.75,RNAP,RNAP,1.0
2299,574.75,mRNA,tetA,8.0
2299,574.75,mRNA,Raspberry,2.0
2299,574.75,mRNA,mKalama1,1.0
2300,575.0,topo,topoI,0.25
2300,575.0,topo,gyrase,0.25
2300,575.0,RNAP,RNAP,1.0
2300,575.0,mRNA,tetA,8.0
2300,575.0,mRNA,Raspberry,2.0
2300,575.0,mRNA,mKalama1,1.0
2301,575.25,topo,topoI,0.25
2301,575.25,topo,gyrase,0.25
2301,575.25,RNAP,RNAP,1.0
2301,575.25,mRNA,tetA,8.0
2301,575.25,mRNA,Raspberry,2.0
2301,575.25,mRNA,mKalama1,1.0
2302,575.5,topo,topoI,0.25
2302,575.5,topo,gyrase,0.25
2302,575.5,RNAP,RNAP,1.0
2302,575.5,mRNA,tetA,8.0
2302,575.5,mRNA,Raspberry,2.0
2302,575.5,mRNA,mKalama1,1.0
2303,575.75,topo,topoI,0.25
2303,575.75,topo,gyrase,0.25
2303,575.75,RNAP,RNAP,1.0
2303,575.75,mRNA,tetA,8.0
2303,575.75,mRNA,Raspberry,2.0
2303,575.75,mRNA,mKalama1,1.0
2304,576.0,topo,topoI,0.25
2304,576.0,topo,gyrase,0.25
2304,576.0,RNAP,RNAP,1.0
2304,576.0,mRNA,tetA,8.0
2304,576.0,mRNA,Raspberry,2.0
2304,576.0,mRNA,mKalama1,1.0
2305,576.25,topo,topoI,0.25
2305,576.25,topo,gyrase,0.25
2305,576.25,RNAP,RNAP,1.0
2305,576.25,mRNA,tetA,8.0
2305,576.25,mRNA,Raspberry,2.0
2305,576.25,mRNA,mKalama1,1.0
2306,576.5,topo,topoI,0.25
2306,576.5,topo,gyrase,0.25
2306,576.5,RNAP,RNAP,1.0
2306,576.5,mRNA,tetA,8.0
2306,576.5,mRNA,Raspberry,2.0
2306,576.5,mRNA,mKalama1,1.0
2307,576.75,topo,topoI,0.25
2307,576.75,topo,gyrase,0.25
2307,576.75,RNAP,RNAP,1.0
2307,576.75,mRNA,tetA,8.0
2307,576.75,mRNA,Raspberry,2.0
2307,576.75,mRNA,mKalama1,1.0
2308,577.0,topo,topoI,0.25
2308,577.0,topo,gyrase,0.25
2308,577.0,RNAP,RNAP,1.0
2308,577.0,mRNA,tetA,8.0
2308,577.0,mRNA,Raspberry,2.0
2308,577.0,mRNA,mKalama1,1.0
2309,577.25,topo,topoI,0.25
2309,577.25,topo,gyrase,0.25
2309,577.25,RNAP,RNAP,1.0
2309,577.25,mRNA,tetA,8.0
2309,577.25,mRNA,Raspberry,2.0
2309,577.25,mRNA,mKalama1,1.0
2310,577.5,topo,topoI,0.25
2310,577.5,topo,gyrase,0.25
2310,577.5,RNAP,RNAP,1.0
2310,577.5,mRNA,tetA,8.0
2310,577.5,mRNA,Raspberry,2.0
2310,577.5,mRNA,mKalama1,1.0
2311,577.75,topo,topoI,0.25
2311,577.75,topo,gyrase,0.25
2311,577.75,RNAP,RNAP,1.0
2311,577.75,mRNA,tetA,8.0
2311,577.75,mRNA,Raspberry,2.0
2311,577.75,mRNA,mKalama1,1.0
2312,578.0,topo,topoI,0.25
2312,578.0,topo,gyrase,0.25
2312,578.0,RNAP,RNAP,1.0
2312,578.0,mRNA,tetA,8.0
2312,578.0,mRNA,Raspberry,2.0
2312,578.0,mRNA,mKalama1,1.0
2313,578.25,topo,topoI,0.25
2313,578.25,topo,gyrase,0.25
2313,578.25,RNAP,RNAP,1.0
2313,578.25,mRNA,tetA,8.0
2313,578.25,mRNA,Raspberry,2.0
2313,578.25,mRNA,mKalama1,1.0
2314,578.5,topo,topoI,0.25
2314,578.5,topo,gyrase,0.25
2314,578.5,RNAP,RNAP,1.0
2314,578.5,mRNA,tetA,8.0
2314,578.5,mRNA,Raspberry,2.0
2314,578.5,mRNA,mKalama1,1.0
2315,578.75,topo,topoI,0.25
2315,578.75,topo,gyrase,0.25
2315,578.75,RNAP,RNAP,1.0
2315,578.75,mRNA,tetA,8.0
2315,578.75,mRNA,Raspberry,2.0
2315,578.75,mRNA,mKalama1,1.0
2316,579.0,topo,topoI,0.25
2316,579.0,topo,gyrase,0.25
2316,579.0,RNAP,RNAP,1.0
2316,579.0,mRNA,tetA,8.0
2316,579.0,mRNA,Raspberry,2.0
2316,579.0,mRNA,mKalama1,1.0
2317,579.25,topo,topoI,0.25
2317,579.25,topo,gyrase,0.25
2317,579.25,RNAP,RNAP,1.0
2317,579.25,mRNA,tetA,8.0
2317,579.25,mRNA,Raspberry,2.0
2317,579.25,mRNA,mKalama1,1.0
2318,579.5,topo,topoI,0.25
2318,579.5,topo,gyrase,0.25
2318,579.5,RNAP,RNAP,1.0
2318,579.5,mRNA,tetA,8.0
2318,579.5,mRNA,Raspberry,2.0
2318,579.5,mRNA,mKalama1,1.0
2319,579.75,topo,topoI,0.25
2319,579.75,topo,gyrase,0.25
2319,579.75,RNAP,RNAP,1.0
2319,579.75,mRNA,tetA,8.0
2319,579.75,mRNA,Raspberry,2.0
2319,579.75,mRNA,mKalama1,1.0
2320,580.0,topo,topoI,0.25
2320,580.0,topo,gyrase,0.25
2320,580.0,RNAP,RNAP,1.0
2320,580.0,mRNA,tetA,8.0
2320,580.0,mRNA,Raspberry,2.0
2320,580.0,mRNA,mKalama1,1.0
2321,580.25,topo,topoI,0.25
2321,580.25,topo,gyrase,0.25
2321,580.25,RNAP,RNAP,1.0
2321,580.25,mRNA,tetA,8.0
2321,580.25,mRNA,Raspberry,2.0
2321,580.25,mRNA,mKalama1,1.0
2322,580.5,topo,topoI,0.25
2322,580.5,topo,gyrase,0.25
2322,580.5,RNAP,RNAP,1.0
2322,580.5,mRNA,tetA,8.0
2322,580.5,mRNA,Raspberry,2.0
2322,580.5,mRNA,mKalama1,1.0
2323,580.75,topo,topoI,0.25
2323,580.75,topo,gyrase,0.25
2323,580.75,RNAP,RNAP,1.0
2323,580.75,mRNA,tetA,8.0
2323,580.75,mRNA,Raspberry,2.0
2323,580.75,mRNA,mKalama1,1.0
2324,581.0,topo,topoI,0.25
2324,581.0,topo,gyrase,0.25
2324,581.0,RNAP,RNAP,1.0
2324,581.0,mRNA,tetA,8.0
2324,581.0,mRNA,Raspberry,2.0
2324,581.0,mRNA,mKalama1,1.0
2325,581.25,topo,topoI,0.25
2325,581.25,topo,gyrase,0.25
2325,581.25,RNAP,RNAP,1.0
2325,581.25,mRNA,tetA,8.0
2325,581.25,mRNA,Raspberry,2.0
2325,581.25,mRNA,mKalama1,1.0
2326,581.5,topo,topoI,0.25
2326,581.5,topo,gyrase,0.25
2326,581.5,RNAP,RNAP,1.0
2326,581.5,mRNA,tetA,8.0
2326,581.5,mRNA,Raspberry,2.0
2326,581.5,mRNA,mKalama1,1.0
2327,581.75,topo,topoI,0.25
2327,581.75,topo,gyrase,0.25
2327,581.75,RNAP,RNAP,1.0
2327,581.75,mRNA,tetA,8.0
2327,581.75,mRNA,Raspberry,2.0
2327,581.75,mRNA,mKalama1,1.0
2328,582.0,topo,topoI,0.25
2328,582.0,topo,gyrase,0.25
2328,582.0,RNAP,RNAP,1.0
2328,582.0,mRNA,tetA,8.0
2328,582.0,mRNA,Raspberry,2.0
2328,582.0,mRNA,mKalama1,1.0
2329,582.25,topo,topoI,0.25
2329,582.25,topo,gyrase,0.25
2329,582.25,RNAP,RNAP,1.0
2329,582.25,mRNA,tetA,8.0
2329,582.25,mRNA,Raspberry,2.0
2329,582.25,mRNA,mKalama1,1.0
2330,582.5,topo,topoI,0.25
2330,582.5,topo,gyrase,0.25
2330,582.5,RNAP,RNAP,1.0
2330,582.5,mRNA,tetA,8.0
2330,582.5,mRNA,Raspberry,2.0
2330,582.5,mRNA,mKalama1,1.0
2331,582.75,topo,topoI,0.25
2331,582.75,topo,gyrase,0.25
2331,582.75,RNAP,RNAP,1.0
2331,582.75,mRNA,tetA,8.0
2331,582.75,mRNA,Raspberry,2.0
2331,582.75,mRNA,mKalama1,1.0
2332,583.0,topo,topoI,0.25
2332,583.0,topo,gyrase,0.25
2332,583.0,RNAP,RNAP,1.0
2332,583.0,mRNA,tetA,8.0
2332,583.0,mRNA,Raspberry,2.0
2332,583.0,mRNA,mKalama1,1.0
2333,583.25,topo,topoI,0.25
2333,583.25,topo,gyrase,0.25
2333,583.25,RNAP,RNAP,1.0
2333,583.25,mRNA,tetA,8.0
2333,583.25,mRNA,Raspberry,2.0
2333,583.25,mRNA,mKalama1,1.0
2334,583.5,topo,topoI,0.25
2334,583.5,topo,gyrase,0.25
2334,583.5,RNAP,RNAP,1.0
2334,583.5,mRNA,tetA,8.0
2334,583.5,mRNA,Raspberry,2.0
2334,583.5,mRNA,mKalama1,1.0
2335,583.75,topo,topoI,0.25
2335,583.75,topo,gyrase,0.25
2335,583.75,RNAP,RNAP,1.0
2335,583.75,mRNA,tetA,8.0
2335,583.75,mRNA,Raspberry,2.0
2335,583.75,mRNA,mKalama1,1.0
2336,584.0,topo,topoI,0.25
2336,584.0,topo,gyrase,0.25
2336,584.0,RNAP,RNAP,1.0
2336,584.0,mRNA,tetA,8.0
2336,584.0,mRNA,Raspberry,2.0
2336,584.0,mRNA,mKalama1,1.0
2337,584.25,topo,topoI,0.25
2337,584.25,topo,gyrase,0.25
2337,584.25,RNAP,RNAP,1.0
2337,584.25,mRNA,tetA,8.0
2337,584.25,mRNA,Raspberry,2.0
2337,584.25,mRNA,mKalama1,1.0
2338,584.5,topo,topoI,0.25
2338,584.5,topo,gyrase,0.25
2338,584.5,RNAP,RNAP,1.0
2338,584.5,mRNA,tetA,8.0
2338,584.5,mRNA,Raspberry,2.0
2338,584.5,mRNA,mKalama1,1.0
2339,584.75,topo,topoI,0.25
2339,584.75,topo,gyrase,0.25
2339,584.75,RNAP,RNAP,1.0
2339,584.75,mRNA,tetA,8.0
2339,584.75,mRNA,Raspberry,2.0
2339,584.75,mRNA,mKalama1,1.0
2340,585.0,topo,topoI,0.25
2340,585.0,topo,gyrase,0.25
2340,585.0,RNAP,RNAP,1.0
2340,585.0,mRNA,tetA,8.0
2340,585.0,mRNA,Raspberry,2.0
2340,585.0,mRNA,mKalama1,1.0
2341,585.25,topo,topoI,0.25
2341,585.25,topo,gyrase,0.25
2341,585.25,RNAP,RNAP,1.0
2341,585.25,mRNA,tetA,8.0
2341,585.25,mRNA,Raspberry,2.0
2341,585.25,mRNA,mKalama1,1.0
2342,585.5,topo,topoI,0.25
2342,585.5,topo,gyrase,0.25
2342,585.5,RNAP,RNAP,1.0
2342,585.5,mRNA,tetA,8.0
2342,585.5,mRNA,Raspberry,2.0
2342,585.5,mRNA,mKalama1,1.0
2343,585.75,topo,topoI,0.25
2343,585.75,topo,gyrase,0.25
2343,585.75,RNAP,RNAP,1.0
2343,585.75,mRNA,tetA,8.0
2343,585.75,mRNA,Raspberry,2.0
2343,585.75,mRNA,mKalama1,1.0
2344,586.0,topo,topoI,0.25
2344,586.0,topo,gyrase,0.25
2344,586.0,RNAP,RNAP,1.0
2344,586.0,mRNA,tetA,8.0
2344,586.0,mRNA,Raspberry,2.0
2344,586.0,mRNA,mKalama1,1.0
2345,586.25,topo,topoI,0.25
2345,586.25,topo,gyrase,0.25
2345,586.25,RNAP,RNAP,1.0
2345,586.25,mRNA,tetA,8.0
2345,586.25,mRNA,Raspberry,2.0
2345,586.25,mRNA,mKalama1,1.0
2346,586.5,topo,topoI,0.25
2346,586.5,topo,gyrase,0.25
2346,586.5,RNAP,RNAP,1.0
2346,586.5,mRNA,tetA,8.0
2346,586.5,mRNA,Raspberry,2.0
2346,586.5,mRNA,mKalama1,1.0
2347,586.75,topo,topoI,0.25
2347,586.75,topo,gyrase,0.25
2347,586.75,RNAP,RNAP,1.0
2347,586.75,mRNA,tetA,8.0
2347,586.75,mRNA,Raspberry,2.0
2347,586.75,mRNA,mKalama1,1.0
2348,587.0,topo,topoI,0.25
2348,587.0,topo,gyrase,0.25
2348,587.0,RNAP,RNAP,1.0
2348,587.0,mRNA,tetA,8.0
2348,587.0,mRNA,Raspberry,2.0
2348,587.0,mRNA,mKalama1,1.0
2349,587.25,topo,topoI,0.25
2349,587.25,topo,gyrase,0.25
2349,587.25,RNAP,RNAP,1.0
2349,587.25,mRNA,tetA,8.0
2349,587.25,mRNA,Raspberry,2.0
2349,587.25,mRNA,mKalama1,1.0
2350,587.5,topo,topoI,0.25
2350,587.5,topo,gyrase,0.25
2350,587.5,RNAP,RNAP,1.0
2350,587.5,mRNA,tetA,8.0
2350,587.5,mRNA,Raspberry,2.0
2350,587.5,mRNA,mKalama1,1.0
2351,587.75,topo,topoI,0.25
2351,587.75,topo,gyrase,0.25
2351,587.75,RNAP,RNAP,1.0
2351,587.75,mRNA,tetA,8.0
2351,587.75,mRNA,Raspberry,2.0
2351,587.75,mRNA,mKalama1,1.0
2352,588.0,topo,topoI,0.25
2352,588.0,topo,gyrase,0.25
2352,588.0,RNAP,RNAP,1.0
2352,588.0,mRNA,tetA,8.0
2352,588.0,mRNA,Raspberry,2.0
2352,588.0,mRNA,mKalama1,1.0
2353,588.25,topo,topoI,0.25
2353,588.25,topo,gyrase,0.25
2353,588.25,RNAP,RNAP,1.0
2353,588.25,mRNA,tetA,8.0
2353,588.25,mRNA,Raspberry,2.0
2353,588.25,mRNA,mKalama1,1.0
2354,588.5,topo,topoI,0.25
2354,588.5,topo,gyrase,0.25
2354,588.5,RNAP,RNAP,1.0
2354,588.5,mRNA,tetA,8.0
2354,588.5,mRNA,Raspberry,2.0
2354,588.5,mRNA,mKalama1,1.0
2355,588.75,topo,topoI,0.25
2355,588.75,topo,gyrase,0.25
2355,588.75,RNAP,RNAP,1.0
2355,588.75,mRNA,tetA,8.0
2355,588.75,mRNA,Raspberry,2.0
2355,588.75,mRNA,mKalama1,1.0
2356,589.0,topo,topoI,0.25
2356,589.0,topo,gyrase,0.25
2356,589.0,RNAP,RNAP,1.0
2356,589.0,mRNA,tetA,8.0
2356,589.0,mRNA,Raspberry,2.0
2356,589.0,mRNA,mKalama1,1.0
2357,589.25,topo,topoI,0.25
2357,589.25,topo,gyrase,0.25
2357,589.25,RNAP,RNAP,1.0
2357,589.25,mRNA,tetA,8.0
2357,589.25,mRNA,Raspberry,2.0
2357,589.25,mRNA,mKalama1,1.0
2358,589.5,topo,topoI,0.25
2358,589.5,topo,gyrase,0.25
2358,589.5,RNAP,RNAP,1.0
2358,589.5,mRNA,tetA,8.0
2358,589.5,mRNA,Raspberry,2.0
2358,589.5,mRNA,mKalama1,1.0
2359,589.75,topo,topoI,0.25
2359,589.75,topo,gyrase,0.25
2359,589.75,RNAP,RNAP,1.0
2359,589.75,mRNA,tetA,8.0
2359,589.75,mRNA,Raspberry,2.0
2359,589.75,mRNA,mKalama1,1.0
2360,590.0,topo,topoI,0.25
2360,590.0,topo,gyrase,0.25
2360,590.0,RNAP,RNAP,1.0
2360,590.0,mRNA,tetA,8.0
2360,590.0,mRNA,Raspberry,2.0
2360,590.0,mRNA,mKalama1,1.0
2361,590.25,topo,topoI,0.25
2361,590.25,topo,gyrase,0.25
2361,590.25,RNAP,RNAP,1.0
2361,590.25,mRNA,tetA,8.0
2361,590.25,mRNA,Raspberry,2.0
2361,590.25,mRNA,mKalama1,1.0
2362,590.5,topo,topoI,0.25
2362,590.5,topo,gyrase,0.25
2362,590.5,RNAP,RNAP,1.0
2362,590.5,mRNA,tetA,8.0
2362,590.5,mRNA,Raspberry,2.0
2362,590.5,mRNA,mKalama1,1.0
2363,590.75,topo,topoI,0.25
2363,590.75,topo,gyrase,0.25
2363,590.75,RNAP,RNAP,1.0
2363,590.75,mRNA,tetA,8.0
2363,590.75,mRNA,Raspberry,2.0
2363,590.75,mRNA,mKalama1,1.0
2364,591.0,topo,topoI,0.25
2364,591.0,topo,gyrase,0.25
2364,591.0,RNAP,RNAP,1.0
2364,591.0,mRNA,tetA,8.0
2364,591.0,mRNA,Raspberry,2.0
2364,591.0,mRNA,mKalama1,1.0
2365,591.25,topo,topoI,0.25
2365,591.25,topo,gyrase,0.25
2365,591.25,RNAP,RNAP,1.0
2365,591.25,mRNA,tetA,8.0
2365,591.25,mRNA,Raspberry,2.0
2365,591.25,mRNA,mKalama1,1.0
2366,591.5,topo,topoI,0.25
2366,591.5,topo,gyrase,0.25
2366,591.5,RNAP,RNAP,1.0
2366,591.5,mRNA,tetA,8.0
2366,591.5,mRNA,Raspberry,2.0
2366,591.5,mRNA,mKalama1,1.0
2367,591.75,topo,topoI,0.25
2367,591.75,topo,gyrase,0.25
2367,591.75,RNAP,RNAP,1.0
2367,591.75,mRNA,tetA,8.0
2367,591.75,mRNA,Raspberry,2.0
2367,591.75,mRNA,mKalama1,1.0
2368,592.0,topo,topoI,0.25
2368,592.0,topo,gyrase,0.25
2368,592.0,RNAP,RNAP,1.0
2368,592.0,mRNA,tetA,8.0
2368,592.0,mRNA,Raspberry,2.0
2368,592.0,mRNA,mKalama1,1.0
2369,592.25,topo,topoI,0.25
2369,592.25,topo,gyrase,0.25
2369,592.25,RNAP,RNAP,1.0
2369,592.25,mRNA,tetA,8.0
2369,592.25,mRNA,Raspberry,2.0
2369,592.25,mRNA,mKalama1,1.0
2370,592.5,topo,topoI,0.25
2370,592.5,topo,gyrase,0.25
2370,592.5,RNAP,RNAP,1.0
2370,592.5,mRNA,tetA,8.0
2370,592.5,mRNA,Raspberry,2.0
2370,592.5,mRNA,mKalama1,1.0
2371,592.75,topo,topoI,0.25
2371,592.75,topo,gyrase,0.25
2371,592.75,RNAP,RNAP,1.0
2371,592.75,mRNA,tetA,8.0
2371,592.75,mRNA,Raspberry,2.0
2371,592.75,mRNA,mKalama1,1.0
2372,593.0,topo,topoI,0.25
2372,593.0,topo,gyrase,0.25
2372,593.0,RNAP,RNAP,1.0
2372,593.0,mRNA,tetA,8.0
2372,593.0,mRNA,Raspberry,2.0
2372,593.0,mRNA,mKalama1,1.0
2373,593.25,topo,topoI,0.25
2373,593.25,topo,gyrase,0.25
2373,593.25,RNAP,RNAP,1.0
2373,593.25,mRNA,tetA,8.0
2373,593.25,mRNA,Raspberry,2.0
2373,593.25,mRNA,mKalama1,1.0
2374,593.5,topo,topoI,0.25
2374,593.5,topo,gyrase,0.25
2374,593.5,RNAP,RNAP,1.0
2374,593.5,mRNA,tetA,8.0
2374,593.5,mRNA,Raspberry,2.0
2374,593.5,mRNA,mKalama1,1.0
2375,593.75,topo,topoI,0.25
2375,593.75,topo,gyrase,0.25
2375,593.75,RNAP,RNAP,1.0
2375,593.75,mRNA,tetA,8.0
2375,593.75,mRNA,Raspberry,2.0
2375,593.75,mRNA,mKalama1,1.0
2376,594.0,topo,topoI,0.25
2376,594.0,topo,gyrase,0.25
2376,594.0,RNAP,RNAP,1.0
2376,594.0,mRNA,tetA,8.0
2376,594.0,mRNA,Raspberry,2.0
2376,594.0,mRNA,mKalama1,1.0
2377,594.25,topo,topoI,0.25
2377,594.25,topo,gyrase,0.25
2377,594.25,RNAP,RNAP,1.0
2377,594.25,mRNA,tetA,8.0
2377,594.25,mRNA,Raspberry,2.0
2377,594.25,mRNA,mKalama1,1.0
2378,594.5,topo,topoI,0.25
2378,594.5,topo,gyrase,0.25
2378,594.5,RNAP,RNAP,1.0
2378,594.5,mRNA,tetA,8.0
2378,594.5,mRNA,Raspberry,2.0
2378,594.5,mRNA,mKalama1,1.0
2379,594.75,topo,topoI,0.25
2379,594.75,topo,gyrase,0.25
2379,594.75,RNAP,RNAP,1.0
2379,594.75,mRNA,tetA,8.0
2379,594.75,mRNA,Raspberry,2.0
2379,594.75,mRNA,mKalama1,1.0
2380,595.0,topo,topoI,0.25
2380,595.0,topo,gyrase,0.25
2380,595.0,RNAP,RNAP,1.0
2380,595.0,mRNA,tetA,8.0
2380,595.0,mRNA,Raspberry,2.0
2380,595.0,mRNA,mKalama1,1.0
2381,595.25,topo,topoI,0.25
2381,595.25,topo,gyrase,0.25
2381,595.25,RNAP,RNAP,1.0
2381,595.25,mRNA,tetA,8.0
2381,595.25,mRNA,Raspberry,2.0
2381,595.25,mRNA,mKalama1,1.0
2382,595.5,topo,topoI,0.25
2382,595.5,topo,gyrase,0.25
2382,595.5,RNAP,RNAP,1.0
2382,595.5,mRNA,tetA,8.0
2382,595.5,mRNA,Raspberry,2.0
2382,595.5,mRNA,mKalama1,1.0
2383,595.75,topo,topoI,0.25
2383,595.75,topo,gyrase,0.25
2383,595.75,RNAP,RNAP,1.0
2383,595.75,mRNA,tetA,8.0
2383,595.75,mRNA,Raspberry,2.0
2383,595.75,mRNA,mKalama1,1.0
2384,596.0,topo,topoI,0.25
2384,596.0,topo,gyrase,0.25
2384,596.0,RNAP,RNAP,1.0
2384,596.0,mRNA,tetA,8.0
2384,596.0,mRNA,Raspberry,2.0
2384,596.0,mRNA,mKalama1,1.0
2385,596.25,topo,topoI,0.25
2385,596.25,topo,gyrase,0.25
2385,596.25,RNAP,RNAP,1.0
2385,596.25,mRNA,tetA,8.0
2385,596.25,mRNA,Raspberry,2.0
2385,596.25,mRNA,mKalama1,1.0
2386,596.5,topo,topoI,0.25
2386,596.5,topo,gyrase,0.25
2386,596.5,RNAP,RNAP,1.0
2386,596.5,mRNA,tetA,8.0
2386,596.5,mRNA,Raspberry,2.0
2386,596.5,mRNA,mKalama1,1.0
2387,596.75,topo,topoI,0.25
2387,596.75,topo,gyrase,0.25
2387,596.75,RNAP,RNAP,1.0
2387,596.75,mRNA,tetA,8.0
2387,596.75,mRNA,Raspberry,2.0
2387,596.75,mRNA,mKalama1,1.0
2388,597.0,topo,topoI,0.25
2388,597.0,topo,gyrase,0.25
2388,597.0,RNAP,RNAP,1.0
2388,597.0,mRNA,tetA,8.0
2388,597.0,mRNA,Raspberry,2.0
2388,597.0,mRNA,mKalama1,1.0
2389,597.25,topo,topoI,0.25
2389,597.25,topo,gyrase,0.25
2389,597.25,RNAP,RNAP,1.0
2389,597.25,mRNA,tetA,8.0
2389,597.25,mRNA,Raspberry,2.0
2389,597.25,mRNA,mKalama1,1.0
2390,597.5,topo,topoI,0.25
2390,597.5,topo,gyrase,0.25
2390,597.5,RNAP,RNAP,1.0
2390,597.5,mRNA,tetA,8.0
2390,597.5,mRNA,Raspberry,2.0
2390,597.5,mRNA,mKalama1,1.0
2391,597.75,topo,topoI,0.25
2391,597.75,topo,gyrase,0.25
2391,597.75,RNAP,RNAP,1.0
2391,597.75,mRNA,tetA,8.0
2391,597.75,mRNA,Raspberry,2.0
2391,597.75,mRNA,mKalama1,1.0
2392,598.0,topo,topoI,0.25
2392,598.0,topo,gyrase,0.25
2392,598.0,RNAP,RNAP,1.0
2392,598.0,mRNA,tetA,8.0
2392,598.0,mRNA,Raspberry,2.0
2392,598.0,mRNA,mKalama1,1.0
2393,598.25,topo,topoI,0.25
2393,598.25,topo,gyrase,0.25
2393,598.25,RNAP,RNAP,1.0
2393,598.25,mRNA,tetA,8.0
2393,598.25,mRNA,Raspberry,2.0
2393,598.25,mRNA,mKalama1,1.0
2394,598.5,topo,topoI,0.25
2394,598.5,topo,gyrase,0.25
2394,598.5,RNAP,RNAP,1.0
2394,598.5,mRNA,tetA,8.0
2394,598.5,mRNA,Raspberry,2.0
2394,598.5,mRNA,mKalama1,1.0
2395,598.75,topo,topoI,0.25
2395,598.75,topo,gyrase,0.25
2395,598.75,RNAP,RNAP,1.0
2395,598.75,mRNA,tetA,8.0
2395,598.75,mRNA,Raspberry,2.0
2395,598.75,mRNA,mKalama1,1.0
2396,599.0,topo,topoI,0.25
2396,599.0,topo,gyrase,0.25
2396,599.0,RNAP,RNAP,1.0
2396,599.0,mRNA,tetA,8.0
2396,599.0,mRNA,Raspberry,2.0
2396,599.0,mRNA,mKalama1,1.0
2397,599.25,topo,topoI,0.25
2397,599.25,topo,gyrase,0.25
2397,599.25,RNAP,RNAP,1.0
2397,599.25,mRNA,tetA,8.0
2397,599.25,mRNA,Raspberry,2.0
2397,599.25,mRNA,mKalama1,1.0
2398,599.5,topo,topoI,0.25
2398,599.5,topo,gyrase,0.25
2398,599.5,RNAP,RNAP,1.0
2398,599.5,mRNA,tetA,8.0
2398,599.5,mRNA,Raspberry,2.0
2398,599.5,mRNA,mKalama1,1.0
2399,599.75,topo,topoI,0.25
2399,599.75,topo,gyrase,0.25
2399,599.75,RNAP,RNAP,1.0
2399,599.75,mRNA,tetA,8.0
2399,599.75,mRNA,Raspberry,2.0
2399,599.75,mRNA,mKalama1,1.0
2400,600.0,topo,topoI,0.25
2400,600.0,topo,gyrase,0.25
2400,600.0,RNAP,RNAP,1.0
2400,600.0,mRNA,tetA,8.0
2400,600.0,mRNA,Raspberry,2.0
2400,600.0,mRNA,mKalama1,1.0
2401,600.25,topo,topoI,0.25
2401,600.25,topo,gyrase,0.25
2401,600.25,RNAP,RNAP,1.0
2401,600.25,mRNA,tetA,8.0
2401,600.25,mRNA,Raspberry,2.0
2401,600.25,mRNA,mKalama1,1.0
2402,600.5,topo,topoI,0.25
2402,600.5,topo,gyrase,0.25
2402,600.5,RNAP,RNAP,1.0
2402,600.5,mRNA,tetA,8.0
2402,600.5,mRNA,Raspberry,2.0
2402,600.5,mRNA,mKalama1,1.0
2403,600.75,topo,topoI,0.25
2403,600.75,topo,gyrase,0.25
2403,600.75,RNAP,RNAP,1.0
2403,600.75,mRNA,tetA,8.0
2403,600.75,mRNA,Raspberry,2.0
2403,600.75,mRNA,mKalama1,1.0
2404,601.0,topo,topoI,0.25
2404,601.0,topo,gyrase,0.25
2404,601.0,RNAP,RNAP,1.0
2404,601.0,mRNA,tetA,8.0
2404,601.0,mRNA,Raspberry,2.0
2404,601.0,mRNA,mKalama1,1.0
2405,601.25,topo,topoI,0.25
2405,601.25,topo,gyrase,0.25
2405,601.25,RNAP,RNAP,1.0
2405,601.25,mRNA,tetA,8.0
2405,601.25,mRNA,Raspberry,2.0
2405,601.25,mRNA,mKalama1,1.0
2406,601.5,topo,topoI,0.25
2406,601.5,topo,gyrase,0.25
2406,601.5,RNAP,RNAP,1.0
2406,601.5,mRNA,tetA,8.0
2406,601.5,mRNA,Raspberry,2.0
2406,601.5,mRNA,mKalama1,1.0
2407,601.75,topo,topoI,0.25
2407,601.75,topo,gyrase,0.25
2407,601.75,RNAP,RNAP,1.0
2407,601.75,mRNA,tetA,8.0
2407,601.75,mRNA,Raspberry,2.0
2407,601.75,mRNA,mKalama1,1.0
2408,602.0,topo,topoI,0.25
2408,602.0,topo,gyrase,0.25
2408,602.0,RNAP,RNAP,1.0
2408,602.0,mRNA,tetA,8.0
2408,602.0,mRNA,Raspberry,2.0
2408,602.0,mRNA,mKalama1,1.0
2409,602.25,topo,topoI,0.25
2409,602.25,topo,gyrase,0.25
2409,602.25,RNAP,RNAP,1.0
2409,602.25,mRNA,tetA,8.0
2409,602.25,mRNA,Raspberry,2.0
2409,602.25,mRNA,mKalama1,1.0
2410,602.5,topo,topoI,0.25
2410,602.5,topo,gyrase,0.25
2410,602.5,RNAP,RNAP,1.0
2410,602.5,mRNA,tetA,8.0
2410,602.5,mRNA,Raspberry,2.0
2410,602.5,mRNA,mKalama1,1.0
2411,602.75,topo,topoI,0.25
2411,602.75,topo,gyrase,0.25
2411,602.75,RNAP,RNAP,1.0
2411,602.75,mRNA,tetA,8.0
2411,602.75,mRNA,Raspberry,2.0
2411,602.75,mRNA,mKalama1,1.0
2412,603.0,topo,topoI,0.25
2412,603.0,topo,gyrase,0.25
2412,603.0,RNAP,RNAP,1.0
2412,603.0,mRNA,tetA,8.0
2412,603.0,mRNA,Raspberry,2.0
2412,603.0,mRNA,mKalama1,1.0
2413,603.25,topo,topoI,0.25
2413,603.25,topo,gyrase,0.25
2413,603.25,RNAP,RNAP,1.0
2413,603.25,mRNA,tetA,8.0
2413,603.25,mRNA,Raspberry,2.0
2413,603.25,mRNA,mKalama1,1.0
2414,603.5,topo,topoI,0.25
2414,603.5,topo,gyrase,0.25
2414,603.5,RNAP,RNAP,1.0
2414,603.5,mRNA,tetA,8.0
2414,603.5,mRNA,Raspberry,2.0
2414,603.5,mRNA,mKalama1,1.0
2415,603.75,topo,topoI,0.25
2415,603.75,topo,gyrase,0.25
2415,603.75,RNAP,RNAP,1.0
2415,603.75,mRNA,tetA,8.0
2415,603.75,mRNA,Raspberry,2.0
2415,603.75,mRNA,mKalama1,1.0
2416,604.0,topo,topoI,0.25
2416,604.0,topo,gyrase,0.25
2416,604.0,RNAP,RNAP,1.0
2416,604.0,mRNA,tetA,8.0
2416,604.0,mRNA,Raspberry,2.0
2416,604.0,mRNA,mKalama1,1.0
2417,604.25,topo,topoI,0.25
2417,604.25,topo,gyrase,0.25
2417,604.25,RNAP,RNAP,1.0
2417,604.25,mRNA,tetA,8.0
2417,604.25,mRNA,Raspberry,2.0
2417,604.25,mRNA,mKalama1,1.0
2418,604.5,topo,topoI,0.25
2418,604.5,topo,gyrase,0.25
2418,604.5,RNAP,RNAP,1.0
2418,604.5,mRNA,tetA,8.0
2418,604.5,mRNA,Raspberry,2.0
2418,604.5,mRNA,mKalama1,1.0
2419,604.75,topo,topoI,0.25
2419,604.75,topo,gyrase,0.25
2419,604.75,RNAP,RNAP,1.0
2419,604.75,mRNA,tetA,8.0
2419,604.75,mRNA,Raspberry,2.0
2419,604.75,mRNA,mKalama1,1.0
2420,605.0,topo,topoI,0.25
2420,605.0,topo,gyrase,0.25
2420,605.0,RNAP,RNAP,1.0
2420,605.0,mRNA,tetA,8.0
2420,605.0,mRNA,Raspberry,2.0
2420,605.0,mRNA,mKalama1,1.0
2421,605.25,topo,topoI,0.25
2421,605.25,topo,gyrase,0.25
2421,605.25,RNAP,RNAP,1.0
2421,605.25,mRNA,tetA,8.0
2421,605.25,mRNA,Raspberry,2.0
2421,605.25,mRNA,mKalama1,1.0
2422,605.5,topo,topoI,0.25
2422,605.5,topo,gyrase,0.25
2422,605.5,RNAP,RNAP,1.0
2422,605.5,mRNA,tetA,8.0
2422,605.5,mRNA,Raspberry,2.0
2422,605.5,mRNA,mKalama1,1.0
2423,605.75,topo,topoI,0.25
2423,605.75,topo,gyrase,0.25
2423,605.75,RNAP,RNAP,1.0
2423,605.75,mRNA,tetA,8.0
2423,605.75,mRNA,Raspberry,2.0
2423,605.75,mRNA,mKalama1,1.0
2424,606.0,topo,topoI,0.25
2424,606.0,topo,gyrase,0.25
2424,606.0,RNAP,RNAP,1.0
2424,606.0,mRNA,tetA,8.0
2424,606.0,mRNA,Raspberry,2.0
2424,606.0,mRNA,mKalama1,1.0
2425,606.25,topo,topoI,0.25
2425,606.25,topo,gyrase,0.25
2425,606.25,RNAP,RNAP,1.0
2425,606.25,mRNA,tetA,8.0
2425,606.25,mRNA,Raspberry,2.0
2425,606.25,mRNA,mKalama1,1.0
2426,606.5,topo,topoI,0.25
2426,606.5,topo,gyrase,0.25
2426,606.5,RNAP,RNAP,1.0
2426,606.5,mRNA,tetA,8.0
2426,606.5,mRNA,Raspberry,2.0
2426,606.5,mRNA,mKalama1,1.0
2427,606.75,topo,topoI,0.25
2427,606.75,topo,gyrase,0.25
2427,606.75,RNAP,RNAP,1.0
2427,606.75,mRNA,tetA,8.0
2427,606.75,mRNA,Raspberry,2.0
2427,606.75,mRNA,mKalama1,1.0
2428,607.0,topo,topoI,0.25
2428,607.0,topo,gyrase,0.25
2428,607.0,RNAP,RNAP,1.0
2428,607.0,mRNA,tetA,8.0
2428,607.0,mRNA,Raspberry,2.0
2428,607.0,mRNA,mKalama1,1.0
2429,607.25,topo,topoI,0.25
2429,607.25,topo,gyrase,0.25
2429,607.25,RNAP,RNAP,1.0
2429,607.25,mRNA,tetA,8.0
2429,607.25,mRNA,Raspberry,2.0
2429,607.25,mRNA,mKalama1,1.0
2430,607.5,topo,topoI,0.25
2430,607.5,topo,gyrase,0.25
2430,607.5,RNAP,RNAP,1.0
2430,607.5,mRNA,tetA,8.0
2430,607.5,mRNA,Raspberry,2.0
2430,607.5,mRNA,mKalama1,1.0
2431,607.75,topo,topoI,0.25
2431,607.75,topo,gyrase,0.25
2431,607.75,RNAP,RNAP,1.0
2431,607.75,mRNA,tetA,8.0
2431,607.75,mRNA,Raspberry,2.0
2431,607.75,mRNA,mKalama1,1.0
2432,608.0,topo,topoI,0.25
2432,608.0,topo,gyrase,0.25
2432,608.0,RNAP,RNAP,1.0
2432,608.0,mRNA,tetA,8.0
2432,608.0,mRNA,Raspberry,2.0
2432,608.0,mRNA,mKalama1,1.0
2433,608.25,topo,topoI,0.25
2433,608.25,topo,gyrase,0.25
2433,608.25,RNAP,RNAP,1.0
2433,608.25,mRNA,tetA,8.0
2433,608.25,mRNA,Raspberry,2.0
2433,608.25,mRNA,mKalama1,1.0
2434,608.5,topo,topoI,0.25
2434,608.5,topo,gyrase,0.25
2434,608.5,RNAP,RNAP,1.0
2434,608.5,mRNA,tetA,8.0
2434,608.5,mRNA,Raspberry,2.0
2434,608.5,mRNA,mKalama1,1.0
2435,608.75,topo,topoI,0.25
2435,608.75,topo,gyrase,0.25
2435,608.75,RNAP,RNAP,1.0
2435,608.75,mRNA,tetA,8.0
2435,608.75,mRNA,Raspberry,2.0
2435,608.75,mRNA,mKalama1,1.0
2436,609.0,topo,topoI,0.25
2436,609.0,topo,gyrase,0.25
2436,609.0,RNAP,RNAP,1.0
2436,609.0,mRNA,tetA,8.0
2436,609.0,mRNA,Raspberry,2.0
2436,609.0,mRNA,mKalama1,1.0
2437,609.25,topo,topoI,0.25
2437,609.25,topo,gyrase,0.25
2437,609.25,RNAP,RNAP,1.0
2437,609.25,mRNA,tetA,8.0
2437,609.25,mRNA,Raspberry,2.0
2437,609.25,mRNA,mKalama1,1.0
2438,609.5,topo,topoI,0.25
2438,609.5,topo,gyrase,0.25
2438,609.5,RNAP,RNAP,1.0
2438,609.5,mRNA,tetA,8.0
2438,609.5,mRNA,Raspberry,2.0
2438,609.5,mRNA,mKalama1,1.0
2439,609.75,topo,topoI,0.25
2439,609.75,topo,gyrase,0.25
2439,609.75,RNAP,RNAP,1.0
2439,609.75,mRNA,tetA,8.0
2439,609.75,mRNA,Raspberry,2.0
2439,609.75,mRNA,mKalama1,1.0
2440,610.0,topo,topoI,0.25
2440,610.0,topo,gyrase,0.25
2440,610.0,RNAP,RNAP,1.0
2440,610.0,mRNA,tetA,8.0
2440,610.0,mRNA,Raspberry,2.0
2440,610.0,mRNA,mKalama1,1.0
2441,610.25,topo,topoI,0.25
2441,610.25,topo,gyrase,0.25
2441,610.25,RNAP,RNAP,1.0
2441,610.25,mRNA,tetA,8.0
2441,610.25,mRNA,Raspberry,2.0
2441,610.25,mRNA,mKalama1,1.0
2442,610.5,topo,topoI,0.25
2442,610.5,topo,gyrase,0.25
2442,610.5,RNAP,RNAP,1.0
2442,610.5,mRNA,tetA,8.0
2442,610.5,mRNA,Raspberry,2.0
2442,610.5,mRNA,mKalama1,1.0
2443,610.75,topo,topoI,0.25
2443,610.75,topo,gyrase,0.25
2443,610.75,RNAP,RNAP,1.0
2443,610.75,mRNA,tetA,8.0
2443,610.75,mRNA,Raspberry,2.0
2443,610.75,mRNA,mKalama1,1.0
2444,611.0,topo,topoI,0.25
2444,611.0,topo,gyrase,0.25
2444,611.0,RNAP,RNAP,1.0
2444,611.0,mRNA,tetA,8.0
2444,611.0,mRNA,Raspberry,2.0
2444,611.0,mRNA,mKalama1,1.0
2445,611.25,topo,topoI,0.25
2445,611.25,topo,gyrase,0.25
2445,611.25,RNAP,RNAP,1.0
2445,611.25,mRNA,tetA,8.0
2445,611.25,mRNA,Raspberry,2.0
2445,611.25,mRNA,mKalama1,1.0
2446,611.5,topo,topoI,0.25
2446,611.5,topo,gyrase,0.25
2446,611.5,RNAP,RNAP,1.0
2446,611.5,mRNA,tetA,8.0
2446,611.5,mRNA,Raspberry,2.0
2446,611.5,mRNA,mKalama1,1.0
2447,611.75,topo,topoI,0.25
2447,611.75,topo,gyrase,0.25
2447,611.75,RNAP,RNAP,1.0
2447,611.75,mRNA,tetA,8.0
2447,611.75,mRNA,Raspberry,2.0
2447,611.75,mRNA,mKalama1,1.0
2448,612.0,topo,topoI,0.25
2448,612.0,topo,gyrase,0.25
2448,612.0,RNAP,RNAP,1.0
2448,612.0,mRNA,tetA,8.0
2448,612.0,mRNA,Raspberry,2.0
2448,612.0,mRNA,mKalama1,1.0
2449,612.25,topo,topoI,0.25
2449,612.25,topo,gyrase,0.25
2449,612.25,RNAP,RNAP,1.0
2449,612.25,mRNA,tetA,8.0
2449,612.25,mRNA,Raspberry,2.0
2449,612.25,mRNA,mKalama1,1.0
2450,612.5,topo,topoI,0.25
2450,612.5,topo,gyrase,0.25
2450,612.5,RNAP,RNAP,1.0
2450,612.5,mRNA,tetA,8.0
2450,612.5,mRNA,Raspberry,2.0
2450,612.5,mRNA,mKalama1,1.0
2451,612.75,topo,topoI,0.25
2451,612.75,topo,gyrase,0.25
2451,612.75,RNAP,RNAP,1.0
2451,612.75,mRNA,tetA,8.0
2451,612.75,mRNA,Raspberry,2.0
2451,612.75,mRNA,mKalama1,1.0
2452,613.0,topo,topoI,0.25
2452,613.0,topo,gyrase,0.25
2452,613.0,RNAP,RNAP,1.0
2452,613.0,mRNA,tetA,8.0
2452,613.0,mRNA,Raspberry,2.0
2452,613.0,mRNA,mKalama1,1.0
2453,613.25,topo,topoI,0.25
2453,613.25,topo,gyrase,0.25
2453,613.25,RNAP,RNAP,1.0
2453,613.25,mRNA,tetA,8.0
2453,613.25,mRNA,Raspberry,2.0
2453,613.25,mRNA,mKalama1,1.0
2454,613.5,topo,topoI,0.25
2454,613.5,topo,gyrase,0.25
2454,613.5,RNAP,RNAP,1.0
2454,613.5,mRNA,tetA,8.0
2454,613.5,mRNA,Raspberry,2.0
2454,613.5,mRNA,mKalama1,1.0
2455,613.75,topo,topoI,0.25
2455,613.75,topo,gyrase,0.25
2455,613.75,RNAP,RNAP,1.0
2455,613.75,mRNA,tetA,8.0
2455,613.75,mRNA,Raspberry,2.0
2455,613.75,mRNA,mKalama1,1.0
2456,614.0,topo,topoI,0.25
2456,614.0,topo,gyrase,0.25
2456,614.0,RNAP,RNAP,1.0
2456,614.0,mRNA,tetA,8.0
2456,614.0,mRNA,Raspberry,2.0
2456,614.0,mRNA,mKalama1,1.0
2457,614.25,topo,topoI,0.25
2457,614.25,topo,gyrase,0.25
2457,614.25,RNAP,RNAP,1.0
2457,614.25,mRNA,tetA,8.0
2457,614.25,mRNA,Raspberry,2.0
2457,614.25,mRNA,mKalama1,1.0
2458,614.5,topo,topoI,0.25
2458,614.5,topo,gyrase,0.25
2458,614.5,RNAP,RNAP,1.0
2458,614.5,mRNA,tetA,8.0
2458,614.5,mRNA,Raspberry,2.0
2458,614.5,mRNA,mKalama1,1.0
2459,614.75,topo,topoI,0.25
2459,614.75,topo,gyrase,0.25
2459,614.75,RNAP,RNAP,1.0
2459,614.75,mRNA,tetA,8.0
2459,614.75,mRNA,Raspberry,2.0
2459,614.75,mRNA,mKalama1,1.0
2460,615.0,topo,topoI,0.25
2460,615.0,topo,gyrase,0.25
2460,615.0,RNAP,RNAP,1.0
2460,615.0,mRNA,tetA,8.0
2460,615.0,mRNA,Raspberry,2.0
2460,615.0,mRNA,mKalama1,1.0
2461,615.25,topo,topoI,0.25
2461,615.25,topo,gyrase,0.25
2461,615.25,RNAP,RNAP,1.0
2461,615.25,mRNA,tetA,8.0
2461,615.25,mRNA,Raspberry,2.0
2461,615.25,mRNA,mKalama1,1.0
2462,615.5,topo,topoI,0.25
2462,615.5,topo,gyrase,0.25
2462,615.5,RNAP,RNAP,1.0
2462,615.5,mRNA,tetA,8.0
2462,615.5,mRNA,Raspberry,2.0
2462,615.5,mRNA,mKalama1,1.0
2463,615.75,topo,topoI,0.25
2463,615.75,topo,gyrase,0.25
2463,615.75,RNAP,RNAP,1.0
2463,615.75,mRNA,tetA,8.0
2463,615.75,mRNA,Raspberry,2.0
2463,615.75,mRNA,mKalama1,1.0
2464,616.0,topo,topoI,0.25
2464,616.0,topo,gyrase,0.25
2464,616.0,RNAP,RNAP,1.0
2464,616.0,mRNA,tetA,8.0
2464,616.0,mRNA,Raspberry,2.0
2464,616.0,mRNA,mKalama1,1.0
2465,616.25,topo,topoI,0.25
2465,616.25,topo,gyrase,0.25
2465,616.25,RNAP,RNAP,1.0
2465,616.25,mRNA,tetA,8.0
2465,616.25,mRNA,Raspberry,2.0
2465,616.25,mRNA,mKalama1,1.0
2466,616.5,topo,topoI,0.25
2466,616.5,topo,gyrase,0.25
2466,616.5,RNAP,RNAP,1.0
2466,616.5,mRNA,tetA,8.0
2466,616.5,mRNA,Raspberry,2.0
2466,616.5,mRNA,mKalama1,1.0
2467,616.75,topo,topoI,0.25
2467,616.75,topo,gyrase,0.25
2467,616.75,RNAP,RNAP,1.0
2467,616.75,mRNA,tetA,8.0
2467,616.75,mRNA,Raspberry,2.0
2467,616.75,mRNA,mKalama1,1.0
2468,617.0,topo,topoI,0.25
2468,617.0,topo,gyrase,0.25
2468,617.0,RNAP,RNAP,1.0
2468,617.0,mRNA,tetA,8.0
2468,617.0,mRNA,Raspberry,2.0
2468,617.0,mRNA,mKalama1,1.0
2469,617.25,topo,topoI,0.25
2469,617.25,topo,gyrase,0.25
2469,617.25,RNAP,RNAP,1.0
2469,617.25,mRNA,tetA,8.0
2469,617.25,mRNA,Raspberry,2.0
2469,617.25,mRNA,mKalama1,1.0
2470,617.5,topo,topoI,0.25
2470,617.5,topo,gyrase,0.25
2470,617.5,RNAP,RNAP,1.0
2470,617.5,mRNA,tetA,8.0
2470,617.5,mRNA,Raspberry,2.0
2470,617.5,mRNA,mKalama1,1.0
2471,617.75,topo,topoI,0.25
2471,617.75,topo,gyrase,0.25
2471,617.75,RNAP,RNAP,1.0
2471,617.75,mRNA,tetA,8.0
2471,617.75,mRNA,Raspberry,2.0
2471,617.75,mRNA,mKalama1,1.0
2472,618.0,topo,topoI,0.25
2472,618.0,topo,gyrase,0.25
2472,618.0,RNAP,RNAP,1.0
2472,618.0,mRNA,tetA,8.0
2472,618.0,mRNA,Raspberry,2.0
2472,618.0,mRNA,mKalama1,1.0
2473,618.25,topo,topoI,0.25
2473,618.25,topo,gyrase,0.25
2473,618.25,RNAP,RNAP,1.0
2473,618.25,mRNA,tetA,8.0
2473,618.25,mRNA,Raspberry,2.0
2473,618.25,mRNA,mKalama1,1.0
2474,618.5,topo,topoI,0.25
2474,618.5,topo,gyrase,0.25
2474,618.5,RNAP,RNAP,1.0
2474,618.5,mRNA,tetA,8.0
2474,618.5,mRNA,Raspberry,2.0
2474,618.5,mRNA,mKalama1,1.0
2475,618.75,topo,topoI,0.25
2475,618.75,topo,gyrase,0.25
2475,618.75,RNAP,RNAP,1.0
2475,618.75,mRNA,tetA,8.0
2475,618.75,mRNA,Raspberry,2.0
2475,618.75,mRNA,mKalama1,1.0
2476,619.0,topo,topoI,0.25
2476,619.0,topo,gyrase,0.25
2476,619.0,RNAP,RNAP,1.0
2476,619.0,mRNA,tetA,8.0
2476,619.0,mRNA,Raspberry,2.0
2476,619.0,mRNA,mKalama1,1.0
2477,619.25,topo,topoI,0.25
2477,619.25,topo,gyrase,0.25
2477,619.25,RNAP,RNAP,1.0
2477,619.25,mRNA,tetA,8.0
2477,619.25,mRNA,Raspberry,2.0
2477,619.25,mRNA,mKalama1,1.0
2478,619.5,topo,topoI,0.25
2478,619.5,topo,gyrase,0.25
2478,619.5,RNAP,RNAP,1.0
2478,619.5,mRNA,tetA,8.0
2478,619.5,mRNA,Raspberry,2.0
2478,619.5,mRNA,mKalama1,1.0
2479,619.75,topo,topoI,0.25
2479,619.75,topo,gyrase,0.25
2479,619.75,RNAP,RNAP,1.0
2479,619.75,mRNA,tetA,8.0
2479,619.75,mRNA,Raspberry,2.0
2479,619.75,mRNA,mKalama1,1.0
2480,620.0,topo,topoI,0.25
2480,620.0,topo,gyrase,0.25
2480,620.0,RNAP,RNAP,1.0
2480,620.0,mRNA,tetA,8.0
2480,620.0,mRNA,Raspberry,2.0
2480,620.0,mRNA,mKalama1,1.0
2481,620.25,topo,topoI,0.25
2481,620.25,topo,gyrase,0.25
2481,620.25,RNAP,RNAP,1.0
2481,620.25,mRNA,tetA,8.0
2481,620.25,mRNA,Raspberry,2.0
2481,620.25,mRNA,mKalama1,1.0
2482,620.5,topo,topoI,0.25
2482,620.5,topo,gyrase,0.25
2482,620.5,RNAP,RNAP,1.0
2482,620.5,mRNA,tetA,8.0
2482,620.5,mRNA,Raspberry,2.0
2482,620.5,mRNA,mKalama1,1.0
2483,620.75,topo,topoI,0.25
2483,620.75,topo,gyrase,0.25
2483,620.75,RNAP,RNAP,1.0
2483,620.75,mRNA,tetA,8.0
2483,620.75,mRNA,Raspberry,2.0
2483,620.75,mRNA,mKalama1,1.0
2484,621.0,topo,topoI,0.25
2484,621.0,topo,gyrase,0.25
2484,621.0,RNAP,RNAP,1.0
2484,621.0,mRNA,tetA,8.0
2484,621.0,mRNA,Raspberry,2.0
2484,621.0,mRNA,mKalama1,1.0
2485,621.25,topo,topoI,0.25
2485,621.25,topo,gyrase,0.25
2485,621.25,RNAP,RNAP,1.0
2485,621.25,mRNA,tetA,8.0
2485,621.25,mRNA,Raspberry,2.0
2485,621.25,mRNA,mKalama1,1.0
2486,621.5,topo,topoI,0.25
2486,621.5,topo,gyrase,0.25
2486,621.5,RNAP,RNAP,1.0
2486,621.5,mRNA,tetA,8.0
2486,621.5,mRNA,Raspberry,2.0
2486,621.5,mRNA,mKalama1,1.0
2487,621.75,topo,topoI,0.25
2487,621.75,topo,gyrase,0.25
2487,621.75,RNAP,RNAP,1.0
2487,621.75,mRNA,tetA,8.0
2487,621.75,mRNA,Raspberry,2.0
2487,621.75,mRNA,mKalama1,1.0
2488,622.0,topo,topoI,0.25
2488,622.0,topo,gyrase,0.25
2488,622.0,RNAP,RNAP,1.0
2488,622.0,mRNA,tetA,8.0
2488,622.0,mRNA,Raspberry,2.0
2488,622.0,mRNA,mKalama1,1.0
2489,622.25,topo,topoI,0.25
2489,622.25,topo,gyrase,0.25
2489,622.25,RNAP,RNAP,1.0
2489,622.25,mRNA,tetA,8.0
2489,622.25,mRNA,Raspberry,2.0
2489,622.25,mRNA,mKalama1,1.0
2490,622.5,topo,topoI,0.25
2490,622.5,topo,gyrase,0.25
2490,622.5,RNAP,RNAP,1.0
2490,622.5,mRNA,tetA,8.0
2490,622.5,mRNA,Raspberry,2.0
2490,622.5,mRNA,mKalama1,1.0
2491,622.75,topo,topoI,0.25
2491,622.75,topo,gyrase,0.25
2491,622.75,RNAP,RNAP,1.0
2491,622.75,mRNA,tetA,8.0
2491,622.75,mRNA,Raspberry,2.0
2491,622.75,mRNA,mKalama1,1.0
2492,623.0,topo,topoI,0.25
2492,623.0,topo,gyrase,0.25
2492,623.0,RNAP,RNAP,1.0
2492,623.0,mRNA,tetA,8.0
2492,623.0,mRNA,Raspberry,2.0
2492,623.0,mRNA,mKalama1,1.0
2493,623.25,topo,topoI,0.25
2493,623.25,topo,gyrase,0.25
2493,623.25,RNAP,RNAP,1.0
2493,623.25,mRNA,tetA,8.0
2493,623.25,mRNA,Raspberry,2.0
2493,623.25,mRNA,mKalama1,1.0
2494,623.5,topo,topoI,0.25
2494,623.5,topo,gyrase,0.25
2494,623.5,RNAP,RNAP,1.0
2494,623.5,mRNA,tetA,8.0
2494,623.5,mRNA,Raspberry,2.0
2494,623.5,mRNA,mKalama1,1.0
2495,623.75,topo,topoI,0.25
2495,623.75,topo,gyrase,0.25
2495,623.75,RNAP,RNAP,1.0
2495,623.75,mRNA,tetA,8.0
2495,623.75,mRNA,Raspberry,2.0
2495,623.75,mRNA,mKalama1,1.0
2496,624.0,topo,topoI,0.25
2496,624.0,topo,gyrase,0.25
2496,624.0,RNAP,RNAP,1.0
2496,624.0,mRNA,tetA,8.0
2496,624.0,mRNA,Raspberry,2.0
2496,624.0,mRNA,mKalama1,1.0
2497,624.25,topo,topoI,0.25
2497,624.25,topo,gyrase,0.25
2497,624.25,RNAP,RNAP,1.0
2497,624.25,mRNA,tetA,8.0
2497,624.25,mRNA,Raspberry,2.0
2497,624.25,mRNA,mKalama1,1.0
2498,624.5,topo,topoI,0.25
2498,624.5,topo,gyrase,0.25
2498,624.5,RNAP,RNAP,1.0
2498,624.5,mRNA,tetA,8.0
2498,624.5,mRNA,Raspberry,2.0
2498,624.5,mRNA,mKalama1,1.0
2499,624.75,topo,topoI,0.25
2499,624.75,topo,gyrase,0.25
2499,624.75,RNAP,RNAP,1.0
2499,624.75,mRNA,tetA,8.0
2499,624.75,mRNA,Raspberry,2.0
2499,624.75,mRNA,mKalama1,1.0
2500,625.0,topo,topoI,0.25
2500,625.0,topo,gyrase,0.25
2500,625.0,RNAP,RNAP,1.0
2500,625.0,mRNA,tetA,8.0
2500,625.0,mRNA,Raspberry,2.0
2500,625.0,mRNA,mKalama1,1.0
2501,625.25,topo,topoI,0.25
2501,625.25,topo,gyrase,0.25
2501,625.25,RNAP,RNAP,1.0
2501,625.25,mRNA,tetA,8.0
2501,625.25,mRNA,Raspberry,2.0
2501,625.25,mRNA,mKalama1,1.0
2502,625.5,topo,topoI,0.25
2502,625.5,topo,gyrase,0.25
2502,625.5,RNAP,RNAP,1.0
2502,625.5,mRNA,tetA,8.0
2502,625.5,mRNA,Raspberry,2.0
2502,625.5,mRNA,mKalama1,1.0
2503,625.75,topo,topoI,0.25
2503,625.75,topo,gyrase,0.25
2503,625.75,RNAP,RNAP,1.0
2503,625.75,mRNA,tetA,8.0
2503,625.75,mRNA,Raspberry,2.0
2503,625.75,mRNA,mKalama1,1.0
2504,626.0,topo,topoI,0.25
2504,626.0,topo,gyrase,0.25
2504,626.0,RNAP,RNAP,1.0
2504,626.0,mRNA,tetA,8.0
2504,626.0,mRNA,Raspberry,2.0
2504,626.0,mRNA,mKalama1,1.0
2505,626.25,topo,topoI,0.25
2505,626.25,topo,gyrase,0.25
2505,626.25,RNAP,RNAP,1.0
2505,626.25,mRNA,tetA,8.0
2505,626.25,mRNA,Raspberry,2.0
2505,626.25,mRNA,mKalama1,1.0
2506,626.5,topo,topoI,0.25
2506,626.5,topo,gyrase,0.25
2506,626.5,RNAP,RNAP,1.0
2506,626.5,mRNA,tetA,8.0
2506,626.5,mRNA,Raspberry,2.0
2506,626.5,mRNA,mKalama1,1.0
2507,626.75,topo,topoI,0.25
2507,626.75,topo,gyrase,0.25
2507,626.75,RNAP,RNAP,1.0
2507,626.75,mRNA,tetA,8.0
2507,626.75,mRNA,Raspberry,2.0
2507,626.75,mRNA,mKalama1,1.0
2508,627.0,topo,topoI,0.25
2508,627.0,topo,gyrase,0.25
2508,627.0,RNAP,RNAP,1.0
2508,627.0,mRNA,tetA,8.0
2508,627.0,mRNA,Raspberry,2.0
2508,627.0,mRNA,mKalama1,1.0
2509,627.25,topo,topoI,0.25
2509,627.25,topo,gyrase,0.25
2509,627.25,RNAP,RNAP,1.0
2509,627.25,mRNA,tetA,8.0
2509,627.25,mRNA,Raspberry,2.0
2509,627.25,mRNA,mKalama1,1.0
2510,627.5,topo,topoI,0.25
2510,627.5,topo,gyrase,0.25
2510,627.5,RNAP,RNAP,1.0
2510,627.5,mRNA,tetA,8.0
2510,627.5,mRNA,Raspberry,2.0
2510,627.5,mRNA,mKalama1,1.0
2511,627.75,topo,topoI,0.25
2511,627.75,topo,gyrase,0.25
2511,627.75,RNAP,RNAP,1.0
2511,627.75,mRNA,tetA,8.0
2511,627.75,mRNA,Raspberry,2.0
2511,627.75,mRNA,mKalama1,1.0
2512,628.0,topo,topoI,0.25
2512,628.0,topo,gyrase,0.25
2512,628.0,RNAP,RNAP,1.0
2512,628.0,mRNA,tetA,8.0
2512,628.0,mRNA,Raspberry,2.0
2512,628.0,mRNA,mKalama1,1.0
2513,628.25,topo,topoI,0.25
2513,628.25,topo,gyrase,0.25
2513,628.25,RNAP,RNAP,1.0
2513,628.25,mRNA,tetA,8.0
2513,628.25,mRNA,Raspberry,2.0
2513,628.25,mRNA,mKalama1,1.0
2514,628.5,topo,topoI,0.25
2514,628.5,topo,gyrase,0.25
2514,628.5,RNAP,RNAP,1.0
2514,628.5,mRNA,tetA,8.0
2514,628.5,mRNA,Raspberry,2.0
2514,628.5,mRNA,mKalama1,1.0
2515,628.75,topo,topoI,0.25
2515,628.75,topo,gyrase,0.25
2515,628.75,RNAP,RNAP,1.0
2515,628.75,mRNA,tetA,8.0
2515,628.75,mRNA,Raspberry,2.0
2515,628.75,mRNA,mKalama1,1.0
2516,629.0,topo,topoI,0.25
2516,629.0,topo,gyrase,0.25
2516,629.0,RNAP,RNAP,1.0
2516,629.0,mRNA,tetA,8.0
2516,629.0,mRNA,Raspberry,2.0
2516,629.0,mRNA,mKalama1,1.0
2517,629.25,topo,topoI,0.25
2517,629.25,topo,gyrase,0.25
2517,629.25,RNAP,RNAP,1.0
2517,629.25,mRNA,tetA,8.0
2517,629.25,mRNA,Raspberry,2.0
2517,629.25,mRNA,mKalama1,1.0
2518,629.5,topo,topoI,0.25
2518,629.5,topo,gyrase,0.25
2518,629.5,RNAP,RNAP,1.0
2518,629.5,mRNA,tetA,8.0
2518,629.5,mRNA,Raspberry,2.0
2518,629.5,mRNA,mKalama1,1.0
2519,629.75,topo,topoI,0.25
2519,629.75,topo,gyrase,0.25
2519,629.75,RNAP,RNAP,1.0
2519,629.75,mRNA,tetA,8.0
2519,629.75,mRNA,Raspberry,2.0
2519,629.75,mRNA,mKalama1,1.0
2520,630.0,topo,topoI,0.25
2520,630.0,topo,gyrase,0.25
2520,630.0,RNAP,RNAP,1.0
2520,630.0,mRNA,tetA,8.0
2520,630.0,mRNA,Raspberry,2.0
2520,630.0,mRNA,mKalama1,1.0
2521,630.25,topo,topoI,0.25
2521,630.25,topo,gyrase,0.25
2521,630.25,RNAP,RNAP,1.0
2521,630.25,mRNA,tetA,8.0
2521,630.25,mRNA,Raspberry,2.0
2521,630.25,mRNA,mKalama1,1.0
2522,630.5,topo,topoI,0.25
2522,630.5,topo,gyrase,0.25
2522,630.5,RNAP,RNAP,1.0
2522,630.5,mRNA,tetA,8.0
2522,630.5,mRNA,Raspberry,2.0
2522,630.5,mRNA,mKalama1,1.0
2523,630.75,topo,topoI,0.25
2523,630.75,topo,gyrase,0.25
2523,630.75,RNAP,RNAP,1.0
2523,630.75,mRNA,tetA,8.0
2523,630.75,mRNA,Raspberry,2.0
2523,630.75,mRNA,mKalama1,1.0
2524,631.0,topo,topoI,0.25
2524,631.0,topo,gyrase,0.25
2524,631.0,RNAP,RNAP,1.0
2524,631.0,mRNA,tetA,8.0
2524,631.0,mRNA,Raspberry,2.0
2524,631.0,mRNA,mKalama1,1.0
2525,631.25,topo,topoI,0.25
2525,631.25,topo,gyrase,0.25
2525,631.25,RNAP,RNAP,1.0
2525,631.25,mRNA,tetA,8.0
2525,631.25,mRNA,Raspberry,2.0
2525,631.25,mRNA,mKalama1,1.0
2526,631.5,topo,topoI,0.25
2526,631.5,topo,gyrase,0.25
2526,631.5,RNAP,RNAP,1.0
2526,631.5,mRNA,tetA,8.0
2526,631.5,mRNA,Raspberry,2.0
2526,631.5,mRNA,mKalama1,1.0
2527,631.75,topo,topoI,0.25
2527,631.75,topo,gyrase,0.25
2527,631.75,RNAP,RNAP,1.0
2527,631.75,mRNA,tetA,8.0
2527,631.75,mRNA,Raspberry,2.0
2527,631.75,mRNA,mKalama1,1.0
2528,632.0,topo,topoI,0.25
2528,632.0,topo,gyrase,0.25
2528,632.0,RNAP,RNAP,1.0
2528,632.0,mRNA,tetA,8.0
2528,632.0,mRNA,Raspberry,2.0
2528,632.0,mRNA,mKalama1,1.0
2529,632.25,topo,topoI,0.25
2529,632.25,topo,gyrase,0.25
2529,632.25,RNAP,RNAP,1.0
2529,632.25,mRNA,tetA,8.0
2529,632.25,mRNA,Raspberry,2.0
2529,632.25,mRNA,mKalama1,1.0
2530,632.5,topo,topoI,0.25
2530,632.5,topo,gyrase,0.25
2530,632.5,RNAP,RNAP,1.0
2530,632.5,mRNA,tetA,8.0
2530,632.5,mRNA,Raspberry,2.0
2530,632.5,mRNA,mKalama1,1.0
2531,632.75,topo,topoI,0.25
2531,632.75,topo,gyrase,0.25
2531,632.75,RNAP,RNAP,1.0
2531,632.75,mRNA,tetA,8.0
2531,632.75,mRNA,Raspberry,2.0
2531,632.75,mRNA,mKalama1,1.0
2532,633.0,topo,topoI,0.25
2532,633.0,topo,gyrase,0.25
2532,633.0,RNAP,RNAP,1.0
2532,633.0,mRNA,tetA,8.0
2532,633.0,mRNA,Raspberry,2.0
2532,633.0,mRNA,mKalama1,1.0
2533,633.25,topo,topoI,0.25
2533,633.25,topo,gyrase,0.25
2533,633.25,RNAP,RNAP,1.0
2533,633.25,mRNA,tetA,8.0
2533,633.25,mRNA,Raspberry,2.0
2533,633.25,mRNA,mKalama1,1.0
2534,633.5,topo,topoI,0.25
2534,633.5,topo,gyrase,0.25
2534,633.5,RNAP,RNAP,1.0
2534,633.5,mRNA,tetA,8.0
2534,633.5,mRNA,Raspberry,2.0
2534,633.5,mRNA,mKalama1,1.0
2535,633.75,topo,topoI,0.25
2535,633.75,topo,gyrase,0.25
2535,633.75,RNAP,RNAP,1.0
2535,633.75,mRNA,tetA,8.0
2535,633.75,mRNA,Raspberry,2.0
2535,633.75,mRNA,mKalama1,1.0
2536,634.0,topo,topoI,0.25
2536,634.0,topo,gyrase,0.25
2536,634.0,RNAP,RNAP,1.0
2536,634.0,mRNA,tetA,8.0
2536,634.0,mRNA,Raspberry,2.0
2536,634.0,mRNA,mKalama1,1.0
2537,634.25,topo,topoI,0.25
2537,634.25,topo,gyrase,0.25
2537,634.25,RNAP,RNAP,1.0
2537,634.25,mRNA,tetA,8.0
2537,634.25,mRNA,Raspberry,2.0
2537,634.25,mRNA,mKalama1,1.0
2538,634.5,topo,topoI,0.25
2538,634.5,topo,gyrase,0.25
2538,634.5,RNAP,RNAP,1.0
2538,634.5,mRNA,tetA,8.0
2538,634.5,mRNA,Raspberry,2.0
2538,634.5,mRNA,mKalama1,1.0
2539,634.75,topo,topoI,0.25
2539,634.75,topo,gyrase,0.25
2539,634.75,RNAP,RNAP,1.0
2539,634.75,mRNA,tetA,8.0
2539,634.75,mRNA,Raspberry,2.0
2539,634.75,mRNA,mKalama1,1.0
2540,635.0,topo,topoI,0.25
2540,635.0,topo,gyrase,0.25
2540,635.0,RNAP,RNAP,1.0
2540,635.0,mRNA,tetA,8.0
2540,635.0,mRNA,Raspberry,2.0
2540,635.0,mRNA,mKalama1,1.0
2541,635.25,topo,topoI,0.25
2541,635.25,topo,gyrase,0.25
2541,635.25,RNAP,RNAP,1.0
2541,635.25,mRNA,tetA,8.0
2541,635.25,mRNA,Raspberry,2.0
2541,635.25,mRNA,mKalama1,1.0
2542,635.5,topo,topoI,0.25
2542,635.5,topo,gyrase,0.25
2542,635.5,RNAP,RNAP,1.0
2542,635.5,mRNA,tetA,8.0
2542,635.5,mRNA,Raspberry,2.0
2542,635.5,mRNA,mKalama1,1.0
2543,635.75,topo,topoI,0.25
2543,635.75,topo,gyrase,0.25
2543,635.75,RNAP,RNAP,1.0
2543,635.75,mRNA,tetA,8.0
2543,635.75,mRNA,Raspberry,2.0
2543,635.75,mRNA,mKalama1,1.0
2544,636.0,topo,topoI,0.25
2544,636.0,topo,gyrase,0.25
2544,636.0,RNAP,RNAP,1.0
2544,636.0,mRNA,tetA,8.0
2544,636.0,mRNA,Raspberry,2.0
2544,636.0,mRNA,mKalama1,1.0
2545,636.25,topo,topoI,0.25
2545,636.25,topo,gyrase,0.25
2545,636.25,RNAP,RNAP,1.0
2545,636.25,mRNA,tetA,8.0
2545,636.25,mRNA,Raspberry,2.0
2545,636.25,mRNA,mKalama1,1.0
2546,636.5,topo,topoI,0.25
2546,636.5,topo,gyrase,0.25
2546,636.5,RNAP,RNAP,1.0
2546,636.5,mRNA,tetA,8.0
2546,636.5,mRNA,Raspberry,2.0
2546,636.5,mRNA,mKalama1,1.0
2547,636.75,topo,topoI,0.25
2547,636.75,topo,gyrase,0.25
2547,636.75,RNAP,RNAP,1.0
2547,636.75,mRNA,tetA,8.0
2547,636.75,mRNA,Raspberry,2.0
2547,636.75,mRNA,mKalama1,1.0
2548,637.0,topo,topoI,0.25
2548,637.0,topo,gyrase,0.25
2548,637.0,RNAP,RNAP,1.0
2548,637.0,mRNA,tetA,8.0
2548,637.0,mRNA,Raspberry,2.0
2548,637.0,mRNA,mKalama1,1.0
2549,637.25,topo,topoI,0.25
2549,637.25,topo,gyrase,0.25
2549,637.25,RNAP,RNAP,1.0
2549,637.25,mRNA,tetA,8.0
2549,637.25,mRNA,Raspberry,2.0
2549,637.25,mRNA,mKalama1,1.0
2550,637.5,topo,topoI,0.25
2550,637.5,topo,gyrase,0.25
2550,637.5,RNAP,RNAP,1.0
2550,637.5,mRNA,tetA,8.0
2550,637.5,mRNA,Raspberry,2.0
2550,637.5,mRNA,mKalama1,1.0
2551,637.75,topo,topoI,0.25
2551,637.75,topo,gyrase,0.25
2551,637.75,RNAP,RNAP,1.0
2551,637.75,mRNA,tetA,8.0
2551,637.75,mRNA,Raspberry,2.0
2551,637.75,mRNA,mKalama1,1.0
2552,638.0,topo,topoI,0.25
2552,638.0,topo,gyrase,0.25
2552,638.0,RNAP,RNAP,1.0
2552,638.0,mRNA,tetA,8.0
2552,638.0,mRNA,Raspberry,2.0
2552,638.0,mRNA,mKalama1,1.0
2553,638.25,topo,topoI,0.25
2553,638.25,topo,gyrase,0.25
2553,638.25,RNAP,RNAP,1.0
2553,638.25,mRNA,tetA,8.0
2553,638.25,mRNA,Raspberry,2.0
2553,638.25,mRNA,mKalama1,1.0
2554,638.5,topo,topoI,0.25
2554,638.5,topo,gyrase,0.25
2554,638.5,RNAP,RNAP,1.0
2554,638.5,mRNA,tetA,8.0
2554,638.5,mRNA,Raspberry,2.0
2554,638.5,mRNA,mKalama1,1.0
2555,638.75,topo,topoI,0.25
2555,638.75,topo,gyrase,0.25
2555,638.75,RNAP,RNAP,1.0
2555,638.75,mRNA,tetA,8.0
2555,638.75,mRNA,Raspberry,2.0
2555,638.75,mRNA,mKalama1,1.0
2556,639.0,topo,topoI,0.25
2556,639.0,topo,gyrase,0.25
2556,639.0,RNAP,RNAP,1.0
2556,639.0,mRNA,tetA,8.0
2556,639.0,mRNA,Raspberry,2.0
2556,639.0,mRNA,mKalama1,1.0
2557,639.25,topo,topoI,0.25
2557,639.25,topo,gyrase,0.25
2557,639.25,RNAP,RNAP,1.0
2557,639.25,mRNA,tetA,8.0
2557,639.25,mRNA,Raspberry,2.0
2557,639.25,mRNA,mKalama1,1.0
2558,639.5,topo,topoI,0.25
2558,639.5,topo,gyrase,0.25
2558,639.5,RNAP,RNAP,1.0
2558,639.5,mRNA,tetA,8.0
2558,639.5,mRNA,Raspberry,2.0
2558,639.5,mRNA,mKalama1,1.0
2559,639.75,topo,topoI,0.25
2559,639.75,topo,gyrase,0.25
2559,639.75,RNAP,RNAP,1.0
2559,639.75,mRNA,tetA,8.0
2559,639.75,mRNA,Raspberry,2.0
2559,639.75,mRNA,mKalama1,1.0
2560,640.0,topo,topoI,0.25
2560,640.0,topo,gyrase,0.25
2560,640.0,RNAP,RNAP,1.0
2560,640.0,mRNA,tetA,8.0
2560,640.0,mRNA,Raspberry,2.0
2560,640.0,mRNA,mKalama1,1.0
2561,640.25,topo,topoI,0.25
2561,640.25,topo,gyrase,0.25
2561,640.25,RNAP,RNAP,1.0
2561,640.25,mRNA,tetA,8.0
2561,640.25,mRNA,Raspberry,2.0
2561,640.25,mRNA,mKalama1,1.0
2562,640.5,topo,topoI,0.25
2562,640.5,topo,gyrase,0.25
2562,640.5,RNAP,RNAP,1.0
2562,640.5,mRNA,tetA,8.0
2562,640.5,mRNA,Raspberry,2.0
2562,640.5,mRNA,mKalama1,1.0
2563,640.75,topo,topoI,0.25
2563,640.75,topo,gyrase,0.25
2563,640.75,RNAP,RNAP,1.0
2563,640.75,mRNA,tetA,8.0
2563,640.75,mRNA,Raspberry,2.0
2563,640.75,mRNA,mKalama1,1.0
2564,641.0,topo,topoI,0.25
2564,641.0,topo,gyrase,0.25
2564,641.0,RNAP,RNAP,1.0
2564,641.0,mRNA,tetA,8.0
2564,641.0,mRNA,Raspberry,2.0
2564,641.0,mRNA,mKalama1,1.0
2565,641.25,topo,topoI,0.25
2565,641.25,topo,gyrase,0.25
2565,641.25,RNAP,RNAP,1.0
2565,641.25,mRNA,tetA,8.0
2565,641.25,mRNA,Raspberry,2.0
2565,641.25,mRNA,mKalama1,1.0
2566,641.5,topo,topoI,0.25
2566,641.5,topo,gyrase,0.25
2566,641.5,RNAP,RNAP,1.0
2566,641.5,mRNA,tetA,8.0
2566,641.5,mRNA,Raspberry,2.0
2566,641.5,mRNA,mKalama1,1.0
2567,641.75,topo,topoI,0.25
2567,641.75,topo,gyrase,0.25
2567,641.75,RNAP,RNAP,1.0
2567,641.75,mRNA,tetA,8.0
2567,641.75,mRNA,Raspberry,2.0
2567,641.75,mRNA,mKalama1,1.0
2568,642.0,topo,topoI,0.25
2568,642.0,topo,gyrase,0.25
2568,642.0,RNAP,RNAP,1.0
2568,642.0,mRNA,tetA,8.0
2568,642.0,mRNA,Raspberry,2.0
2568,642.0,mRNA,mKalama1,1.0
2569,642.25,topo,topoI,0.25
2569,642.25,topo,gyrase,0.25
2569,642.25,RNAP,RNAP,1.0
2569,642.25,mRNA,tetA,8.0
2569,642.25,mRNA,Raspberry,2.0
2569,642.25,mRNA,mKalama1,1.0
2570,642.5,topo,topoI,0.25
2570,642.5,topo,gyrase,0.25
2570,642.5,RNAP,RNAP,1.0
2570,642.5,mRNA,tetA,8.0
2570,642.5,mRNA,Raspberry,2.0
2570,642.5,mRNA,mKalama1,1.0
2571,642.75,topo,topoI,0.25
2571,642.75,topo,gyrase,0.25
2571,642.75,RNAP,RNAP,1.0
2571,642.75,mRNA,tetA,8.0
2571,642.75,mRNA,Raspberry,2.0
2571,642.75,mRNA,mKalama1,1.0
2572,643.0,topo,topoI,0.25
2572,643.0,topo,gyrase,0.25
2572,643.0,RNAP,RNAP,1.0
2572,643.0,mRNA,tetA,8.0
2572,643.0,mRNA,Raspberry,2.0
2572,643.0,mRNA,mKalama1,1.0
2573,643.25,topo,topoI,0.25
2573,643.25,topo,gyrase,0.25
2573,643.25,RNAP,RNAP,1.0
2573,643.25,mRNA,tetA,8.0
2573,643.25,mRNA,Raspberry,2.0
2573,643.25,mRNA,mKalama1,1.0
2574,643.5,topo,topoI,0.25
2574,643.5,topo,gyrase,0.25
2574,643.5,RNAP,RNAP,1.0
2574,643.5,mRNA,tetA,8.0
2574,643.5,mRNA,Raspberry,2.0
2574,643.5,mRNA,mKalama1,1.0
2575,643.75,topo,topoI,0.25
2575,643.75,topo,gyrase,0.25
2575,643.75,RNAP,RNAP,1.0
2575,643.75,mRNA,tetA,8.0
2575,643.75,mRNA,Raspberry,2.0
2575,643.75,mRNA,mKalama1,1.0
2576,644.0,topo,topoI,0.25
2576,644.0,topo,gyrase,0.25
2576,644.0,RNAP,RNAP,1.0
2576,644.0,mRNA,tetA,8.0
2576,644.0,mRNA,Raspberry,2.0
2576,644.0,mRNA,mKalama1,1.0
2577,644.25,topo,topoI,0.25
2577,644.25,topo,gyrase,0.25
2577,644.25,RNAP,RNAP,1.0
2577,644.25,mRNA,tetA,8.0
2577,644.25,mRNA,Raspberry,2.0
2577,644.25,mRNA,mKalama1,1.0
2578,644.5,topo,topoI,0.25
2578,644.5,topo,gyrase,0.25
2578,644.5,RNAP,RNAP,1.0
2578,644.5,mRNA,tetA,9.0
2578,644.5,mRNA,Raspberry,2.0
2578,644.5,mRNA,mKalama1,1.0
2579,644.75,topo,topoI,0.25
2579,644.75,topo,gyrase,0.25
2579,644.75,RNAP,RNAP,1.0
2579,644.75,mRNA,tetA,9.0
2579,644.75,mRNA,Raspberry,2.0
2579,644.75,mRNA,mKalama1,1.0
2580,645.0,topo,topoI,0.25
2580,645.0,topo,gyrase,0.25
2580,645.0,RNAP,RNAP,1.0
2580,645.0,mRNA,tetA,9.0
2580,645.0,mRNA,Raspberry,2.0
2580,645.0,mRNA,mKalama1,1.0
2581,645.25,topo,topoI,0.25
2581,645.25,topo,gyrase,0.25
2581,645.25,RNAP,RNAP,1.0
2581,645.25,mRNA,tetA,9.0
2581,645.25,mRNA,Raspberry,2.0
2581,645.25,mRNA,mKalama1,1.0
2582,645.5,topo,topoI,0.25
2582,645.5,topo,gyrase,0.25
2582,645.5,RNAP,RNAP,1.0
2582,645.5,mRNA,tetA,9.0
2582,645.5,mRNA,Raspberry,2.0
2582,645.5,mRNA,mKalama1,1.0
2583,645.75,topo,topoI,0.25
2583,645.75,topo,gyrase,0.25
2583,645.75,RNAP,RNAP,1.0
2583,645.75,mRNA,tetA,9.0
2583,645.75,mRNA,Raspberry,2.0
2583,645.75,mRNA,mKalama1,1.0
2584,646.0,topo,topoI,0.25
2584,646.0,topo,gyrase,0.25
2584,646.0,RNAP,RNAP,1.0
2584,646.0,mRNA,tetA,9.0
2584,646.0,mRNA,Raspberry,2.0
2584,646.0,mRNA,mKalama1,1.0
2585,646.25,topo,topoI,0.25
2585,646.25,topo,gyrase,0.25
2585,646.25,RNAP,RNAP,1.0
2585,646.25,mRNA,tetA,9.0
2585,646.25,mRNA,Raspberry,2.0
2585,646.25,mRNA,mKalama1,1.0
2586,646.5,topo,topoI,0.25
2586,646.5,topo,gyrase,0.25
2586,646.5,RNAP,RNAP,1.0
2586,646.5,mRNA,tetA,9.0
2586,646.5,mRNA,Raspberry,2.0
2586,646.5,mRNA,mKalama1,1.0
2587,646.75,topo,topoI,0.25
2587,646.75,topo,gyrase,0.25
2587,646.75,RNAP,RNAP,1.0
2587,646.75,mRNA,tetA,9.0
2587,646.75,mRNA,Raspberry,2.0
2587,646.75,mRNA,mKalama1,1.0
2588,647.0,topo,topoI,0.25
2588,647.0,topo,gyrase,0.25
2588,647.0,RNAP,RNAP,1.0
2588,647.0,mRNA,tetA,9.0
2588,647.0,mRNA,Raspberry,2.0
2588,647.0,mRNA,mKalama1,1.0
2589,647.25,topo,topoI,0.25
2589,647.25,topo,gyrase,0.25
2589,647.25,RNAP,RNAP,1.0
2589,647.25,mRNA,tetA,9.0
2589,647.25,mRNA,Raspberry,2.0
2589,647.25,mRNA,mKalama1,1.0
2590,647.5,topo,topoI,0.25
2590,647.5,topo,gyrase,0.25
2590,647.5,RNAP,RNAP,1.0
2590,647.5,mRNA,tetA,9.0
2590,647.5,mRNA,Raspberry,2.0
2590,647.5,mRNA,mKalama1,1.0
2591,647.75,topo,topoI,0.25
2591,647.75,topo,gyrase,0.25
2591,647.75,RNAP,RNAP,1.0
2591,647.75,mRNA,tetA,9.0
2591,647.75,mRNA,Raspberry,2.0
2591,647.75,mRNA,mKalama1,1.0
2592,648.0,topo,topoI,0.25
2592,648.0,topo,gyrase,0.25
2592,648.0,RNAP,RNAP,1.0
2592,648.0,mRNA,tetA,9.0
2592,648.0,mRNA,Raspberry,2.0
2592,648.0,mRNA,mKalama1,1.0
2593,648.25,topo,topoI,0.25
2593,648.25,topo,gyrase,0.25
2593,648.25,RNAP,RNAP,1.0
2593,648.25,mRNA,tetA,9.0
2593,648.25,mRNA,Raspberry,2.0
2593,648.25,mRNA,mKalama1,1.0
2594,648.5,topo,topoI,0.25
2594,648.5,topo,gyrase,0.25
2594,648.5,RNAP,RNAP,1.0
2594,648.5,mRNA,tetA,9.0
2594,648.5,mRNA,Raspberry,2.0
2594,648.5,mRNA,mKalama1,1.0
2595,648.75,topo,topoI,0.25
2595,648.75,topo,gyrase,0.25
2595,648.75,RNAP,RNAP,1.0
2595,648.75,mRNA,tetA,9.0
2595,648.75,mRNA,Raspberry,2.0
2595,648.75,mRNA,mKalama1,1.0
2596,649.0,topo,topoI,0.25
2596,649.0,topo,gyrase,0.25
2596,649.0,RNAP,RNAP,1.0
2596,649.0,mRNA,tetA,9.0
2596,649.0,mRNA,Raspberry,2.0
2596,649.0,mRNA,mKalama1,1.0
2597,649.25,topo,topoI,0.25
2597,649.25,topo,gyrase,0.25
2597,649.25,RNAP,RNAP,1.0
2597,649.25,mRNA,tetA,9.0
2597,649.25,mRNA,Raspberry,2.0
2597,649.25,mRNA,mKalama1,1.0
2598,649.5,topo,topoI,0.25
2598,649.5,topo,gyrase,0.25
2598,649.5,RNAP,RNAP,1.0
2598,649.5,mRNA,tetA,9.0
2598,649.5,mRNA,Raspberry,2.0
2598,649.5,mRNA,mKalama1,1.0
2599,649.75,topo,topoI,0.25
2599,649.75,topo,gyrase,0.25
2599,649.75,RNAP,RNAP,1.0
2599,649.75,mRNA,tetA,9.0
2599,649.75,mRNA,Raspberry,2.0
2599,649.75,mRNA,mKalama1,1.0
2600,650.0,topo,topoI,0.25
2600,650.0,topo,gyrase,0.25
2600,650.0,RNAP,RNAP,1.0
2600,650.0,mRNA,tetA,9.0
2600,650.0,mRNA,Raspberry,2.0
2600,650.0,mRNA,mKalama1,1.0
2601,650.25,topo,topoI,0.25
2601,650.25,topo,gyrase,0.25
2601,650.25,RNAP,RNAP,1.0
2601,650.25,mRNA,tetA,9.0
2601,650.25,mRNA,Raspberry,2.0
2601,650.25,mRNA,mKalama1,1.0
2602,650.5,topo,topoI,0.25
2602,650.5,topo,gyrase,0.25
2602,650.5,RNAP,RNAP,1.0
2602,650.5,mRNA,tetA,9.0
2602,650.5,mRNA,Raspberry,2.0
2602,650.5,mRNA,mKalama1,1.0
2603,650.75,topo,topoI,0.25
2603,650.75,topo,gyrase,0.25
2603,650.75,RNAP,RNAP,1.0
2603,650.75,mRNA,tetA,9.0
2603,650.75,mRNA,Raspberry,2.0
2603,650.75,mRNA,mKalama1,1.0
2604,651.0,topo,topoI,0.25
2604,651.0,topo,gyrase,0.25
2604,651.0,RNAP,RNAP,1.0
2604,651.0,mRNA,tetA,9.0
2604,651.0,mRNA,Raspberry,2.0
2604,651.0,mRNA,mKalama1,1.0
2605,651.25,topo,topoI,0.25
2605,651.25,topo,gyrase,0.25
2605,651.25,RNAP,RNAP,1.0
2605,651.25,mRNA,tetA,9.0
2605,651.25,mRNA,Raspberry,2.0
2605,651.25,mRNA,mKalama1,1.0
2606,651.5,topo,topoI,0.25
2606,651.5,topo,gyrase,0.25
2606,651.5,RNAP,RNAP,1.0
2606,651.5,mRNA,tetA,9.0
2606,651.5,mRNA,Raspberry,2.0
2606,651.5,mRNA,mKalama1,1.0
2607,651.75,topo,topoI,0.25
2607,651.75,topo,gyrase,0.25
2607,651.75,RNAP,RNAP,1.0
2607,651.75,mRNA,tetA,9.0
2607,651.75,mRNA,Raspberry,2.0
2607,651.75,mRNA,mKalama1,1.0
2608,652.0,topo,topoI,0.25
2608,652.0,topo,gyrase,0.25
2608,652.0,RNAP,RNAP,1.0
2608,652.0,mRNA,tetA,9.0
2608,652.0,mRNA,Raspberry,2.0
2608,652.0,mRNA,mKalama1,1.0
2609,652.25,topo,topoI,0.25
2609,652.25,topo,gyrase,0.25
2609,652.25,RNAP,RNAP,1.0
2609,652.25,mRNA,tetA,9.0
2609,652.25,mRNA,Raspberry,2.0
2609,652.25,mRNA,mKalama1,1.0
2610,652.5,topo,topoI,0.25
2610,652.5,topo,gyrase,0.25
2610,652.5,RNAP,RNAP,1.0
2610,652.5,mRNA,tetA,9.0
2610,652.5,mRNA,Raspberry,2.0
2610,652.5,mRNA,mKalama1,1.0
2611,652.75,topo,topoI,0.25
2611,652.75,topo,gyrase,0.25
2611,652.75,RNAP,RNAP,1.0
2611,652.75,mRNA,tetA,9.0
2611,652.75,mRNA,Raspberry,2.0
2611,652.75,mRNA,mKalama1,1.0
2612,653.0,topo,topoI,0.25
2612,653.0,topo,gyrase,0.25
2612,653.0,RNAP,RNAP,1.0
2612,653.0,mRNA,tetA,9.0
2612,653.0,mRNA,Raspberry,2.0
2612,653.0,mRNA,mKalama1,1.0
2613,653.25,topo,topoI,0.25
2613,653.25,topo,gyrase,0.25
2613,653.25,RNAP,RNAP,1.0
2613,653.25,mRNA,tetA,9.0
2613,653.25,mRNA,Raspberry,2.0
2613,653.25,mRNA,mKalama1,1.0
2614,653.5,topo,topoI,0.25
2614,653.5,topo,gyrase,0.25
2614,653.5,RNAP,RNAP,1.0
2614,653.5,mRNA,tetA,9.0
2614,653.5,mRNA,Raspberry,2.0
2614,653.5,mRNA,mKalama1,1.0
2615,653.75,topo,topoI,0.25
2615,653.75,topo,gyrase,0.25
2615,653.75,RNAP,RNAP,1.0
2615,653.75,mRNA,tetA,9.0
2615,653.75,mRNA,Raspberry,2.0
2615,653.75,mRNA,mKalama1,1.0
2616,654.0,topo,topoI,0.25
2616,654.0,topo,gyrase,0.25
2616,654.0,RNAP,RNAP,1.0
2616,654.0,mRNA,tetA,9.0
2616,654.0,mRNA,Raspberry,2.0
2616,654.0,mRNA,mKalama1,1.0
2617,654.25,topo,topoI,0.25
2617,654.25,topo,gyrase,0.25
2617,654.25,RNAP,RNAP,1.0
2617,654.25,mRNA,tetA,9.0
2617,654.25,mRNA,Raspberry,2.0
2617,654.25,mRNA,mKalama1,1.0
2618,654.5,topo,topoI,0.25
2618,654.5,topo,gyrase,0.25
2618,654.5,RNAP,RNAP,1.0
2618,654.5,mRNA,tetA,9.0
2618,654.5,mRNA,Raspberry,2.0
2618,654.5,mRNA,mKalama1,1.0
2619,654.75,topo,topoI,0.25
2619,654.75,topo,gyrase,0.25
2619,654.75,RNAP,RNAP,1.0
2619,654.75,mRNA,tetA,9.0
2619,654.75,mRNA,Raspberry,2.0
2619,654.75,mRNA,mKalama1,1.0
2620,655.0,topo,topoI,0.25
2620,655.0,topo,gyrase,0.25
2620,655.0,RNAP,RNAP,1.0
2620,655.0,mRNA,tetA,9.0
2620,655.0,mRNA,Raspberry,2.0
2620,655.0,mRNA,mKalama1,1.0
2621,655.25,topo,topoI,0.25
2621,655.25,topo,gyrase,0.25
2621,655.25,RNAP,RNAP,1.0
2621,655.25,mRNA,tetA,9.0
2621,655.25,mRNA,Raspberry,2.0
2621,655.25,mRNA,mKalama1,1.0
2622,655.5,topo,topoI,0.25
2622,655.5,topo,gyrase,0.25
2622,655.5,RNAP,RNAP,1.0
2622,655.5,mRNA,tetA,9.0
2622,655.5,mRNA,Raspberry,2.0
2622,655.5,mRNA,mKalama1,1.0
2623,655.75,topo,topoI,0.25
2623,655.75,topo,gyrase,0.25
2623,655.75,RNAP,RNAP,1.0
2623,655.75,mRNA,tetA,9.0
2623,655.75,mRNA,Raspberry,2.0
2623,655.75,mRNA,mKalama1,1.0
2624,656.0,topo,topoI,0.25
2624,656.0,topo,gyrase,0.25
2624,656.0,RNAP,RNAP,1.0
2624,656.0,mRNA,tetA,9.0
2624,656.0,mRNA,Raspberry,2.0
2624,656.0,mRNA,mKalama1,1.0
2625,656.25,topo,topoI,0.25
2625,656.25,topo,gyrase,0.25
2625,656.25,RNAP,RNAP,1.0
2625,656.25,mRNA,tetA,9.0
2625,656.25,mRNA,Raspberry,2.0
2625,656.25,mRNA,mKalama1,1.0
2626,656.5,topo,topoI,0.25
2626,656.5,topo,gyrase,0.25
2626,656.5,RNAP,RNAP,1.0
2626,656.5,mRNA,tetA,9.0
2626,656.5,mRNA,Raspberry,2.0
2626,656.5,mRNA,mKalama1,1.0
2627,656.75,topo,topoI,0.25
2627,656.75,topo,gyrase,0.25
2627,656.75,RNAP,RNAP,1.0
2627,656.75,mRNA,tetA,9.0
2627,656.75,mRNA,Raspberry,2.0
2627,656.75,mRNA,mKalama1,1.0
2628,657.0,topo,topoI,0.25
2628,657.0,topo,gyrase,0.25
2628,657.0,RNAP,RNAP,1.0
2628,657.0,mRNA,tetA,9.0
2628,657.0,mRNA,Raspberry,2.0
2628,657.0,mRNA,mKalama1,1.0
2629,657.25,topo,topoI,0.25
2629,657.25,topo,gyrase,0.25
2629,657.25,RNAP,RNAP,1.0
2629,657.25,mRNA,tetA,9.0
2629,657.25,mRNA,Raspberry,2.0
2629,657.25,mRNA,mKalama1,1.0
2630,657.5,topo,topoI,0.25
2630,657.5,topo,gyrase,0.25
2630,657.5,RNAP,RNAP,1.0
2630,657.5,mRNA,tetA,9.0
2630,657.5,mRNA,Raspberry,2.0
2630,657.5,mRNA,mKalama1,1.0
2631,657.75,topo,topoI,0.25
2631,657.75,topo,gyrase,0.25
2631,657.75,RNAP,RNAP,1.0
2631,657.75,mRNA,tetA,9.0
2631,657.75,mRNA,Raspberry,2.0
2631,657.75,mRNA,mKalama1,1.0
2632,658.0,topo,topoI,0.25
2632,658.0,topo,gyrase,0.25
2632,658.0,RNAP,RNAP,1.0
2632,658.0,mRNA,tetA,9.0
2632,658.0,mRNA,Raspberry,2.0
2632,658.0,mRNA,mKalama1,1.0
2633,658.25,topo,topoI,0.25
2633,658.25,topo,gyrase,0.25
2633,658.25,RNAP,RNAP,1.0
2633,658.25,mRNA,tetA,9.0
2633,658.25,mRNA,Raspberry,2.0
2633,658.25,mRNA,mKalama1,1.0
2634,658.5,topo,topoI,0.25
2634,658.5,topo,gyrase,0.25
2634,658.5,RNAP,RNAP,1.0
2634,658.5,mRNA,tetA,9.0
2634,658.5,mRNA,Raspberry,2.0
2634,658.5,mRNA,mKalama1,1.0
2635,658.75,topo,topoI,0.25
2635,658.75,topo,gyrase,0.25
2635,658.75,RNAP,RNAP,1.0
2635,658.75,mRNA,tetA,9.0
2635,658.75,mRNA,Raspberry,2.0
2635,658.75,mRNA,mKalama1,1.0
2636,659.0,topo,topoI,0.25
2636,659.0,topo,gyrase,0.25
2636,659.0,RNAP,RNAP,1.0
2636,659.0,mRNA,tetA,9.0
2636,659.0,mRNA,Raspberry,2.0
2636,659.0,mRNA,mKalama1,1.0
2637,659.25,topo,topoI,0.25
2637,659.25,topo,gyrase,0.25
2637,659.25,RNAP,RNAP,1.0
2637,659.25,mRNA,tetA,9.0
2637,659.25,mRNA,Raspberry,2.0
2637,659.25,mRNA,mKalama1,1.0
2638,659.5,topo,topoI,0.25
2638,659.5,topo,gyrase,0.25
2638,659.5,RNAP,RNAP,1.0
2638,659.5,mRNA,tetA,9.0
2638,659.5,mRNA,Raspberry,2.0
2638,659.5,mRNA,mKalama1,1.0
2639,659.75,topo,topoI,0.25
2639,659.75,topo,gyrase,0.25
2639,659.75,RNAP,RNAP,1.0
2639,659.75,mRNA,tetA,9.0
2639,659.75,mRNA,Raspberry,2.0
2639,659.75,mRNA,mKalama1,1.0
2640,660.0,topo,topoI,0.25
2640,660.0,topo,gyrase,0.25
2640,660.0,RNAP,RNAP,1.0
2640,660.0,mRNA,tetA,9.0
2640,660.0,mRNA,Raspberry,2.0
2640,660.0,mRNA,mKalama1,1.0
2641,660.25,topo,topoI,0.25
2641,660.25,topo,gyrase,0.25
2641,660.25,RNAP,RNAP,1.0
2641,660.25,mRNA,tetA,9.0
2641,660.25,mRNA,Raspberry,2.0
2641,660.25,mRNA,mKalama1,1.0
2642,660.5,topo,topoI,0.25
2642,660.5,topo,gyrase,0.25
2642,660.5,RNAP,RNAP,1.0
2642,660.5,mRNA,tetA,9.0
2642,660.5,mRNA,Raspberry,2.0
2642,660.5,mRNA,mKalama1,1.0
2643,660.75,topo,topoI,0.25
2643,660.75,topo,gyrase,0.25
2643,660.75,RNAP,RNAP,1.0
2643,660.75,mRNA,tetA,9.0
2643,660.75,mRNA,Raspberry,2.0
2643,660.75,mRNA,mKalama1,1.0
2644,661.0,topo,topoI,0.25
2644,661.0,topo,gyrase,0.25
2644,661.0,RNAP,RNAP,1.0
2644,661.0,mRNA,tetA,9.0
2644,661.0,mRNA,Raspberry,2.0
2644,661.0,mRNA,mKalama1,1.0
2645,661.25,topo,topoI,0.25
2645,661.25,topo,gyrase,0.25
2645,661.25,RNAP,RNAP,1.0
2645,661.25,mRNA,tetA,9.0
2645,661.25,mRNA,Raspberry,2.0
2645,661.25,mRNA,mKalama1,1.0
2646,661.5,topo,topoI,0.25
2646,661.5,topo,gyrase,0.25
2646,661.5,RNAP,RNAP,1.0
2646,661.5,mRNA,tetA,9.0
2646,661.5,mRNA,Raspberry,2.0
2646,661.5,mRNA,mKalama1,1.0
2647,661.75,topo,topoI,0.25
2647,661.75,topo,gyrase,0.25
2647,661.75,RNAP,RNAP,1.0
2647,661.75,mRNA,tetA,9.0
2647,661.75,mRNA,Raspberry,2.0
2647,661.75,mRNA,mKalama1,1.0
2648,662.0,topo,topoI,0.25
2648,662.0,topo,gyrase,0.25
2648,662.0,RNAP,RNAP,1.0
2648,662.0,mRNA,tetA,9.0
2648,662.0,mRNA,Raspberry,2.0
2648,662.0,mRNA,mKalama1,1.0
2649,662.25,topo,topoI,0.25
2649,662.25,topo,gyrase,0.25
2649,662.25,RNAP,RNAP,1.0
2649,662.25,mRNA,tetA,9.0
2649,662.25,mRNA,Raspberry,2.0
2649,662.25,mRNA,mKalama1,1.0
2650,662.5,topo,topoI,0.25
2650,662.5,topo,gyrase,0.25
2650,662.5,RNAP,RNAP,1.0
2650,662.5,mRNA,tetA,9.0
2650,662.5,mRNA,Raspberry,2.0
2650,662.5,mRNA,mKalama1,1.0
2651,662.75,topo,topoI,0.25
2651,662.75,topo,gyrase,0.25
2651,662.75,RNAP,RNAP,1.0
2651,662.75,mRNA,tetA,9.0
2651,662.75,mRNA,Raspberry,2.0
2651,662.75,mRNA,mKalama1,1.0
2652,663.0,topo,topoI,0.25
2652,663.0,topo,gyrase,0.25
2652,663.0,RNAP,RNAP,1.0
2652,663.0,mRNA,tetA,9.0
2652,663.0,mRNA,Raspberry,2.0
2652,663.0,mRNA,mKalama1,1.0
2653,663.25,topo,topoI,0.25
2653,663.25,topo,gyrase,0.25
2653,663.25,RNAP,RNAP,1.0
2653,663.25,mRNA,tetA,9.0
2653,663.25,mRNA,Raspberry,2.0
2653,663.25,mRNA,mKalama1,1.0
2654,663.5,topo,topoI,0.25
2654,663.5,topo,gyrase,0.25
2654,663.5,RNAP,RNAP,1.0
2654,663.5,mRNA,tetA,9.0
2654,663.5,mRNA,Raspberry,2.0
2654,663.5,mRNA,mKalama1,1.0
2655,663.75,topo,topoI,0.25
2655,663.75,topo,gyrase,0.25
2655,663.75,RNAP,RNAP,1.0
2655,663.75,mRNA,tetA,9.0
2655,663.75,mRNA,Raspberry,2.0
2655,663.75,mRNA,mKalama1,1.0
2656,664.0,topo,topoI,0.25
2656,664.0,topo,gyrase,0.25
2656,664.0,RNAP,RNAP,1.0
2656,664.0,mRNA,tetA,9.0
2656,664.0,mRNA,Raspberry,2.0
2656,664.0,mRNA,mKalama1,1.0
2657,664.25,topo,topoI,0.25
2657,664.25,topo,gyrase,0.25
2657,664.25,RNAP,RNAP,1.0
2657,664.25,mRNA,tetA,9.0
2657,664.25,mRNA,Raspberry,2.0
2657,664.25,mRNA,mKalama1,1.0
2658,664.5,topo,topoI,0.25
2658,664.5,topo,gyrase,0.25
2658,664.5,RNAP,RNAP,1.0
2658,664.5,mRNA,tetA,9.0
2658,664.5,mRNA,Raspberry,2.0
2658,664.5,mRNA,mKalama1,1.0
2659,664.75,topo,topoI,0.25
2659,664.75,topo,gyrase,0.25
2659,664.75,RNAP,RNAP,1.0
2659,664.75,mRNA,tetA,9.0
2659,664.75,mRNA,Raspberry,2.0
2659,664.75,mRNA,mKalama1,1.0
2660,665.0,topo,topoI,0.25
2660,665.0,topo,gyrase,0.25
2660,665.0,RNAP,RNAP,1.0
2660,665.0,mRNA,tetA,9.0
2660,665.0,mRNA,Raspberry,2.0
2660,665.0,mRNA,mKalama1,1.0
2661,665.25,topo,topoI,0.25
2661,665.25,topo,gyrase,0.25
2661,665.25,RNAP,RNAP,1.0
2661,665.25,mRNA,tetA,9.0
2661,665.25,mRNA,Raspberry,2.0
2661,665.25,mRNA,mKalama1,1.0
2662,665.5,topo,topoI,0.25
2662,665.5,topo,gyrase,0.25
2662,665.5,RNAP,RNAP,1.0
2662,665.5,mRNA,tetA,9.0
2662,665.5,mRNA,Raspberry,2.0
2662,665.5,mRNA,mKalama1,1.0
2663,665.75,topo,topoI,0.25
2663,665.75,topo,gyrase,0.25
2663,665.75,RNAP,RNAP,1.0
2663,665.75,mRNA,tetA,9.0
2663,665.75,mRNA,Raspberry,2.0
2663,665.75,mRNA,mKalama1,1.0
2664,666.0,topo,topoI,0.25
2664,666.0,topo,gyrase,0.25
2664,666.0,RNAP,RNAP,1.0
2664,666.0,mRNA,tetA,9.0
2664,666.0,mRNA,Raspberry,2.0
2664,666.0,mRNA,mKalama1,1.0
2665,666.25,topo,topoI,0.25
2665,666.25,topo,gyrase,0.25
2665,666.25,RNAP,RNAP,1.0
2665,666.25,mRNA,tetA,9.0
2665,666.25,mRNA,Raspberry,2.0
2665,666.25,mRNA,mKalama1,1.0
2666,666.5,topo,topoI,0.25
2666,666.5,topo,gyrase,0.25
2666,666.5,RNAP,RNAP,1.0
2666,666.5,mRNA,tetA,9.0
2666,666.5,mRNA,Raspberry,2.0
2666,666.5,mRNA,mKalama1,1.0
2667,666.75,topo,topoI,0.25
2667,666.75,topo,gyrase,0.25
2667,666.75,RNAP,RNAP,1.0
2667,666.75,mRNA,tetA,9.0
2667,666.75,mRNA,Raspberry,2.0
2667,666.75,mRNA,mKalama1,1.0
2668,667.0,topo,topoI,0.25
2668,667.0,topo,gyrase,0.25
2668,667.0,RNAP,RNAP,1.0
2668,667.0,mRNA,tetA,9.0
2668,667.0,mRNA,Raspberry,2.0
2668,667.0,mRNA,mKalama1,1.0
2669,667.25,topo,topoI,0.25
2669,667.25,topo,gyrase,0.25
2669,667.25,RNAP,RNAP,1.0
2669,667.25,mRNA,tetA,9.0
2669,667.25,mRNA,Raspberry,2.0
2669,667.25,mRNA,mKalama1,1.0
2670,667.5,topo,topoI,0.25
2670,667.5,topo,gyrase,0.25
2670,667.5,RNAP,RNAP,1.0
2670,667.5,mRNA,tetA,9.0
2670,667.5,mRNA,Raspberry,2.0
2670,667.5,mRNA,mKalama1,1.0
2671,667.75,topo,topoI,0.25
2671,667.75,topo,gyrase,0.25
2671,667.75,RNAP,RNAP,1.0
2671,667.75,mRNA,tetA,9.0
2671,667.75,mRNA,Raspberry,2.0
2671,667.75,mRNA,mKalama1,1.0
2672,668.0,topo,topoI,0.25
2672,668.0,topo,gyrase,0.25
2672,668.0,RNAP,RNAP,1.0
2672,668.0,mRNA,tetA,9.0
2672,668.0,mRNA,Raspberry,2.0
2672,668.0,mRNA,mKalama1,1.0
2673,668.25,topo,topoI,0.25
2673,668.25,topo,gyrase,0.25
2673,668.25,RNAP,RNAP,1.0
2673,668.25,mRNA,tetA,9.0
2673,668.25,mRNA,Raspberry,2.0
2673,668.25,mRNA,mKalama1,1.0
2674,668.5,topo,topoI,0.25
2674,668.5,topo,gyrase,0.25
2674,668.5,RNAP,RNAP,1.0
2674,668.5,mRNA,tetA,9.0
2674,668.5,mRNA,Raspberry,2.0
2674,668.5,mRNA,mKalama1,1.0
2675,668.75,topo,topoI,0.25
2675,668.75,topo,gyrase,0.25
2675,668.75,RNAP,RNAP,1.0
2675,668.75,mRNA,tetA,9.0
2675,668.75,mRNA,Raspberry,2.0
2675,668.75,mRNA,mKalama1,1.0
2676,669.0,topo,topoI,0.25
2676,669.0,topo,gyrase,0.25
2676,669.0,RNAP,RNAP,1.0
2676,669.0,mRNA,tetA,9.0
2676,669.0,mRNA,Raspberry,2.0
2676,669.0,mRNA,mKalama1,1.0
2677,669.25,topo,topoI,0.25
2677,669.25,topo,gyrase,0.25
2677,669.25,RNAP,RNAP,1.0
2677,669.25,mRNA,tetA,9.0
2677,669.25,mRNA,Raspberry,2.0
2677,669.25,mRNA,mKalama1,1.0
2678,669.5,topo,topoI,0.25
2678,669.5,topo,gyrase,0.25
2678,669.5,RNAP,RNAP,1.0
2678,669.5,mRNA,tetA,9.0
2678,669.5,mRNA,Raspberry,2.0
2678,669.5,mRNA,mKalama1,1.0
2679,669.75,topo,topoI,0.25
2679,669.75,topo,gyrase,0.25
2679,669.75,RNAP,RNAP,1.0
2679,669.75,mRNA,tetA,9.0
2679,669.75,mRNA,Raspberry,2.0
2679,669.75,mRNA,mKalama1,1.0
2680,670.0,topo,topoI,0.25
2680,670.0,topo,gyrase,0.25
2680,670.0,RNAP,RNAP,1.0
2680,670.0,mRNA,tetA,9.0
2680,670.0,mRNA,Raspberry,2.0
2680,670.0,mRNA,mKalama1,1.0
2681,670.25,topo,topoI,0.25
2681,670.25,topo,gyrase,0.25
2681,670.25,RNAP,RNAP,1.0
2681,670.25,mRNA,tetA,9.0
2681,670.25,mRNA,Raspberry,2.0
2681,670.25,mRNA,mKalama1,1.0
2682,670.5,topo,topoI,0.25
2682,670.5,topo,gyrase,0.25
2682,670.5,RNAP,RNAP,1.0
2682,670.5,mRNA,tetA,9.0
2682,670.5,mRNA,Raspberry,2.0
2682,670.5,mRNA,mKalama1,1.0
2683,670.75,topo,topoI,0.25
2683,670.75,topo,gyrase,0.25
2683,670.75,RNAP,RNAP,1.0
2683,670.75,mRNA,tetA,9.0
2683,670.75,mRNA,Raspberry,2.0
2683,670.75,mRNA,mKalama1,1.0
2684,671.0,topo,topoI,0.25
2684,671.0,topo,gyrase,0.25
2684,671.0,RNAP,RNAP,1.0
2684,671.0,mRNA,tetA,9.0
2684,671.0,mRNA,Raspberry,2.0
2684,671.0,mRNA,mKalama1,1.0
2685,671.25,topo,topoI,0.25
2685,671.25,topo,gyrase,0.25
2685,671.25,RNAP,RNAP,1.0
2685,671.25,mRNA,tetA,9.0
2685,671.25,mRNA,Raspberry,2.0
2685,671.25,mRNA,mKalama1,1.0
2686,671.5,topo,topoI,0.25
2686,671.5,topo,gyrase,0.25
2686,671.5,RNAP,RNAP,1.0
2686,671.5,mRNA,tetA,9.0
2686,671.5,mRNA,Raspberry,2.0
2686,671.5,mRNA,mKalama1,1.0
2687,671.75,topo,topoI,0.25
2687,671.75,topo,gyrase,0.25
2687,671.75,RNAP,RNAP,1.0
2687,671.75,mRNA,tetA,9.0
2687,671.75,mRNA,Raspberry,2.0
2687,671.75,mRNA,mKalama1,1.0
2688,672.0,topo,topoI,0.25
2688,672.0,topo,gyrase,0.25
2688,672.0,RNAP,RNAP,1.0
2688,672.0,mRNA,tetA,9.0
2688,672.0,mRNA,Raspberry,2.0
2688,672.0,mRNA,mKalama1,1.0
2689,672.25,topo,topoI,0.25
2689,672.25,topo,gyrase,0.25
2689,672.25,RNAP,RNAP,1.0
2689,672.25,mRNA,tetA,9.0
2689,672.25,mRNA,Raspberry,2.0
2689,672.25,mRNA,mKalama1,1.0
2690,672.5,topo,topoI,0.25
2690,672.5,topo,gyrase,0.25
2690,672.5,RNAP,RNAP,1.0
2690,672.5,mRNA,tetA,9.0
2690,672.5,mRNA,Raspberry,2.0
2690,672.5,mRNA,mKalama1,1.0
2691,672.75,topo,topoI,0.25
2691,672.75,topo,gyrase,0.25
2691,672.75,RNAP,RNAP,1.0
2691,672.75,mRNA,tetA,9.0
2691,672.75,mRNA,Raspberry,2.0
2691,672.75,mRNA,mKalama1,1.0
2692,673.0,topo,topoI,0.25
2692,673.0,topo,gyrase,0.25
2692,673.0,RNAP,RNAP,1.0
2692,673.0,mRNA,tetA,9.0
2692,673.0,mRNA,Raspberry,2.0
2692,673.0,mRNA,mKalama1,1.0
2693,673.25,topo,topoI,0.25
2693,673.25,topo,gyrase,0.25
2693,673.25,RNAP,RNAP,1.0
2693,673.25,mRNA,tetA,9.0
2693,673.25,mRNA,Raspberry,2.0
2693,673.25,mRNA,mKalama1,1.0
2694,673.5,topo,topoI,0.25
2694,673.5,topo,gyrase,0.25
2694,673.5,RNAP,RNAP,1.0
2694,673.5,mRNA,tetA,9.0
2694,673.5,mRNA,Raspberry,2.0
2694,673.5,mRNA,mKalama1,1.0
2695,673.75,topo,topoI,0.25
2695,673.75,topo,gyrase,0.25
2695,673.75,RNAP,RNAP,1.0
2695,673.75,mRNA,tetA,9.0
2695,673.75,mRNA,Raspberry,2.0
2695,673.75,mRNA,mKalama1,1.0
2696,674.0,topo,topoI,0.25
2696,674.0,topo,gyrase,0.25
2696,674.0,RNAP,RNAP,1.0
2696,674.0,mRNA,tetA,9.0
2696,674.0,mRNA,Raspberry,2.0
2696,674.0,mRNA,mKalama1,1.0
2697,674.25,topo,topoI,0.25
2697,674.25,topo,gyrase,0.25
2697,674.25,RNAP,RNAP,1.0
2697,674.25,mRNA,tetA,9.0
2697,674.25,mRNA,Raspberry,2.0
2697,674.25,mRNA,mKalama1,1.0
2698,674.5,topo,topoI,0.25
2698,674.5,topo,gyrase,0.25
2698,674.5,RNAP,RNAP,1.0
2698,674.5,mRNA,tetA,9.0
2698,674.5,mRNA,Raspberry,2.0
2698,674.5,mRNA,mKalama1,1.0
2699,674.75,topo,topoI,0.25
2699,674.75,topo,gyrase,0.25
2699,674.75,RNAP,RNAP,1.0
2699,674.75,mRNA,tetA,9.0
2699,674.75,mRNA,Raspberry,2.0
2699,674.75,mRNA,mKalama1,1.0
2700,675.0,topo,topoI,0.25
2700,675.0,topo,gyrase,0.25
2700,675.0,RNAP,RNAP,1.0
2700,675.0,mRNA,tetA,9.0
2700,675.0,mRNA,Raspberry,2.0
2700,675.0,mRNA,mKalama1,1.0
2701,675.25,topo,topoI,0.25
2701,675.25,topo,gyrase,0.25
2701,675.25,RNAP,RNAP,1.0
2701,675.25,mRNA,tetA,9.0
2701,675.25,mRNA,Raspberry,2.0
2701,675.25,mRNA,mKalama1,1.0
2702,675.5,topo,topoI,0.25
2702,675.5,topo,gyrase,0.25
2702,675.5,RNAP,RNAP,1.0
2702,675.5,mRNA,tetA,9.0
2702,675.5,mRNA,Raspberry,2.0
2702,675.5,mRNA,mKalama1,1.0
2703,675.75,topo,topoI,0.25
2703,675.75,topo,gyrase,0.25
2703,675.75,RNAP,RNAP,1.0
2703,675.75,mRNA,tetA,9.0
2703,675.75,mRNA,Raspberry,2.0
2703,675.75,mRNA,mKalama1,1.0
2704,676.0,topo,topoI,0.25
2704,676.0,topo,gyrase,0.25
2704,676.0,RNAP,RNAP,1.0
2704,676.0,mRNA,tetA,9.0
2704,676.0,mRNA,Raspberry,2.0
2704,676.0,mRNA,mKalama1,1.0
2705,676.25,topo,topoI,0.25
2705,676.25,topo,gyrase,0.25
2705,676.25,RNAP,RNAP,1.0
2705,676.25,mRNA,tetA,9.0
2705,676.25,mRNA,Raspberry,2.0
2705,676.25,mRNA,mKalama1,1.0
2706,676.5,topo,topoI,0.25
2706,676.5,topo,gyrase,0.25
2706,676.5,RNAP,RNAP,1.0
2706,676.5,mRNA,tetA,9.0
2706,676.5,mRNA,Raspberry,2.0
2706,676.5,mRNA,mKalama1,1.0
2707,676.75,topo,topoI,0.25
2707,676.75,topo,gyrase,0.25
2707,676.75,RNAP,RNAP,1.0
2707,676.75,mRNA,tetA,9.0
2707,676.75,mRNA,Raspberry,2.0
2707,676.75,mRNA,mKalama1,1.0
2708,677.0,topo,topoI,0.25
2708,677.0,topo,gyrase,0.25
2708,677.0,RNAP,RNAP,1.0
2708,677.0,mRNA,tetA,9.0
2708,677.0,mRNA,Raspberry,2.0
2708,677.0,mRNA,mKalama1,1.0
2709,677.25,topo,topoI,0.25
2709,677.25,topo,gyrase,0.25
2709,677.25,RNAP,RNAP,1.0
2709,677.25,mRNA,tetA,9.0
2709,677.25,mRNA,Raspberry,2.0
2709,677.25,mRNA,mKalama1,1.0
2710,677.5,topo,topoI,0.25
2710,677.5,topo,gyrase,0.25
2710,677.5,RNAP,RNAP,1.0
2710,677.5,mRNA,tetA,9.0
2710,677.5,mRNA,Raspberry,2.0
2710,677.5,mRNA,mKalama1,1.0
2711,677.75,topo,topoI,0.25
2711,677.75,topo,gyrase,0.25
2711,677.75,RNAP,RNAP,1.0
2711,677.75,mRNA,tetA,9.0
2711,677.75,mRNA,Raspberry,2.0
2711,677.75,mRNA,mKalama1,1.0
2712,678.0,topo,topoI,0.25
2712,678.0,topo,gyrase,0.25
2712,678.0,RNAP,RNAP,1.0
2712,678.0,mRNA,tetA,9.0
2712,678.0,mRNA,Raspberry,2.0
2712,678.0,mRNA,mKalama1,1.0
2713,678.25,topo,topoI,0.25
2713,678.25,topo,gyrase,0.25
2713,678.25,RNAP,RNAP,1.0
2713,678.25,mRNA,tetA,9.0
2713,678.25,mRNA,Raspberry,2.0
2713,678.25,mRNA,mKalama1,1.0
2714,678.5,topo,topoI,0.25
2714,678.5,topo,gyrase,0.25
2714,678.5,RNAP,RNAP,1.0
2714,678.5,mRNA,tetA,9.0
2714,678.5,mRNA,Raspberry,2.0
2714,678.5,mRNA,mKalama1,1.0
2715,678.75,topo,topoI,0.25
2715,678.75,topo,gyrase,0.25
2715,678.75,RNAP,RNAP,1.0
2715,678.75,mRNA,tetA,9.0
2715,678.75,mRNA,Raspberry,2.0
2715,678.75,mRNA,mKalama1,1.0
2716,679.0,topo,topoI,0.25
2716,679.0,topo,gyrase,0.25
2716,679.0,RNAP,RNAP,1.0
2716,679.0,mRNA,tetA,9.0
2716,679.0,mRNA,Raspberry,2.0
2716,679.0,mRNA,mKalama1,1.0
2717,679.25,topo,topoI,0.25
2717,679.25,topo,gyrase,0.25
2717,679.25,RNAP,RNAP,1.0
2717,679.25,mRNA,tetA,9.0
2717,679.25,mRNA,Raspberry,2.0
2717,679.25,mRNA,mKalama1,1.0
2718,679.5,topo,topoI,0.25
2718,679.5,topo,gyrase,0.25
2718,679.5,RNAP,RNAP,1.0
2718,679.5,mRNA,tetA,9.0
2718,679.5,mRNA,Raspberry,2.0
2718,679.5,mRNA,mKalama1,1.0
2719,679.75,topo,topoI,0.25
2719,679.75,topo,gyrase,0.25
2719,679.75,RNAP,RNAP,1.0
2719,679.75,mRNA,tetA,9.0
2719,679.75,mRNA,Raspberry,2.0
2719,679.75,mRNA,mKalama1,1.0
2720,680.0,topo,topoI,0.25
2720,680.0,topo,gyrase,0.25
2720,680.0,RNAP,RNAP,1.0
2720,680.0,mRNA,tetA,9.0
2720,680.0,mRNA,Raspberry,2.0
2720,680.0,mRNA,mKalama1,1.0
2721,680.25,topo,topoI,0.25
2721,680.25,topo,gyrase,0.25
2721,680.25,RNAP,RNAP,1.0
2721,680.25,mRNA,tetA,9.0
2721,680.25,mRNA,Raspberry,2.0
2721,680.25,mRNA,mKalama1,1.0
2722,680.5,topo,topoI,0.25
2722,680.5,topo,gyrase,0.25
2722,680.5,RNAP,RNAP,1.0
2722,680.5,mRNA,tetA,9.0
2722,680.5,mRNA,Raspberry,2.0
2722,680.5,mRNA,mKalama1,1.0
2723,680.75,topo,topoI,0.25
2723,680.75,topo,gyrase,0.25
2723,680.75,RNAP,RNAP,1.0
2723,680.75,mRNA,tetA,9.0
2723,680.75,mRNA,Raspberry,2.0
2723,680.75,mRNA,mKalama1,1.0
2724,681.0,topo,topoI,0.25
2724,681.0,topo,gyrase,0.25
2724,681.0,RNAP,RNAP,1.0
2724,681.0,mRNA,tetA,9.0
2724,681.0,mRNA,Raspberry,2.0
2724,681.0,mRNA,mKalama1,1.0
2725,681.25,topo,topoI,0.25
2725,681.25,topo,gyrase,0.25
2725,681.25,RNAP,RNAP,1.0
2725,681.25,mRNA,tetA,9.0
2725,681.25,mRNA,Raspberry,2.0
2725,681.25,mRNA,mKalama1,1.0
2726,681.5,topo,topoI,0.25
2726,681.5,topo,gyrase,0.25
2726,681.5,RNAP,RNAP,1.0
2726,681.5,mRNA,tetA,9.0
2726,681.5,mRNA,Raspberry,2.0
2726,681.5,mRNA,mKalama1,1.0
2727,681.75,topo,topoI,0.25
2727,681.75,topo,gyrase,0.25
2727,681.75,RNAP,RNAP,1.0
2727,681.75,mRNA,tetA,9.0
2727,681.75,mRNA,Raspberry,2.0
2727,681.75,mRNA,mKalama1,1.0
2728,682.0,topo,topoI,0.25
2728,682.0,topo,gyrase,0.25
2728,682.0,RNAP,RNAP,1.0
2728,682.0,mRNA,tetA,9.0
2728,682.0,mRNA,Raspberry,2.0
2728,682.0,mRNA,mKalama1,1.0
2729,682.25,topo,topoI,0.25
2729,682.25,topo,gyrase,0.25
2729,682.25,RNAP,RNAP,1.0
2729,682.25,mRNA,tetA,9.0
2729,682.25,mRNA,Raspberry,2.0
2729,682.25,mRNA,mKalama1,1.0
2730,682.5,topo,topoI,0.25
2730,682.5,topo,gyrase,0.25
2730,682.5,RNAP,RNAP,1.0
2730,682.5,mRNA,tetA,9.0
2730,682.5,mRNA,Raspberry,2.0
2730,682.5,mRNA,mKalama1,1.0
2731,682.75,topo,topoI,0.25
2731,682.75,topo,gyrase,0.25
2731,682.75,RNAP,RNAP,1.0
2731,682.75,mRNA,tetA,9.0
2731,682.75,mRNA,Raspberry,2.0
2731,682.75,mRNA,mKalama1,1.0
2732,683.0,topo,topoI,0.25
2732,683.0,topo,gyrase,0.25
2732,683.0,RNAP,RNAP,1.0
2732,683.0,mRNA,tetA,9.0
2732,683.0,mRNA,Raspberry,2.0
2732,683.0,mRNA,mKalama1,1.0
2733,683.25,topo,topoI,0.25
2733,683.25,topo,gyrase,0.25
2733,683.25,RNAP,RNAP,1.0
2733,683.25,mRNA,tetA,9.0
2733,683.25,mRNA,Raspberry,2.0
2733,683.25,mRNA,mKalama1,1.0
2734,683.5,topo,topoI,0.25
2734,683.5,topo,gyrase,0.25
2734,683.5,RNAP,RNAP,1.0
2734,683.5,mRNA,tetA,9.0
2734,683.5,mRNA,Raspberry,2.0
2734,683.5,mRNA,mKalama1,1.0
2735,683.75,topo,topoI,0.25
2735,683.75,topo,gyrase,0.25
2735,683.75,RNAP,RNAP,1.0
2735,683.75,mRNA,tetA,9.0
2735,683.75,mRNA,Raspberry,2.0
2735,683.75,mRNA,mKalama1,1.0
2736,684.0,topo,topoI,0.25
2736,684.0,topo,gyrase,0.25
2736,684.0,RNAP,RNAP,1.0
2736,684.0,mRNA,tetA,9.0
2736,684.0,mRNA,Raspberry,2.0
2736,684.0,mRNA,mKalama1,1.0
2737,684.25,topo,topoI,0.25
2737,684.25,topo,gyrase,0.25
2737,684.25,RNAP,RNAP,1.0
2737,684.25,mRNA,tetA,9.0
2737,684.25,mRNA,Raspberry,2.0
2737,684.25,mRNA,mKalama1,1.0
2738,684.5,topo,topoI,0.25
2738,684.5,topo,gyrase,0.25
2738,684.5,RNAP,RNAP,1.0
2738,684.5,mRNA,tetA,9.0
2738,684.5,mRNA,Raspberry,2.0
2738,684.5,mRNA,mKalama1,1.0
2739,684.75,topo,topoI,0.25
2739,684.75,topo,gyrase,0.25
2739,684.75,RNAP,RNAP,1.0
2739,684.75,mRNA,tetA,9.0
2739,684.75,mRNA,Raspberry,2.0
2739,684.75,mRNA,mKalama1,1.0
2740,685.0,topo,topoI,0.25
2740,685.0,topo,gyrase,0.25
2740,685.0,RNAP,RNAP,1.0
2740,685.0,mRNA,tetA,9.0
2740,685.0,mRNA,Raspberry,2.0
2740,685.0,mRNA,mKalama1,1.0
2741,685.25,topo,topoI,0.25
2741,685.25,topo,gyrase,0.25
2741,685.25,RNAP,RNAP,1.0
2741,685.25,mRNA,tetA,9.0
2741,685.25,mRNA,Raspberry,2.0
2741,685.25,mRNA,mKalama1,1.0
2742,685.5,topo,topoI,0.25
2742,685.5,topo,gyrase,0.25
2742,685.5,RNAP,RNAP,1.0
2742,685.5,mRNA,tetA,9.0
2742,685.5,mRNA,Raspberry,2.0
2742,685.5,mRNA,mKalama1,1.0
2743,685.75,topo,topoI,0.25
2743,685.75,topo,gyrase,0.25
2743,685.75,RNAP,RNAP,1.0
2743,685.75,mRNA,tetA,9.0
2743,685.75,mRNA,Raspberry,2.0
2743,685.75,mRNA,mKalama1,1.0
2744,686.0,topo,topoI,0.25
2744,686.0,topo,gyrase,0.25
2744,686.0,RNAP,RNAP,1.0
2744,686.0,mRNA,tetA,9.0
2744,686.0,mRNA,Raspberry,2.0
2744,686.0,mRNA,mKalama1,1.0
2745,686.25,topo,topoI,0.25
2745,686.25,topo,gyrase,0.25
2745,686.25,RNAP,RNAP,1.0
2745,686.25,mRNA,tetA,9.0
2745,686.25,mRNA,Raspberry,2.0
2745,686.25,mRNA,mKalama1,1.0
2746,686.5,topo,topoI,0.25
2746,686.5,topo,gyrase,0.25
2746,686.5,RNAP,RNAP,1.0
2746,686.5,mRNA,tetA,9.0
2746,686.5,mRNA,Raspberry,2.0
2746,686.5,mRNA,mKalama1,1.0
2747,686.75,topo,topoI,0.25
2747,686.75,topo,gyrase,0.25
2747,686.75,RNAP,RNAP,1.0
2747,686.75,mRNA,tetA,9.0
2747,686.75,mRNA,Raspberry,2.0
2747,686.75,mRNA,mKalama1,1.0
2748,687.0,topo,topoI,0.25
2748,687.0,topo,gyrase,0.25
2748,687.0,RNAP,RNAP,1.0
2748,687.0,mRNA,tetA,9.0
2748,687.0,mRNA,Raspberry,2.0
2748,687.0,mRNA,mKalama1,1.0
2749,687.25,topo,topoI,0.25
2749,687.25,topo,gyrase,0.25
2749,687.25,RNAP,RNAP,1.0
2749,687.25,mRNA,tetA,9.0
2749,687.25,mRNA,Raspberry,2.0
2749,687.25,mRNA,mKalama1,1.0
2750,687.5,topo,topoI,0.25
2750,687.5,topo,gyrase,0.25
2750,687.5,RNAP,RNAP,1.0
2750,687.5,mRNA,tetA,9.0
2750,687.5,mRNA,Raspberry,2.0
2750,687.5,mRNA,mKalama1,1.0
2751,687.75,topo,topoI,0.25
2751,687.75,topo,gyrase,0.25
2751,687.75,RNAP,RNAP,1.0
2751,687.75,mRNA,tetA,9.0
2751,687.75,mRNA,Raspberry,2.0
2751,687.75,mRNA,mKalama1,1.0
2752,688.0,topo,topoI,0.25
2752,688.0,topo,gyrase,0.25
2752,688.0,RNAP,RNAP,1.0
2752,688.0,mRNA,tetA,9.0
2752,688.0,mRNA,Raspberry,2.0
2752,688.0,mRNA,mKalama1,1.0
2753,688.25,topo,topoI,0.25
2753,688.25,topo,gyrase,0.25
2753,688.25,RNAP,RNAP,1.0
2753,688.25,mRNA,tetA,9.0
2753,688.25,mRNA,Raspberry,2.0
2753,688.25,mRNA,mKalama1,1.0
2754,688.5,topo,topoI,0.25
2754,688.5,topo,gyrase,0.25
2754,688.5,RNAP,RNAP,1.0
2754,688.5,mRNA,tetA,9.0
2754,688.5,mRNA,Raspberry,2.0
2754,688.5,mRNA,mKalama1,1.0
2755,688.75,topo,topoI,0.25
2755,688.75,topo,gyrase,0.25
2755,688.75,RNAP,RNAP,1.0
2755,688.75,mRNA,tetA,9.0
2755,688.75,mRNA,Raspberry,2.0
2755,688.75,mRNA,mKalama1,1.0
2756,689.0,topo,topoI,0.25
2756,689.0,topo,gyrase,0.25
2756,689.0,RNAP,RNAP,1.0
2756,689.0,mRNA,tetA,9.0
2756,689.0,mRNA,Raspberry,2.0
2756,689.0,mRNA,mKalama1,1.0
2757,689.25,topo,topoI,0.25
2757,689.25,topo,gyrase,0.25
2757,689.25,RNAP,RNAP,1.0
2757,689.25,mRNA,tetA,9.0
2757,689.25,mRNA,Raspberry,2.0
2757,689.25,mRNA,mKalama1,1.0
2758,689.5,topo,topoI,0.25
2758,689.5,topo,gyrase,0.25
2758,689.5,RNAP,RNAP,1.0
2758,689.5,mRNA,tetA,9.0
2758,689.5,mRNA,Raspberry,2.0
2758,689.5,mRNA,mKalama1,1.0
2759,689.75,topo,topoI,0.25
2759,689.75,topo,gyrase,0.25
2759,689.75,RNAP,RNAP,1.0
2759,689.75,mRNA,tetA,9.0
2759,689.75,mRNA,Raspberry,2.0
2759,689.75,mRNA,mKalama1,1.0
2760,690.0,topo,topoI,0.25
2760,690.0,topo,gyrase,0.25
2760,690.0,RNAP,RNAP,1.0
2760,690.0,mRNA,tetA,9.0
2760,690.0,mRNA,Raspberry,2.0
2760,690.0,mRNA,mKalama1,1.0
2761,690.25,topo,topoI,0.25
2761,690.25,topo,gyrase,0.25
2761,690.25,RNAP,RNAP,1.0
2761,690.25,mRNA,tetA,9.0
2761,690.25,mRNA,Raspberry,2.0
2761,690.25,mRNA,mKalama1,1.0
2762,690.5,topo,topoI,0.25
2762,690.5,topo,gyrase,0.25
2762,690.5,RNAP,RNAP,1.0
2762,690.5,mRNA,tetA,9.0
2762,690.5,mRNA,Raspberry,2.0
2762,690.5,mRNA,mKalama1,1.0
2763,690.75,topo,topoI,0.25
2763,690.75,topo,gyrase,0.25
2763,690.75,RNAP,RNAP,1.0
2763,690.75,mRNA,tetA,9.0
2763,690.75,mRNA,Raspberry,2.0
2763,690.75,mRNA,mKalama1,1.0
2764,691.0,topo,topoI,0.25
2764,691.0,topo,gyrase,0.25
2764,691.0,RNAP,RNAP,1.0
2764,691.0,mRNA,tetA,9.0
2764,691.0,mRNA,Raspberry,2.0
2764,691.0,mRNA,mKalama1,1.0
2765,691.25,topo,topoI,0.25
2765,691.25,topo,gyrase,0.25
2765,691.25,RNAP,RNAP,1.0
2765,691.25,mRNA,tetA,9.0
2765,691.25,mRNA,Raspberry,2.0
2765,691.25,mRNA,mKalama1,1.0
2766,691.5,topo,topoI,0.25
2766,691.5,topo,gyrase,0.25
2766,691.5,RNAP,RNAP,1.0
2766,691.5,mRNA,tetA,9.0
2766,691.5,mRNA,Raspberry,2.0
2766,691.5,mRNA,mKalama1,1.0
2767,691.75,topo,topoI,0.25
2767,691.75,topo,gyrase,0.25
2767,691.75,RNAP,RNAP,1.0
2767,691.75,mRNA,tetA,9.0
2767,691.75,mRNA,Raspberry,2.0
2767,691.75,mRNA,mKalama1,1.0
2768,692.0,topo,topoI,0.25
2768,692.0,topo,gyrase,0.25
2768,692.0,RNAP,RNAP,1.0
2768,692.0,mRNA,tetA,9.0
2768,692.0,mRNA,Raspberry,2.0
2768,692.0,mRNA,mKalama1,1.0
2769,692.25,topo,topoI,0.25
2769,692.25,topo,gyrase,0.25
2769,692.25,RNAP,RNAP,1.0
2769,692.25,mRNA,tetA,9.0
2769,692.25,mRNA,Raspberry,2.0
2769,692.25,mRNA,mKalama1,1.0
2770,692.5,topo,topoI,0.25
2770,692.5,topo,gyrase,0.25
2770,692.5,RNAP,RNAP,1.0
2770,692.5,mRNA,tetA,9.0
2770,692.5,mRNA,Raspberry,2.0
2770,692.5,mRNA,mKalama1,1.0
2771,692.75,topo,topoI,0.25
2771,692.75,topo,gyrase,0.25
2771,692.75,RNAP,RNAP,1.0
2771,692.75,mRNA,tetA,9.0
2771,692.75,mRNA,Raspberry,2.0
2771,692.75,mRNA,mKalama1,1.0
2772,693.0,topo,topoI,0.25
2772,693.0,topo,gyrase,0.25
2772,693.0,RNAP,RNAP,1.0
2772,693.0,mRNA,tetA,9.0
2772,693.0,mRNA,Raspberry,2.0
2772,693.0,mRNA,mKalama1,1.0
2773,693.25,topo,topoI,0.25
2773,693.25,topo,gyrase,0.25
2773,693.25,RNAP,RNAP,1.0
2773,693.25,mRNA,tetA,9.0
2773,693.25,mRNA,Raspberry,2.0
2773,693.25,mRNA,mKalama1,1.0
2774,693.5,topo,topoI,0.25
2774,693.5,topo,gyrase,0.25
2774,693.5,RNAP,RNAP,1.0
2774,693.5,mRNA,tetA,9.0
2774,693.5,mRNA,Raspberry,2.0
2774,693.5,mRNA,mKalama1,1.0
2775,693.75,topo,topoI,0.25
2775,693.75,topo,gyrase,0.25
2775,693.75,RNAP,RNAP,1.0
2775,693.75,mRNA,tetA,9.0
2775,693.75,mRNA,Raspberry,2.0
2775,693.75,mRNA,mKalama1,1.0
2776,694.0,topo,topoI,0.25
2776,694.0,topo,gyrase,0.25
2776,694.0,RNAP,RNAP,1.0
2776,694.0,mRNA,tetA,9.0
2776,694.0,mRNA,Raspberry,2.0
2776,694.0,mRNA,mKalama1,1.0
2777,694.25,topo,topoI,0.25
2777,694.25,topo,gyrase,0.25
2777,694.25,RNAP,RNAP,1.0
2777,694.25,mRNA,tetA,9.0
2777,694.25,mRNA,Raspberry,2.0
2777,694.25,mRNA,mKalama1,1.0
2778,694.5,topo,topoI,0.25
2778,694.5,topo,gyrase,0.25
2778,694.5,RNAP,RNAP,1.0
2778,694.5,mRNA,tetA,9.0
2778,694.5,mRNA,Raspberry,2.0
2778,694.5,mRNA,mKalama1,1.0
2779,694.75,topo,topoI,0.25
2779,694.75,topo,gyrase,0.25
2779,694.75,RNAP,RNAP,1.0
2779,694.75,mRNA,tetA,9.0
2779,694.75,mRNA,Raspberry,2.0
2779,694.75,mRNA,mKalama1,1.0
2780,695.0,topo,topoI,0.25
2780,695.0,topo,gyrase,0.25
2780,695.0,RNAP,RNAP,1.0
2780,695.0,mRNA,tetA,9.0
2780,695.0,mRNA,Raspberry,2.0
2780,695.0,mRNA,mKalama1,1.0
2781,695.25,topo,topoI,0.25
2781,695.25,topo,gyrase,0.25
2781,695.25,RNAP,RNAP,1.0
2781,695.25,mRNA,tetA,9.0
2781,695.25,mRNA,Raspberry,2.0
2781,695.25,mRNA,mKalama1,1.0
2782,695.5,topo,topoI,0.25
2782,695.5,topo,gyrase,0.25
2782,695.5,RNAP,RNAP,1.0
2782,695.5,mRNA,tetA,9.0
2782,695.5,mRNA,Raspberry,2.0
2782,695.5,mRNA,mKalama1,1.0
2783,695.75,topo,topoI,0.25
2783,695.75,topo,gyrase,0.25
2783,695.75,RNAP,RNAP,1.0
2783,695.75,mRNA,tetA,9.0
2783,695.75,mRNA,Raspberry,2.0
2783,695.75,mRNA,mKalama1,1.0
2784,696.0,topo,topoI,0.25
2784,696.0,topo,gyrase,0.25
2784,696.0,RNAP,RNAP,1.0
2784,696.0,mRNA,tetA,9.0
2784,696.0,mRNA,Raspberry,2.0
2784,696.0,mRNA,mKalama1,1.0
2785,696.25,topo,topoI,0.25
2785,696.25,topo,gyrase,0.25
2785,696.25,RNAP,RNAP,1.0
2785,696.25,mRNA,tetA,9.0
2785,696.25,mRNA,Raspberry,2.0
2785,696.25,mRNA,mKalama1,1.0
2786,696.5,topo,topoI,0.25
2786,696.5,topo,gyrase,0.25
2786,696.5,RNAP,RNAP,1.0
2786,696.5,mRNA,tetA,9.0
2786,696.5,mRNA,Raspberry,2.0
2786,696.5,mRNA,mKalama1,1.0
2787,696.75,topo,topoI,0.25
2787,696.75,topo,gyrase,0.25
2787,696.75,RNAP,RNAP,1.0
2787,696.75,mRNA,tetA,9.0
2787,696.75,mRNA,Raspberry,2.0
2787,696.75,mRNA,mKalama1,1.0
2788,697.0,topo,topoI,0.25
2788,697.0,topo,gyrase,0.25
2788,697.0,RNAP,RNAP,1.0
2788,697.0,mRNA,tetA,9.0
2788,697.0,mRNA,Raspberry,2.0
2788,697.0,mRNA,mKalama1,1.0
2789,697.25,topo,topoI,0.25
2789,697.25,topo,gyrase,0.25
2789,697.25,RNAP,RNAP,1.0
2789,697.25,mRNA,tetA,9.0
2789,697.25,mRNA,Raspberry,2.0
2789,697.25,mRNA,mKalama1,1.0
2790,697.5,topo,topoI,0.25
2790,697.5,topo,gyrase,0.25
2790,697.5,RNAP,RNAP,1.0
2790,697.5,mRNA,tetA,9.0
2790,697.5,mRNA,Raspberry,2.0
2790,697.5,mRNA,mKalama1,1.0
2791,697.75,topo,topoI,0.25
2791,697.75,topo,gyrase,0.25
2791,697.75,RNAP,RNAP,1.0
2791,697.75,mRNA,tetA,9.0
2791,697.75,mRNA,Raspberry,2.0
2791,697.75,mRNA,mKalama1,1.0
2792,698.0,topo,topoI,0.25
2792,698.0,topo,gyrase,0.25
2792,698.0,RNAP,RNAP,1.0
2792,698.0,mRNA,tetA,9.0
2792,698.0,mRNA,Raspberry,2.0
2792,698.0,mRNA,mKalama1,1.0
2793,698.25,topo,topoI,0.25
2793,698.25,topo,gyrase,0.25
2793,698.25,RNAP,RNAP,1.0
2793,698.25,mRNA,tetA,9.0
2793,698.25,mRNA,Raspberry,2.0
2793,698.25,mRNA,mKalama1,1.0
2794,698.5,topo,topoI,0.25
2794,698.5,topo,gyrase,0.25
2794,698.5,RNAP,RNAP,1.0
2794,698.5,mRNA,tetA,9.0
2794,698.5,mRNA,Raspberry,2.0
2794,698.5,mRNA,mKalama1,1.0
2795,698.75,topo,topoI,0.25
2795,698.75,topo,gyrase,0.25
2795,698.75,RNAP,RNAP,1.0
2795,698.75,mRNA,tetA,9.0
2795,698.75,mRNA,Raspberry,2.0
2795,698.75,mRNA,mKalama1,1.0
2796,699.0,topo,topoI,0.25
2796,699.0,topo,gyrase,0.25
2796,699.0,RNAP,RNAP,1.0
2796,699.0,mRNA,tetA,9.0
2796,699.0,mRNA,Raspberry,2.0
2796,699.0,mRNA,mKalama1,1.0
2797,699.25,topo,topoI,0.25
2797,699.25,topo,gyrase,0.25
2797,699.25,RNAP,RNAP,1.0
2797,699.25,mRNA,tetA,9.0
2797,699.25,mRNA,Raspberry,2.0
2797,699.25,mRNA,mKalama1,1.0
2798,699.5,topo,topoI,0.25
2798,699.5,topo,gyrase,0.25
2798,699.5,RNAP,RNAP,1.0
2798,699.5,mRNA,tetA,9.0
2798,699.5,mRNA,Raspberry,2.0
2798,699.5,mRNA,mKalama1,1.0
2799,699.75,topo,topoI,0.25
2799,699.75,topo,gyrase,0.25
2799,699.75,RNAP,RNAP,1.0
2799,699.75,mRNA,tetA,9.0
2799,699.75,mRNA,Raspberry,2.0
2799,699.75,mRNA,mKalama1,1.0
2800,700.0,topo,topoI,0.25
2800,700.0,topo,gyrase,0.25
2800,700.0,RNAP,RNAP,1.0
2800,700.0,mRNA,tetA,9.0
2800,700.0,mRNA,Raspberry,2.0
2800,700.0,mRNA,mKalama1,1.0
2801,700.25,topo,topoI,0.25
2801,700.25,topo,gyrase,0.25
2801,700.25,RNAP,RNAP,1.0
2801,700.25,mRNA,tetA,9.0
2801,700.25,mRNA,Raspberry,2.0
2801,700.25,mRNA,mKalama1,1.0
2802,700.5,topo,topoI,0.25
2802,700.5,topo,gyrase,0.25
2802,700.5,RNAP,RNAP,1.0
2802,700.5,mRNA,tetA,9.0
2802,700.5,mRNA,Raspberry,2.0
2802,700.5,mRNA,mKalama1,1.0
2803,700.75,topo,topoI,0.25
2803,700.75,topo,gyrase,0.25
2803,700.75,RNAP,RNAP,1.0
2803,700.75,mRNA,tetA,9.0
2803,700.75,mRNA,Raspberry,2.0
2803,700.75,mRNA,mKalama1,1.0
2804,701.0,topo,topoI,0.25
2804,701.0,topo,gyrase,0.25
2804,701.0,RNAP,RNAP,1.0
2804,701.0,mRNA,tetA,9.0
2804,701.0,mRNA,Raspberry,2.0
2804,701.0,mRNA,mKalama1,1.0
2805,701.25,topo,topoI,0.25
2805,701.25,topo,gyrase,0.25
2805,701.25,RNAP,RNAP,1.0
2805,701.25,mRNA,tetA,9.0
2805,701.25,mRNA,Raspberry,2.0
2805,701.25,mRNA,mKalama1,1.0
2806,701.5,topo,topoI,0.25
2806,701.5,topo,gyrase,0.25
2806,701.5,RNAP,RNAP,1.0
2806,701.5,mRNA,tetA,9.0
2806,701.5,mRNA,Raspberry,2.0
2806,701.5,mRNA,mKalama1,1.0
2807,701.75,topo,topoI,0.25
2807,701.75,topo,gyrase,0.25
2807,701.75,RNAP,RNAP,1.0
2807,701.75,mRNA,tetA,9.0
2807,701.75,mRNA,Raspberry,2.0
2807,701.75,mRNA,mKalama1,1.0
2808,702.0,topo,topoI,0.25
2808,702.0,topo,gyrase,0.25
2808,702.0,RNAP,RNAP,1.0
2808,702.0,mRNA,tetA,9.0
2808,702.0,mRNA,Raspberry,2.0
2808,702.0,mRNA,mKalama1,1.0
2809,702.25,topo,topoI,0.25
2809,702.25,topo,gyrase,0.25
2809,702.25,RNAP,RNAP,1.0
2809,702.25,mRNA,tetA,9.0
2809,702.25,mRNA,Raspberry,2.0
2809,702.25,mRNA,mKalama1,1.0
2810,702.5,topo,topoI,0.25
2810,702.5,topo,gyrase,0.25
2810,702.5,RNAP,RNAP,1.0
2810,702.5,mRNA,tetA,9.0
2810,702.5,mRNA,Raspberry,2.0
2810,702.5,mRNA,mKalama1,1.0
2811,702.75,topo,topoI,0.25
2811,702.75,topo,gyrase,0.25
2811,702.75,RNAP,RNAP,1.0
2811,702.75,mRNA,tetA,9.0
2811,702.75,mRNA,Raspberry,2.0
2811,702.75,mRNA,mKalama1,1.0
2812,703.0,topo,topoI,0.25
2812,703.0,topo,gyrase,0.25
2812,703.0,RNAP,RNAP,1.0
2812,703.0,mRNA,tetA,9.0
2812,703.0,mRNA,Raspberry,2.0
2812,703.0,mRNA,mKalama1,1.0
2813,703.25,topo,topoI,0.25
2813,703.25,topo,gyrase,0.25
2813,703.25,RNAP,RNAP,1.0
2813,703.25,mRNA,tetA,9.0
2813,703.25,mRNA,Raspberry,2.0
2813,703.25,mRNA,mKalama1,1.0
2814,703.5,topo,topoI,0.25
2814,703.5,topo,gyrase,0.25
2814,703.5,RNAP,RNAP,1.0
2814,703.5,mRNA,tetA,9.0
2814,703.5,mRNA,Raspberry,2.0
2814,703.5,mRNA,mKalama1,1.0
2815,703.75,topo,topoI,0.25
2815,703.75,topo,gyrase,0.25
2815,703.75,RNAP,RNAP,1.0
2815,703.75,mRNA,tetA,9.0
2815,703.75,mRNA,Raspberry,2.0
2815,703.75,mRNA,mKalama1,1.0
2816,704.0,topo,topoI,0.25
2816,704.0,topo,gyrase,0.25
2816,704.0,RNAP,RNAP,1.0
2816,704.0,mRNA,tetA,9.0
2816,704.0,mRNA,Raspberry,2.0
2816,704.0,mRNA,mKalama1,1.0
2817,704.25,topo,topoI,0.25
2817,704.25,topo,gyrase,0.25
2817,704.25,RNAP,RNAP,1.0
2817,704.25,mRNA,tetA,9.0
2817,704.25,mRNA,Raspberry,2.0
2817,704.25,mRNA,mKalama1,1.0
2818,704.5,topo,topoI,0.25
2818,704.5,topo,gyrase,0.25
2818,704.5,RNAP,RNAP,1.0
2818,704.5,mRNA,tetA,9.0
2818,704.5,mRNA,Raspberry,2.0
2818,704.5,mRNA,mKalama1,1.0
2819,704.75,topo,topoI,0.25
2819,704.75,topo,gyrase,0.25
2819,704.75,RNAP,RNAP,1.0
2819,704.75,mRNA,tetA,9.0
2819,704.75,mRNA,Raspberry,2.0
2819,704.75,mRNA,mKalama1,1.0
2820,705.0,topo,topoI,0.25
2820,705.0,topo,gyrase,0.25
2820,705.0,RNAP,RNAP,1.0
2820,705.0,mRNA,tetA,9.0
2820,705.0,mRNA,Raspberry,2.0
2820,705.0,mRNA,mKalama1,1.0
2821,705.25,topo,topoI,0.25
2821,705.25,topo,gyrase,0.25
2821,705.25,RNAP,RNAP,1.0
2821,705.25,mRNA,tetA,9.0
2821,705.25,mRNA,Raspberry,2.0
2821,705.25,mRNA,mKalama1,1.0
2822,705.5,topo,topoI,0.25
2822,705.5,topo,gyrase,0.25
2822,705.5,RNAP,RNAP,1.0
2822,705.5,mRNA,tetA,9.0
2822,705.5,mRNA,Raspberry,2.0
2822,705.5,mRNA,mKalama1,1.0
2823,705.75,topo,topoI,0.25
2823,705.75,topo,gyrase,0.25
2823,705.75,RNAP,RNAP,1.0
2823,705.75,mRNA,tetA,9.0
2823,705.75,mRNA,Raspberry,2.0
2823,705.75,mRNA,mKalama1,1.0
2824,706.0,topo,topoI,0.25
2824,706.0,topo,gyrase,0.25
2824,706.0,RNAP,RNAP,1.0
2824,706.0,mRNA,tetA,9.0
2824,706.0,mRNA,Raspberry,2.0
2824,706.0,mRNA,mKalama1,1.0
2825,706.25,topo,topoI,0.25
2825,706.25,topo,gyrase,0.25
2825,706.25,RNAP,RNAP,1.0
2825,706.25,mRNA,tetA,9.0
2825,706.25,mRNA,Raspberry,2.0
2825,706.25,mRNA,mKalama1,1.0
2826,706.5,topo,topoI,0.25
2826,706.5,topo,gyrase,0.25
2826,706.5,RNAP,RNAP,1.0
2826,706.5,mRNA,tetA,9.0
2826,706.5,mRNA,Raspberry,2.0
2826,706.5,mRNA,mKalama1,1.0
2827,706.75,topo,topoI,0.25
2827,706.75,topo,gyrase,0.25
2827,706.75,RNAP,RNAP,1.0
2827,706.75,mRNA,tetA,9.0
2827,706.75,mRNA,Raspberry,2.0
2827,706.75,mRNA,mKalama1,1.0
2828,707.0,topo,topoI,0.25
2828,707.0,topo,gyrase,0.25
2828,707.0,RNAP,RNAP,1.0
2828,707.0,mRNA,tetA,9.0
2828,707.0,mRNA,Raspberry,2.0
2828,707.0,mRNA,mKalama1,1.0
2829,707.25,topo,topoI,0.25
2829,707.25,topo,gyrase,0.25
2829,707.25,RNAP,RNAP,1.0
2829,707.25,mRNA,tetA,9.0
2829,707.25,mRNA,Raspberry,2.0
2829,707.25,mRNA,mKalama1,1.0
2830,707.5,topo,topoI,0.25
2830,707.5,topo,gyrase,0.25
2830,707.5,RNAP,RNAP,1.0
2830,707.5,mRNA,tetA,9.0
2830,707.5,mRNA,Raspberry,2.0
2830,707.5,mRNA,mKalama1,1.0
2831,707.75,topo,topoI,0.25
2831,707.75,topo,gyrase,0.25
2831,707.75,RNAP,RNAP,1.0
2831,707.75,mRNA,tetA,9.0
2831,707.75,mRNA,Raspberry,2.0
2831,707.75,mRNA,mKalama1,1.0
2832,708.0,topo,topoI,0.25
2832,708.0,topo,gyrase,0.25
2832,708.0,RNAP,RNAP,1.0
2832,708.0,mRNA,tetA,9.0
2832,708.0,mRNA,Raspberry,2.0
2832,708.0,mRNA,mKalama1,1.0
2833,708.25,topo,topoI,0.25
2833,708.25,topo,gyrase,0.25
2833,708.25,RNAP,RNAP,1.0
2833,708.25,mRNA,tetA,9.0
2833,708.25,mRNA,Raspberry,2.0
2833,708.25,mRNA,mKalama1,1.0
2834,708.5,topo,topoI,0.25
2834,708.5,topo,gyrase,0.25
2834,708.5,RNAP,RNAP,1.0
2834,708.5,mRNA,tetA,9.0
2834,708.5,mRNA,Raspberry,2.0
2834,708.5,mRNA,mKalama1,1.0
2835,708.75,topo,topoI,0.25
2835,708.75,topo,gyrase,0.25
2835,708.75,RNAP,RNAP,1.0
2835,708.75,mRNA,tetA,9.0
2835,708.75,mRNA,Raspberry,2.0
2835,708.75,mRNA,mKalama1,1.0
2836,709.0,topo,topoI,0.25
2836,709.0,topo,gyrase,0.25
2836,709.0,RNAP,RNAP,1.0
2836,709.0,mRNA,tetA,9.0
2836,709.0,mRNA,Raspberry,2.0
2836,709.0,mRNA,mKalama1,1.0
2837,709.25,topo,topoI,0.25
2837,709.25,topo,gyrase,0.25
2837,709.25,RNAP,RNAP,1.0
2837,709.25,mRNA,tetA,9.0
2837,709.25,mRNA,Raspberry,2.0
2837,709.25,mRNA,mKalama1,1.0
2838,709.5,topo,topoI,0.25
2838,709.5,topo,gyrase,0.25
2838,709.5,RNAP,RNAP,1.0
2838,709.5,mRNA,tetA,9.0
2838,709.5,mRNA,Raspberry,2.0
2838,709.5,mRNA,mKalama1,1.0
2839,709.75,topo,topoI,0.25
2839,709.75,topo,gyrase,0.25
2839,709.75,RNAP,RNAP,1.0
2839,709.75,mRNA,tetA,9.0
2839,709.75,mRNA,Raspberry,2.0
2839,709.75,mRNA,mKalama1,1.0
2840,710.0,topo,topoI,0.25
2840,710.0,topo,gyrase,0.25
2840,710.0,RNAP,RNAP,1.0
2840,710.0,mRNA,tetA,9.0
2840,710.0,mRNA,Raspberry,2.0
2840,710.0,mRNA,mKalama1,1.0
2841,710.25,topo,topoI,0.25
2841,710.25,topo,gyrase,0.25
2841,710.25,RNAP,RNAP,1.0
2841,710.25,mRNA,tetA,9.0
2841,710.25,mRNA,Raspberry,2.0
2841,710.25,mRNA,mKalama1,1.0
2842,710.5,topo,topoI,0.25
2842,710.5,topo,gyrase,0.25
2842,710.5,RNAP,RNAP,1.0
2842,710.5,mRNA,tetA,9.0
2842,710.5,mRNA,Raspberry,2.0
2842,710.5,mRNA,mKalama1,1.0
2843,710.75,topo,topoI,0.25
2843,710.75,topo,gyrase,0.25
2843,710.75,RNAP,RNAP,1.0
2843,710.75,mRNA,tetA,9.0
2843,710.75,mRNA,Raspberry,2.0
2843,710.75,mRNA,mKalama1,1.0
2844,711.0,topo,topoI,0.25
2844,711.0,topo,gyrase,0.25
2844,711.0,RNAP,RNAP,1.0
2844,711.0,mRNA,tetA,9.0
2844,711.0,mRNA,Raspberry,2.0
2844,711.0,mRNA,mKalama1,1.0
2845,711.25,topo,topoI,0.25
2845,711.25,topo,gyrase,0.25
2845,711.25,RNAP,RNAP,1.0
2845,711.25,mRNA,tetA,9.0
2845,711.25,mRNA,Raspberry,2.0
2845,711.25,mRNA,mKalama1,1.0
2846,711.5,topo,topoI,0.25
2846,711.5,topo,gyrase,0.25
2846,711.5,RNAP,RNAP,1.0
2846,711.5,mRNA,tetA,9.0
2846,711.5,mRNA,Raspberry,2.0
2846,711.5,mRNA,mKalama1,1.0
2847,711.75,topo,topoI,0.25
2847,711.75,topo,gyrase,0.25
2847,711.75,RNAP,RNAP,1.0
2847,711.75,mRNA,tetA,9.0
2847,711.75,mRNA,Raspberry,2.0
2847,711.75,mRNA,mKalama1,1.0
2848,712.0,topo,topoI,0.25
2848,712.0,topo,gyrase,0.25
2848,712.0,RNAP,RNAP,1.0
2848,712.0,mRNA,tetA,9.0
2848,712.0,mRNA,Raspberry,2.0
2848,712.0,mRNA,mKalama1,1.0
2849,712.25,topo,topoI,0.25
2849,712.25,topo,gyrase,0.25
2849,712.25,RNAP,RNAP,1.0
2849,712.25,mRNA,tetA,9.0
2849,712.25,mRNA,Raspberry,2.0
2849,712.25,mRNA,mKalama1,1.0
2850,712.5,topo,topoI,0.25
2850,712.5,topo,gyrase,0.25
2850,712.5,RNAP,RNAP,1.0
2850,712.5,mRNA,tetA,9.0
2850,712.5,mRNA,Raspberry,2.0
2850,712.5,mRNA,mKalama1,1.0
2851,712.75,topo,topoI,0.25
2851,712.75,topo,gyrase,0.25
2851,712.75,RNAP,RNAP,1.0
2851,712.75,mRNA,tetA,9.0
2851,712.75,mRNA,Raspberry,2.0
2851,712.75,mRNA,mKalama1,1.0
2852,713.0,topo,topoI,0.25
2852,713.0,topo,gyrase,0.25
2852,713.0,RNAP,RNAP,1.0
2852,713.0,mRNA,tetA,9.0
2852,713.0,mRNA,Raspberry,2.0
2852,713.0,mRNA,mKalama1,1.0
2853,713.25,topo,topoI,0.25
2853,713.25,topo,gyrase,0.25
2853,713.25,RNAP,RNAP,1.0
2853,713.25,mRNA,tetA,9.0
2853,713.25,mRNA,Raspberry,2.0
2853,713.25,mRNA,mKalama1,1.0
2854,713.5,topo,topoI,0.25
2854,713.5,topo,gyrase,0.25
2854,713.5,RNAP,RNAP,1.0
2854,713.5,mRNA,tetA,9.0
2854,713.5,mRNA,Raspberry,2.0
2854,713.5,mRNA,mKalama1,1.0
2855,713.75,topo,topoI,0.25
2855,713.75,topo,gyrase,0.25
2855,713.75,RNAP,RNAP,1.0
2855,713.75,mRNA,tetA,9.0
2855,713.75,mRNA,Raspberry,2.0
2855,713.75,mRNA,mKalama1,1.0
2856,714.0,topo,topoI,0.25
2856,714.0,topo,gyrase,0.25
2856,714.0,RNAP,RNAP,1.0
2856,714.0,mRNA,tetA,9.0
2856,714.0,mRNA,Raspberry,2.0
2856,714.0,mRNA,mKalama1,1.0
2857,714.25,topo,topoI,0.25
2857,714.25,topo,gyrase,0.25
2857,714.25,RNAP,RNAP,1.0
2857,714.25,mRNA,tetA,9.0
2857,714.25,mRNA,Raspberry,2.0
2857,714.25,mRNA,mKalama1,1.0
2858,714.5,topo,topoI,0.25
2858,714.5,topo,gyrase,0.25
2858,714.5,RNAP,RNAP,1.0
2858,714.5,mRNA,tetA,9.0
2858,714.5,mRNA,Raspberry,2.0
2858,714.5,mRNA,mKalama1,1.0
2859,714.75,topo,topoI,0.25
2859,714.75,topo,gyrase,0.25
2859,714.75,RNAP,RNAP,1.0
2859,714.75,mRNA,tetA,9.0
2859,714.75,mRNA,Raspberry,2.0
2859,714.75,mRNA,mKalama1,1.0
2860,715.0,topo,topoI,0.25
2860,715.0,topo,gyrase,0.25
2860,715.0,RNAP,RNAP,1.0
2860,715.0,mRNA,tetA,9.0
2860,715.0,mRNA,Raspberry,2.0
2860,715.0,mRNA,mKalama1,1.0
2861,715.25,topo,topoI,0.25
2861,715.25,topo,gyrase,0.25
2861,715.25,RNAP,RNAP,1.0
2861,715.25,mRNA,tetA,9.0
2861,715.25,mRNA,Raspberry,2.0
2861,715.25,mRNA,mKalama1,1.0
2862,715.5,topo,topoI,0.25
2862,715.5,topo,gyrase,0.25
2862,715.5,RNAP,RNAP,1.0
2862,715.5,mRNA,tetA,9.0
2862,715.5,mRNA,Raspberry,2.0
2862,715.5,mRNA,mKalama1,1.0
2863,715.75,topo,topoI,0.25
2863,715.75,topo,gyrase,0.25
2863,715.75,RNAP,RNAP,1.0
2863,715.75,mRNA,tetA,9.0
2863,715.75,mRNA,Raspberry,2.0
2863,715.75,mRNA,mKalama1,1.0
2864,716.0,topo,topoI,0.25
2864,716.0,topo,gyrase,0.25
2864,716.0,RNAP,RNAP,1.0
2864,716.0,mRNA,tetA,9.0
2864,716.0,mRNA,Raspberry,2.0
2864,716.0,mRNA,mKalama1,1.0
2865,716.25,topo,topoI,0.25
2865,716.25,topo,gyrase,0.25
2865,716.25,RNAP,RNAP,1.0
2865,716.25,mRNA,tetA,9.0
2865,716.25,mRNA,Raspberry,2.0
2865,716.25,mRNA,mKalama1,1.0
2866,716.5,topo,topoI,0.25
2866,716.5,topo,gyrase,0.25
2866,716.5,RNAP,RNAP,1.0
2866,716.5,mRNA,tetA,9.0
2866,716.5,mRNA,Raspberry,2.0
2866,716.5,mRNA,mKalama1,1.0
2867,716.75,topo,topoI,0.25
2867,716.75,topo,gyrase,0.25
2867,716.75,RNAP,RNAP,1.0
2867,716.75,mRNA,tetA,9.0
2867,716.75,mRNA,Raspberry,2.0
2867,716.75,mRNA,mKalama1,1.0
2868,717.0,topo,topoI,0.25
2868,717.0,topo,gyrase,0.25
2868,717.0,RNAP,RNAP,1.0
2868,717.0,mRNA,tetA,9.0
2868,717.0,mRNA,Raspberry,2.0
2868,717.0,mRNA,mKalama1,1.0
2869,717.25,topo,topoI,0.25
2869,717.25,topo,gyrase,0.25
2869,717.25,RNAP,RNAP,1.0
2869,717.25,mRNA,tetA,9.0
2869,717.25,mRNA,Raspberry,2.0
2869,717.25,mRNA,mKalama1,1.0
2870,717.5,topo,topoI,0.25
2870,717.5,topo,gyrase,0.25
2870,717.5,RNAP,RNAP,1.0
2870,717.5,mRNA,tetA,9.0
2870,717.5,mRNA,Raspberry,2.0
2870,717.5,mRNA,mKalama1,1.0
2871,717.75,topo,topoI,0.25
2871,717.75,topo,gyrase,0.25
2871,717.75,RNAP,RNAP,1.0
2871,717.75,mRNA,tetA,9.0
2871,717.75,mRNA,Raspberry,2.0
2871,717.75,mRNA,mKalama1,1.0
2872,718.0,topo,topoI,0.25
2872,718.0,topo,gyrase,0.25
2872,718.0,RNAP,RNAP,1.0
2872,718.0,mRNA,tetA,9.0
2872,718.0,mRNA,Raspberry,2.0
2872,718.0,mRNA,mKalama1,1.0
2873,718.25,topo,topoI,0.25
2873,718.25,topo,gyrase,0.25
2873,718.25,RNAP,RNAP,1.0
2873,718.25,mRNA,tetA,9.0
2873,718.25,mRNA,Raspberry,2.0
2873,718.25,mRNA,mKalama1,1.0
2874,718.5,topo,topoI,0.25
2874,718.5,topo,gyrase,0.25
2874,718.5,RNAP,RNAP,1.0
2874,718.5,mRNA,tetA,9.0
2874,718.5,mRNA,Raspberry,2.0
2874,718.5,mRNA,mKalama1,1.0
2875,718.75,topo,topoI,0.25
2875,718.75,topo,gyrase,0.25
2875,718.75,RNAP,RNAP,1.0
2875,718.75,mRNA,tetA,9.0
2875,718.75,mRNA,Raspberry,2.0
2875,718.75,mRNA,mKalama1,1.0
2876,719.0,topo,topoI,0.25
2876,719.0,topo,gyrase,0.25
2876,719.0,RNAP,RNAP,1.0
2876,719.0,mRNA,tetA,9.0
2876,719.0,mRNA,Raspberry,2.0
2876,719.0,mRNA,mKalama1,1.0
2877,719.25,topo,topoI,0.25
2877,719.25,topo,gyrase,0.25
2877,719.25,RNAP,RNAP,1.0
2877,719.25,mRNA,tetA,9.0
2877,719.25,mRNA,Raspberry,2.0
2877,719.25,mRNA,mKalama1,1.0
2878,719.5,topo,topoI,0.25
2878,719.5,topo,gyrase,0.25
2878,719.5,RNAP,RNAP,1.0
2878,719.5,mRNA,tetA,9.0
2878,719.5,mRNA,Raspberry,2.0
2878,719.5,mRNA,mKalama1,1.0
2879,719.75,topo,topoI,0.25
2879,719.75,topo,gyrase,0.25
2879,719.75,RNAP,RNAP,1.0
2879,719.75,mRNA,tetA,9.0
2879,719.75,mRNA,Raspberry,2.0
2879,719.75,mRNA,mKalama1,1.0
2880,720.0,topo,topoI,0.25
2880,720.0,topo,gyrase,0.25
2880,720.0,RNAP,RNAP,1.0
2880,720.0,mRNA,tetA,9.0
2880,720.0,mRNA,Raspberry,2.0
2880,720.0,mRNA,mKalama1,1.0
2881,720.25,topo,topoI,0.25
2881,720.25,topo,gyrase,0.25
2881,720.25,RNAP,RNAP,1.0
2881,720.25,mRNA,tetA,9.0
2881,720.25,mRNA,Raspberry,2.0
2881,720.25,mRNA,mKalama1,1.0
2882,720.5,topo,topoI,0.25
2882,720.5,topo,gyrase,0.25
2882,720.5,RNAP,RNAP,1.0
2882,720.5,mRNA,tetA,9.0
2882,720.5,mRNA,Raspberry,2.0
2882,720.5,mRNA,mKalama1,1.0
2883,720.75,topo,topoI,0.25
2883,720.75,topo,gyrase,0.25
2883,720.75,RNAP,RNAP,1.0
2883,720.75,mRNA,tetA,9.0
2883,720.75,mRNA,Raspberry,2.0
2883,720.75,mRNA,mKalama1,1.0
2884,721.0,topo,topoI,0.25
2884,721.0,topo,gyrase,0.25
2884,721.0,RNAP,RNAP,1.0
2884,721.0,mRNA,tetA,9.0
2884,721.0,mRNA,Raspberry,2.0
2884,721.0,mRNA,mKalama1,1.0
2885,721.25,topo,topoI,0.25
2885,721.25,topo,gyrase,0.25
2885,721.25,RNAP,RNAP,1.0
2885,721.25,mRNA,tetA,9.0
2885,721.25,mRNA,Raspberry,2.0
2885,721.25,mRNA,mKalama1,1.0
2886,721.5,topo,topoI,0.25
2886,721.5,topo,gyrase,0.25
2886,721.5,RNAP,RNAP,1.0
2886,721.5,mRNA,tetA,9.0
2886,721.5,mRNA,Raspberry,2.0
2886,721.5,mRNA,mKalama1,1.0
2887,721.75,topo,topoI,0.25
2887,721.75,topo,gyrase,0.25
2887,721.75,RNAP,RNAP,1.0
2887,721.75,mRNA,tetA,9.0
2887,721.75,mRNA,Raspberry,2.0
2887,721.75,mRNA,mKalama1,1.0
2888,722.0,topo,topoI,0.25
2888,722.0,topo,gyrase,0.25
2888,722.0,RNAP,RNAP,1.0
2888,722.0,mRNA,tetA,9.0
2888,722.0,mRNA,Raspberry,2.0
2888,722.0,mRNA,mKalama1,1.0
2889,722.25,topo,topoI,0.25
2889,722.25,topo,gyrase,0.25
2889,722.25,RNAP,RNAP,1.0
2889,722.25,mRNA,tetA,9.0
2889,722.25,mRNA,Raspberry,2.0
2889,722.25,mRNA,mKalama1,1.0
2890,722.5,topo,topoI,0.25
2890,722.5,topo,gyrase,0.25
2890,722.5,RNAP,RNAP,1.0
2890,722.5,mRNA,tetA,9.0
2890,722.5,mRNA,Raspberry,2.0
2890,722.5,mRNA,mKalama1,1.0
2891,722.75,topo,topoI,0.25
2891,722.75,topo,gyrase,0.25
2891,722.75,RNAP,RNAP,1.0
2891,722.75,mRNA,tetA,9.0
2891,722.75,mRNA,Raspberry,2.0
2891,722.75,mRNA,mKalama1,1.0
2892,723.0,topo,topoI,0.25
2892,723.0,topo,gyrase,0.25
2892,723.0,RNAP,RNAP,1.0
2892,723.0,mRNA,tetA,9.0
2892,723.0,mRNA,Raspberry,2.0
2892,723.0,mRNA,mKalama1,1.0
2893,723.25,topo,topoI,0.25
2893,723.25,topo,gyrase,0.25
2893,723.25,RNAP,RNAP,1.0
2893,723.25,mRNA,tetA,9.0
2893,723.25,mRNA,Raspberry,2.0
2893,723.25,mRNA,mKalama1,1.0
2894,723.5,topo,topoI,0.25
2894,723.5,topo,gyrase,0.25
2894,723.5,RNAP,RNAP,1.0
2894,723.5,mRNA,tetA,9.0
2894,723.5,mRNA,Raspberry,2.0
2894,723.5,mRNA,mKalama1,1.0
2895,723.75,topo,topoI,0.25
2895,723.75,topo,gyrase,0.25
2895,723.75,RNAP,RNAP,1.0
2895,723.75,mRNA,tetA,9.0
2895,723.75,mRNA,Raspberry,2.0
2895,723.75,mRNA,mKalama1,1.0
2896,724.0,topo,topoI,0.25
2896,724.0,topo,gyrase,0.25
2896,724.0,RNAP,RNAP,1.0
2896,724.0,mRNA,tetA,9.0
2896,724.0,mRNA,Raspberry,2.0
2896,724.0,mRNA,mKalama1,1.0
2897,724.25,topo,topoI,0.25
2897,724.25,topo,gyrase,0.25
2897,724.25,RNAP,RNAP,1.0
2897,724.25,mRNA,tetA,9.0
2897,724.25,mRNA,Raspberry,2.0
2897,724.25,mRNA,mKalama1,1.0
2898,724.5,topo,topoI,0.25
2898,724.5,topo,gyrase,0.25
2898,724.5,RNAP,RNAP,1.0
2898,724.5,mRNA,tetA,9.0
2898,724.5,mRNA,Raspberry,2.0
2898,724.5,mRNA,mKalama1,1.0
2899,724.75,topo,topoI,0.25
2899,724.75,topo,gyrase,0.25
2899,724.75,RNAP,RNAP,1.0
2899,724.75,mRNA,tetA,9.0
2899,724.75,mRNA,Raspberry,2.0
2899,724.75,mRNA,mKalama1,1.0
2900,725.0,topo,topoI,0.25
2900,725.0,topo,gyrase,0.25
2900,725.0,RNAP,RNAP,1.0
2900,725.0,mRNA,tetA,9.0
2900,725.0,mRNA,Raspberry,2.0
2900,725.0,mRNA,mKalama1,1.0
2901,725.25,topo,topoI,0.25
2901,725.25,topo,gyrase,0.25
2901,725.25,RNAP,RNAP,1.0
2901,725.25,mRNA,tetA,9.0
2901,725.25,mRNA,Raspberry,2.0
2901,725.25,mRNA,mKalama1,1.0
2902,725.5,topo,topoI,0.25
2902,725.5,topo,gyrase,0.25
2902,725.5,RNAP,RNAP,1.0
2902,725.5,mRNA,tetA,9.0
2902,725.5,mRNA,Raspberry,2.0
2902,725.5,mRNA,mKalama1,1.0
2903,725.75,topo,topoI,0.25
2903,725.75,topo,gyrase,0.25
2903,725.75,RNAP,RNAP,1.0
2903,725.75,mRNA,tetA,9.0
2903,725.75,mRNA,Raspberry,2.0
2903,725.75,mRNA,mKalama1,1.0
2904,726.0,topo,topoI,0.25
2904,726.0,topo,gyrase,0.25
2904,726.0,RNAP,RNAP,1.0
2904,726.0,mRNA,tetA,9.0
2904,726.0,mRNA,Raspberry,2.0
2904,726.0,mRNA,mKalama1,1.0
2905,726.25,topo,topoI,0.25
2905,726.25,topo,gyrase,0.25
2905,726.25,RNAP,RNAP,1.0
2905,726.25,mRNA,tetA,9.0
2905,726.25,mRNA,Raspberry,2.0
2905,726.25,mRNA,mKalama1,1.0
2906,726.5,topo,topoI,0.25
2906,726.5,topo,gyrase,0.25
2906,726.5,RNAP,RNAP,1.0
2906,726.5,mRNA,tetA,9.0
2906,726.5,mRNA,Raspberry,2.0
2906,726.5,mRNA,mKalama1,1.0
2907,726.75,topo,topoI,0.25
2907,726.75,topo,gyrase,0.25
2907,726.75,RNAP,RNAP,1.0
2907,726.75,mRNA,tetA,9.0
2907,726.75,mRNA,Raspberry,2.0
2907,726.75,mRNA,mKalama1,1.0
2908,727.0,topo,topoI,0.25
2908,727.0,topo,gyrase,0.25
2908,727.0,RNAP,RNAP,1.0
2908,727.0,mRNA,tetA,9.0
2908,727.0,mRNA,Raspberry,2.0
2908,727.0,mRNA,mKalama1,1.0
2909,727.25,topo,topoI,0.25
2909,727.25,topo,gyrase,0.25
2909,727.25,RNAP,RNAP,1.0
2909,727.25,mRNA,tetA,9.0
2909,727.25,mRNA,Raspberry,2.0
2909,727.25,mRNA,mKalama1,1.0
2910,727.5,topo,topoI,0.25
2910,727.5,topo,gyrase,0.25
2910,727.5,RNAP,RNAP,1.0
2910,727.5,mRNA,tetA,9.0
2910,727.5,mRNA,Raspberry,2.0
2910,727.5,mRNA,mKalama1,1.0
2911,727.75,topo,topoI,0.25
2911,727.75,topo,gyrase,0.25
2911,727.75,RNAP,RNAP,1.0
2911,727.75,mRNA,tetA,9.0
2911,727.75,mRNA,Raspberry,2.0
2911,727.75,mRNA,mKalama1,1.0
2912,728.0,topo,topoI,0.25
2912,728.0,topo,gyrase,0.25
2912,728.0,RNAP,RNAP,1.0
2912,728.0,mRNA,tetA,9.0
2912,728.0,mRNA,Raspberry,2.0
2912,728.0,mRNA,mKalama1,1.0
2913,728.25,topo,topoI,0.25
2913,728.25,topo,gyrase,0.25
2913,728.25,RNAP,RNAP,1.0
2913,728.25,mRNA,tetA,9.0
2913,728.25,mRNA,Raspberry,2.0
2913,728.25,mRNA,mKalama1,1.0
2914,728.5,topo,topoI,0.25
2914,728.5,topo,gyrase,0.25
2914,728.5,RNAP,RNAP,1.0
2914,728.5,mRNA,tetA,9.0
2914,728.5,mRNA,Raspberry,2.0
2914,728.5,mRNA,mKalama1,1.0
2915,728.75,topo,topoI,0.25
2915,728.75,topo,gyrase,0.25
2915,728.75,RNAP,RNAP,1.0
2915,728.75,mRNA,tetA,9.0
2915,728.75,mRNA,Raspberry,2.0
2915,728.75,mRNA,mKalama1,1.0
2916,729.0,topo,topoI,0.25
2916,729.0,topo,gyrase,0.25
2916,729.0,RNAP,RNAP,1.0
2916,729.0,mRNA,tetA,9.0
2916,729.0,mRNA,Raspberry,2.0
2916,729.0,mRNA,mKalama1,1.0
2917,729.25,topo,topoI,0.25
2917,729.25,topo,gyrase,0.25
2917,729.25,RNAP,RNAP,1.0
2917,729.25,mRNA,tetA,9.0
2917,729.25,mRNA,Raspberry,2.0
2917,729.25,mRNA,mKalama1,1.0
2918,729.5,topo,topoI,0.25
2918,729.5,topo,gyrase,0.25
2918,729.5,RNAP,RNAP,1.0
2918,729.5,mRNA,tetA,9.0
2918,729.5,mRNA,Raspberry,2.0
2918,729.5,mRNA,mKalama1,1.0
2919,729.75,topo,topoI,0.25
2919,729.75,topo,gyrase,0.25
2919,729.75,RNAP,RNAP,1.0
2919,729.75,mRNA,tetA,9.0
2919,729.75,mRNA,Raspberry,2.0
2919,729.75,mRNA,mKalama1,1.0
2920,730.0,topo,topoI,0.25
2920,730.0,topo,gyrase,0.25
2920,730.0,RNAP,RNAP,1.0
2920,730.0,mRNA,tetA,9.0
2920,730.0,mRNA,Raspberry,2.0
2920,730.0,mRNA,mKalama1,1.0
2921,730.25,topo,topoI,0.25
2921,730.25,topo,gyrase,0.25
2921,730.25,RNAP,RNAP,1.0
2921,730.25,mRNA,tetA,9.0
2921,730.25,mRNA,Raspberry,2.0
2921,730.25,mRNA,mKalama1,1.0
2922,730.5,topo,topoI,0.25
2922,730.5,topo,gyrase,0.25
2922,730.5,RNAP,RNAP,1.0
2922,730.5,mRNA,tetA,9.0
2922,730.5,mRNA,Raspberry,2.0
2922,730.5,mRNA,mKalama1,1.0
2923,730.75,topo,topoI,0.25
2923,730.75,topo,gyrase,0.25
2923,730.75,RNAP,RNAP,1.0
2923,730.75,mRNA,tetA,9.0
2923,730.75,mRNA,Raspberry,2.0
2923,730.75,mRNA,mKalama1,1.0
2924,731.0,topo,topoI,0.25
2924,731.0,topo,gyrase,0.25
2924,731.0,RNAP,RNAP,1.0
2924,731.0,mRNA,tetA,9.0
2924,731.0,mRNA,Raspberry,2.0
2924,731.0,mRNA,mKalama1,1.0
2925,731.25,topo,topoI,0.25
2925,731.25,topo,gyrase,0.25
2925,731.25,RNAP,RNAP,1.0
2925,731.25,mRNA,tetA,9.0
2925,731.25,mRNA,Raspberry,2.0
2925,731.25,mRNA,mKalama1,1.0
2926,731.5,topo,topoI,0.25
2926,731.5,topo,gyrase,0.25
2926,731.5,RNAP,RNAP,1.0
2926,731.5,mRNA,tetA,9.0
2926,731.5,mRNA,Raspberry,2.0
2926,731.5,mRNA,mKalama1,1.0
2927,731.75,topo,topoI,0.25
2927,731.75,topo,gyrase,0.25
2927,731.75,RNAP,RNAP,1.0
2927,731.75,mRNA,tetA,9.0
2927,731.75,mRNA,Raspberry,2.0
2927,731.75,mRNA,mKalama1,1.0
2928,732.0,topo,topoI,0.25
2928,732.0,topo,gyrase,0.25
2928,732.0,RNAP,RNAP,1.0
2928,732.0,mRNA,tetA,9.0
2928,732.0,mRNA,Raspberry,2.0
2928,732.0,mRNA,mKalama1,1.0
2929,732.25,topo,topoI,0.25
2929,732.25,topo,gyrase,0.25
2929,732.25,RNAP,RNAP,1.0
2929,732.25,mRNA,tetA,9.0
2929,732.25,mRNA,Raspberry,2.0
2929,732.25,mRNA,mKalama1,1.0
2930,732.5,topo,topoI,0.25
2930,732.5,topo,gyrase,0.25
2930,732.5,RNAP,RNAP,1.0
2930,732.5,mRNA,tetA,9.0
2930,732.5,mRNA,Raspberry,2.0
2930,732.5,mRNA,mKalama1,1.0
2931,732.75,topo,topoI,0.25
2931,732.75,topo,gyrase,0.25
2931,732.75,RNAP,RNAP,1.0
2931,732.75,mRNA,tetA,9.0
2931,732.75,mRNA,Raspberry,2.0
2931,732.75,mRNA,mKalama1,1.0
2932,733.0,topo,topoI,0.25
2932,733.0,topo,gyrase,0.25
2932,733.0,RNAP,RNAP,1.0
2932,733.0,mRNA,tetA,9.0
2932,733.0,mRNA,Raspberry,2.0
2932,733.0,mRNA,mKalama1,1.0
2933,733.25,topo,topoI,0.25
2933,733.25,topo,gyrase,0.25
2933,733.25,RNAP,RNAP,1.0
2933,733.25,mRNA,tetA,9.0
2933,733.25,mRNA,Raspberry,2.0
2933,733.25,mRNA,mKalama1,1.0
2934,733.5,topo,topoI,0.25
2934,733.5,topo,gyrase,0.25
2934,733.5,RNAP,RNAP,1.0
2934,733.5,mRNA,tetA,9.0
2934,733.5,mRNA,Raspberry,2.0
2934,733.5,mRNA,mKalama1,1.0
2935,733.75,topo,topoI,0.25
2935,733.75,topo,gyrase,0.25
2935,733.75,RNAP,RNAP,1.0
2935,733.75,mRNA,tetA,9.0
2935,733.75,mRNA,Raspberry,2.0
2935,733.75,mRNA,mKalama1,1.0
2936,734.0,topo,topoI,0.25
2936,734.0,topo,gyrase,0.25
2936,734.0,RNAP,RNAP,1.0
2936,734.0,mRNA,tetA,9.0
2936,734.0,mRNA,Raspberry,2.0
2936,734.0,mRNA,mKalama1,1.0
2937,734.25,topo,topoI,0.25
2937,734.25,topo,gyrase,0.25
2937,734.25,RNAP,RNAP,1.0
2937,734.25,mRNA,tetA,9.0
2937,734.25,mRNA,Raspberry,2.0
2937,734.25,mRNA,mKalama1,1.0
2938,734.5,topo,topoI,0.25
2938,734.5,topo,gyrase,0.25
2938,734.5,RNAP,RNAP,1.0
2938,734.5,mRNA,tetA,9.0
2938,734.5,mRNA,Raspberry,2.0
2938,734.5,mRNA,mKalama1,1.0
2939,734.75,topo,topoI,0.25
2939,734.75,topo,gyrase,0.25
2939,734.75,RNAP,RNAP,1.0
2939,734.75,mRNA,tetA,9.0
2939,734.75,mRNA,Raspberry,2.0
2939,734.75,mRNA,mKalama1,1.0
2940,735.0,topo,topoI,0.25
2940,735.0,topo,gyrase,0.25
2940,735.0,RNAP,RNAP,1.0
2940,735.0,mRNA,tetA,9.0
2940,735.0,mRNA,Raspberry,2.0
2940,735.0,mRNA,mKalama1,1.0
2941,735.25,topo,topoI,0.25
2941,735.25,topo,gyrase,0.25
2941,735.25,RNAP,RNAP,1.0
2941,735.25,mRNA,tetA,9.0
2941,735.25,mRNA,Raspberry,2.0
2941,735.25,mRNA,mKalama1,1.0
2942,735.5,topo,topoI,0.25
2942,735.5,topo,gyrase,0.25
2942,735.5,RNAP,RNAP,1.0
2942,735.5,mRNA,tetA,9.0
2942,735.5,mRNA,Raspberry,2.0
2942,735.5,mRNA,mKalama1,1.0
2943,735.75,topo,topoI,0.25
2943,735.75,topo,gyrase,0.25
2943,735.75,RNAP,RNAP,1.0
2943,735.75,mRNA,tetA,9.0
2943,735.75,mRNA,Raspberry,2.0
2943,735.75,mRNA,mKalama1,1.0
2944,736.0,topo,topoI,0.25
2944,736.0,topo,gyrase,0.25
2944,736.0,RNAP,RNAP,1.0
2944,736.0,mRNA,tetA,9.0
2944,736.0,mRNA,Raspberry,2.0
2944,736.0,mRNA,mKalama1,1.0
2945,736.25,topo,topoI,0.25
2945,736.25,topo,gyrase,0.25
2945,736.25,RNAP,RNAP,1.0
2945,736.25,mRNA,tetA,9.0
2945,736.25,mRNA,Raspberry,2.0
2945,736.25,mRNA,mKalama1,1.0
2946,736.5,topo,topoI,0.25
2946,736.5,topo,gyrase,0.25
2946,736.5,RNAP,RNAP,1.0
2946,736.5,mRNA,tetA,9.0
2946,736.5,mRNA,Raspberry,2.0
2946,736.5,mRNA,mKalama1,1.0
2947,736.75,topo,topoI,0.25
2947,736.75,topo,gyrase,0.25
2947,736.75,RNAP,RNAP,1.0
2947,736.75,mRNA,tetA,9.0
2947,736.75,mRNA,Raspberry,2.0
2947,736.75,mRNA,mKalama1,1.0
2948,737.0,topo,topoI,0.25
2948,737.0,topo,gyrase,0.25
2948,737.0,RNAP,RNAP,1.0
2948,737.0,mRNA,tetA,9.0
2948,737.0,mRNA,Raspberry,2.0
2948,737.0,mRNA,mKalama1,1.0
2949,737.25,topo,topoI,0.25
2949,737.25,topo,gyrase,0.25
2949,737.25,RNAP,RNAP,1.0
2949,737.25,mRNA,tetA,9.0
2949,737.25,mRNA,Raspberry,2.0
2949,737.25,mRNA,mKalama1,1.0
2950,737.5,topo,topoI,0.25
2950,737.5,topo,gyrase,0.25
2950,737.5,RNAP,RNAP,1.0
2950,737.5,mRNA,tetA,9.0
2950,737.5,mRNA,Raspberry,2.0
2950,737.5,mRNA,mKalama1,1.0
2951,737.75,topo,topoI,0.25
2951,737.75,topo,gyrase,0.25
2951,737.75,RNAP,RNAP,1.0
2951,737.75,mRNA,tetA,9.0
2951,737.75,mRNA,Raspberry,2.0
2951,737.75,mRNA,mKalama1,1.0
2952,738.0,topo,topoI,0.25
2952,738.0,topo,gyrase,0.25
2952,738.0,RNAP,RNAP,1.0
2952,738.0,mRNA,tetA,9.0
2952,738.0,mRNA,Raspberry,2.0
2952,738.0,mRNA,mKalama1,1.0
2953,738.25,topo,topoI,0.25
2953,738.25,topo,gyrase,0.25
2953,738.25,RNAP,RNAP,1.0
2953,738.25,mRNA,tetA,9.0
2953,738.25,mRNA,Raspberry,2.0
2953,738.25,mRNA,mKalama1,1.0
2954,738.5,topo,topoI,0.25
2954,738.5,topo,gyrase,0.25
2954,738.5,RNAP,RNAP,1.0
2954,738.5,mRNA,tetA,9.0
2954,738.5,mRNA,Raspberry,2.0
2954,738.5,mRNA,mKalama1,1.0
2955,738.75,topo,topoI,0.25
2955,738.75,topo,gyrase,0.25
2955,738.75,RNAP,RNAP,1.0
2955,738.75,mRNA,tetA,9.0
2955,738.75,mRNA,Raspberry,2.0
2955,738.75,mRNA,mKalama1,1.0
2956,739.0,topo,topoI,0.25
2956,739.0,topo,gyrase,0.25
2956,739.0,RNAP,RNAP,1.0
2956,739.0,mRNA,tetA,9.0
2956,739.0,mRNA,Raspberry,2.0
2956,739.0,mRNA,mKalama1,1.0
2957,739.25,topo,topoI,0.25
2957,739.25,topo,gyrase,0.25
2957,739.25,RNAP,RNAP,1.0
2957,739.25,mRNA,tetA,9.0
2957,739.25,mRNA,Raspberry,2.0
2957,739.25,mRNA,mKalama1,1.0
2958,739.5,topo,topoI,0.25
2958,739.5,topo,gyrase,0.25
2958,739.5,RNAP,RNAP,1.0
2958,739.5,mRNA,tetA,9.0
2958,739.5,mRNA,Raspberry,2.0
2958,739.5,mRNA,mKalama1,1.0
2959,739.75,topo,topoI,0.25
2959,739.75,topo,gyrase,0.25
2959,739.75,RNAP,RNAP,1.0
2959,739.75,mRNA,tetA,9.0
2959,739.75,mRNA,Raspberry,2.0
2959,739.75,mRNA,mKalama1,1.0
2960,740.0,topo,topoI,0.25
2960,740.0,topo,gyrase,0.25
2960,740.0,RNAP,RNAP,1.0
2960,740.0,mRNA,tetA,9.0
2960,740.0,mRNA,Raspberry,2.0
2960,740.0,mRNA,mKalama1,1.0
2961,740.25,topo,topoI,0.25
2961,740.25,topo,gyrase,0.25
2961,740.25,RNAP,RNAP,1.0
2961,740.25,mRNA,tetA,9.0
2961,740.25,mRNA,Raspberry,2.0
2961,740.25,mRNA,mKalama1,1.0
2962,740.5,topo,topoI,0.25
2962,740.5,topo,gyrase,0.25
2962,740.5,RNAP,RNAP,1.0
2962,740.5,mRNA,tetA,9.0
2962,740.5,mRNA,Raspberry,2.0
2962,740.5,mRNA,mKalama1,1.0
2963,740.75,topo,topoI,0.25
2963,740.75,topo,gyrase,0.25
2963,740.75,RNAP,RNAP,1.0
2963,740.75,mRNA,tetA,9.0
2963,740.75,mRNA,Raspberry,2.0
2963,740.75,mRNA,mKalama1,1.0
2964,741.0,topo,topoI,0.25
2964,741.0,topo,gyrase,0.25
2964,741.0,RNAP,RNAP,1.0
2964,741.0,mRNA,tetA,9.0
2964,741.0,mRNA,Raspberry,2.0
2964,741.0,mRNA,mKalama1,1.0
2965,741.25,topo,topoI,0.25
2965,741.25,topo,gyrase,0.25
2965,741.25,RNAP,RNAP,1.0
2965,741.25,mRNA,tetA,9.0
2965,741.25,mRNA,Raspberry,2.0
2965,741.25,mRNA,mKalama1,1.0
2966,741.5,topo,topoI,0.25
2966,741.5,topo,gyrase,0.25
2966,741.5,RNAP,RNAP,1.0
2966,741.5,mRNA,tetA,9.0
2966,741.5,mRNA,Raspberry,2.0
2966,741.5,mRNA,mKalama1,1.0
2967,741.75,topo,topoI,0.25
2967,741.75,topo,gyrase,0.25
2967,741.75,RNAP,RNAP,1.0
2967,741.75,mRNA,tetA,9.0
2967,741.75,mRNA,Raspberry,2.0
2967,741.75,mRNA,mKalama1,1.0
2968,742.0,topo,topoI,0.25
2968,742.0,topo,gyrase,0.25
2968,742.0,RNAP,RNAP,1.0
2968,742.0,mRNA,tetA,9.0
2968,742.0,mRNA,Raspberry,2.0
2968,742.0,mRNA,mKalama1,1.0
2969,742.25,topo,topoI,0.25
2969,742.25,topo,gyrase,0.25
2969,742.25,RNAP,RNAP,1.0
2969,742.25,mRNA,tetA,9.0
2969,742.25,mRNA,Raspberry,2.0
2969,742.25,mRNA,mKalama1,1.0
2970,742.5,topo,topoI,0.25
2970,742.5,topo,gyrase,0.25
2970,742.5,RNAP,RNAP,1.0
2970,742.5,mRNA,tetA,9.0
2970,742.5,mRNA,Raspberry,2.0
2970,742.5,mRNA,mKalama1,1.0
2971,742.75,topo,topoI,0.25
2971,742.75,topo,gyrase,0.25
2971,742.75,RNAP,RNAP,1.0
2971,742.75,mRNA,tetA,9.0
2971,742.75,mRNA,Raspberry,2.0
2971,742.75,mRNA,mKalama1,1.0
2972,743.0,topo,topoI,0.25
2972,743.0,topo,gyrase,0.25
2972,743.0,RNAP,RNAP,1.0
2972,743.0,mRNA,tetA,9.0
2972,743.0,mRNA,Raspberry,2.0
2972,743.0,mRNA,mKalama1,1.0
2973,743.25,topo,topoI,0.25
2973,743.25,topo,gyrase,0.25
2973,743.25,RNAP,RNAP,1.0
2973,743.25,mRNA,tetA,9.0
2973,743.25,mRNA,Raspberry,2.0
2973,743.25,mRNA,mKalama1,1.0
2974,743.5,topo,topoI,0.25
2974,743.5,topo,gyrase,0.25
2974,743.5,RNAP,RNAP,1.0
2974,743.5,mRNA,tetA,9.0
2974,743.5,mRNA,Raspberry,2.0
2974,743.5,mRNA,mKalama1,1.0
2975,743.75,topo,topoI,0.25
2975,743.75,topo,gyrase,0.25
2975,743.75,RNAP,RNAP,1.0
2975,743.75,mRNA,tetA,9.0
2975,743.75,mRNA,Raspberry,2.0
2975,743.75,mRNA,mKalama1,1.0
2976,744.0,topo,topoI,0.25
2976,744.0,topo,gyrase,0.25
2976,744.0,RNAP,RNAP,1.0
2976,744.0,mRNA,tetA,9.0
2976,744.0,mRNA,Raspberry,2.0
2976,744.0,mRNA,mKalama1,1.0
2977,744.25,topo,topoI,0.25
2977,744.25,topo,gyrase,0.25
2977,744.25,RNAP,RNAP,1.0
2977,744.25,mRNA,tetA,9.0
2977,744.25,mRNA,Raspberry,2.0
2977,744.25,mRNA,mKalama1,1.0
2978,744.5,topo,topoI,0.25
2978,744.5,topo,gyrase,0.25
2978,744.5,RNAP,RNAP,1.0
2978,744.5,mRNA,tetA,9.0
2978,744.5,mRNA,Raspberry,2.0
2978,744.5,mRNA,mKalama1,1.0
2979,744.75,topo,topoI,0.25
2979,744.75,topo,gyrase,0.25
2979,744.75,RNAP,RNAP,1.0
2979,744.75,mRNA,tetA,9.0
2979,744.75,mRNA,Raspberry,2.0
2979,744.75,mRNA,mKalama1,1.0
2980,745.0,topo,topoI,0.25
2980,745.0,topo,gyrase,0.25
2980,745.0,RNAP,RNAP,1.0
2980,745.0,mRNA,tetA,9.0
2980,745.0,mRNA,Raspberry,2.0
2980,745.0,mRNA,mKalama1,1.0
2981,745.25,topo,topoI,0.25
2981,745.25,topo,gyrase,0.25
2981,745.25,RNAP,RNAP,1.0
2981,745.25,mRNA,tetA,9.0
2981,745.25,mRNA,Raspberry,2.0
2981,745.25,mRNA,mKalama1,1.0
2982,745.5,topo,topoI,0.25
2982,745.5,topo,gyrase,0.25
2982,745.5,RNAP,RNAP,1.0
2982,745.5,mRNA,tetA,9.0
2982,745.5,mRNA,Raspberry,2.0
2982,745.5,mRNA,mKalama1,1.0
2983,745.75,topo,topoI,0.25
2983,745.75,topo,gyrase,0.25
2983,745.75,RNAP,RNAP,1.0
2983,745.75,mRNA,tetA,9.0
2983,745.75,mRNA,Raspberry,2.0
2983,745.75,mRNA,mKalama1,1.0
2984,746.0,topo,topoI,0.25
2984,746.0,topo,gyrase,0.25
2984,746.0,RNAP,RNAP,1.0
2984,746.0,mRNA,tetA,9.0
2984,746.0,mRNA,Raspberry,2.0
2984,746.0,mRNA,mKalama1,1.0
2985,746.25,topo,topoI,0.25
2985,746.25,topo,gyrase,0.25
2985,746.25,RNAP,RNAP,1.0
2985,746.25,mRNA,tetA,9.0
2985,746.25,mRNA,Raspberry,2.0
2985,746.25,mRNA,mKalama1,1.0
2986,746.5,topo,topoI,0.25
2986,746.5,topo,gyrase,0.25
2986,746.5,RNAP,RNAP,1.0
2986,746.5,mRNA,tetA,9.0
2986,746.5,mRNA,Raspberry,2.0
2986,746.5,mRNA,mKalama1,1.0
2987,746.75,topo,topoI,0.25
2987,746.75,topo,gyrase,0.25
2987,746.75,RNAP,RNAP,1.0
2987,746.75,mRNA,tetA,9.0
2987,746.75,mRNA,Raspberry,2.0
2987,746.75,mRNA,mKalama1,1.0
2988,747.0,topo,topoI,0.25
2988,747.0,topo,gyrase,0.25
2988,747.0,RNAP,RNAP,1.0
2988,747.0,mRNA,tetA,9.0
2988,747.0,mRNA,Raspberry,2.0
2988,747.0,mRNA,mKalama1,1.0
2989,747.25,topo,topoI,0.25
2989,747.25,topo,gyrase,0.25
2989,747.25,RNAP,RNAP,1.0
2989,747.25,mRNA,tetA,9.0
2989,747.25,mRNA,Raspberry,2.0
2989,747.25,mRNA,mKalama1,1.0
2990,747.5,topo,topoI,0.25
2990,747.5,topo,gyrase,0.25
2990,747.5,RNAP,RNAP,1.0
2990,747.5,mRNA,tetA,9.0
2990,747.5,mRNA,Raspberry,2.0
2990,747.5,mRNA,mKalama1,1.0
2991,747.75,topo,topoI,0.25
2991,747.75,topo,gyrase,0.25
2991,747.75,RNAP,RNAP,1.0
2991,747.75,mRNA,tetA,9.0
2991,747.75,mRNA,Raspberry,2.0
2991,747.75,mRNA,mKalama1,1.0
2992,748.0,topo,topoI,0.25
2992,748.0,topo,gyrase,0.25
2992,748.0,RNAP,RNAP,1.0
2992,748.0,mRNA,tetA,9.0
2992,748.0,mRNA,Raspberry,2.0
2992,748.0,mRNA,mKalama1,1.0
2993,748.25,topo,topoI,0.25
2993,748.25,topo,gyrase,0.25
2993,748.25,RNAP,RNAP,1.0
2993,748.25,mRNA,tetA,9.0
2993,748.25,mRNA,Raspberry,2.0
2993,748.25,mRNA,mKalama1,1.0
2994,748.5,topo,topoI,0.25
2994,748.5,topo,gyrase,0.25
2994,748.5,RNAP,RNAP,1.0
2994,748.5,mRNA,tetA,9.0
2994,748.5,mRNA,Raspberry,2.0
2994,748.5,mRNA,mKalama1,1.0
2995,748.75,topo,topoI,0.25
2995,748.75,topo,gyrase,0.25
2995,748.75,RNAP,RNAP,1.0
2995,748.75,mRNA,tetA,9.0
2995,748.75,mRNA,Raspberry,2.0
2995,748.75,mRNA,mKalama1,1.0
2996,749.0,topo,topoI,0.25
2996,749.0,topo,gyrase,0.25
2996,749.0,RNAP,RNAP,1.0
2996,749.0,mRNA,tetA,9.0
2996,749.0,mRNA,Raspberry,2.0
2996,749.0,mRNA,mKalama1,1.0
2997,749.25,topo,topoI,0.25
2997,749.25,topo,gyrase,0.25
2997,749.25,RNAP,RNAP,1.0
2997,749.25,mRNA,tetA,9.0
2997,749.25,mRNA,Raspberry,2.0
2997,749.25,mRNA,mKalama1,1.0
2998,749.5,topo,topoI,0.25
2998,749.5,topo,gyrase,0.25
2998,749.5,RNAP,RNAP,1.0
2998,749.5,mRNA,tetA,9.0
2998,749.5,mRNA,Raspberry,2.0
2998,749.5,mRNA,mKalama1,1.0
2999,749.75,topo,topoI,0.25
2999,749.75,topo,gyrase,0.25
2999,749.75,RNAP,RNAP,1.0
2999,749.75,mRNA,tetA,9.0
2999,749.75,mRNA,Raspberry,2.0
2999,749.75,mRNA,mKalama1,1.0
3000,750.0,topo,topoI,0.25
3000,750.0,topo,gyrase,0.25
3000,750.0,RNAP,RNAP,1.0
3000,750.0,mRNA,tetA,9.0
3000,750.0,mRNA,Raspberry,2.0
3000,750.0,mRNA,mKalama1,1.0
3001,750.25,topo,topoI,0.25
3001,750.25,topo,gyrase,0.25
3001,750.25,RNAP,RNAP,1.0
3001,750.25,mRNA,tetA,9.0
3001,750.25,mRNA,Raspberry,2.0
3001,750.25,mRNA,mKalama1,1.0
3002,750.5,topo,topoI,0.25
3002,750.5,topo,gyrase,0.25
3002,750.5,RNAP,RNAP,1.0
3002,750.5,mRNA,tetA,9.0
3002,750.5,mRNA,Raspberry,2.0
3002,750.5,mRNA,mKalama1,1.0
3003,750.75,topo,topoI,0.25
3003,750.75,topo,gyrase,0.25
3003,750.75,RNAP,RNAP,1.0
3003,750.75,mRNA,tetA,9.0
3003,750.75,mRNA,Raspberry,2.0
3003,750.75,mRNA,mKalama1,1.0
3004,751.0,topo,topoI,0.25
3004,751.0,topo,gyrase,0.25
3004,751.0,RNAP,RNAP,1.0
3004,751.0,mRNA,tetA,9.0
3004,751.0,mRNA,Raspberry,2.0
3004,751.0,mRNA,mKalama1,1.0
3005,751.25,topo,topoI,0.25
3005,751.25,topo,gyrase,0.25
3005,751.25,RNAP,RNAP,1.0
3005,751.25,mRNA,tetA,9.0
3005,751.25,mRNA,Raspberry,2.0
3005,751.25,mRNA,mKalama1,1.0
3006,751.5,topo,topoI,0.25
3006,751.5,topo,gyrase,0.25
3006,751.5,RNAP,RNAP,1.0
3006,751.5,mRNA,tetA,9.0
3006,751.5,mRNA,Raspberry,2.0
3006,751.5,mRNA,mKalama1,1.0
3007,751.75,topo,topoI,0.25
3007,751.75,topo,gyrase,0.25
3007,751.75,RNAP,RNAP,1.0
3007,751.75,mRNA,tetA,9.0
3007,751.75,mRNA,Raspberry,2.0
3007,751.75,mRNA,mKalama1,1.0
3008,752.0,topo,topoI,0.25
3008,752.0,topo,gyrase,0.25
3008,752.0,RNAP,RNAP,1.0
3008,752.0,mRNA,tetA,9.0
3008,752.0,mRNA,Raspberry,2.0
3008,752.0,mRNA,mKalama1,1.0
3009,752.25,topo,topoI,0.25
3009,752.25,topo,gyrase,0.25
3009,752.25,RNAP,RNAP,1.0
3009,752.25,mRNA,tetA,9.0
3009,752.25,mRNA,Raspberry,2.0
3009,752.25,mRNA,mKalama1,1.0
3010,752.5,topo,topoI,0.25
3010,752.5,topo,gyrase,0.25
3010,752.5,RNAP,RNAP,1.0
3010,752.5,mRNA,tetA,9.0
3010,752.5,mRNA,Raspberry,2.0
3010,752.5,mRNA,mKalama1,1.0
3011,752.75,topo,topoI,0.25
3011,752.75,topo,gyrase,0.25
3011,752.75,RNAP,RNAP,1.0
3011,752.75,mRNA,tetA,9.0
3011,752.75,mRNA,Raspberry,2.0
3011,752.75,mRNA,mKalama1,1.0
3012,753.0,topo,topoI,0.25
3012,753.0,topo,gyrase,0.25
3012,753.0,RNAP,RNAP,1.0
3012,753.0,mRNA,tetA,9.0
3012,753.0,mRNA,Raspberry,2.0
3012,753.0,mRNA,mKalama1,1.0
3013,753.25,topo,topoI,0.25
3013,753.25,topo,gyrase,0.25
3013,753.25,RNAP,RNAP,1.0
3013,753.25,mRNA,tetA,9.0
3013,753.25,mRNA,Raspberry,2.0
3013,753.25,mRNA,mKalama1,1.0
3014,753.5,topo,topoI,0.25
3014,753.5,topo,gyrase,0.25
3014,753.5,RNAP,RNAP,1.0
3014,753.5,mRNA,tetA,9.0
3014,753.5,mRNA,Raspberry,2.0
3014,753.5,mRNA,mKalama1,1.0
3015,753.75,topo,topoI,0.25
3015,753.75,topo,gyrase,0.25
3015,753.75,RNAP,RNAP,1.0
3015,753.75,mRNA,tetA,9.0
3015,753.75,mRNA,Raspberry,2.0
3015,753.75,mRNA,mKalama1,1.0
3016,754.0,topo,topoI,0.25
3016,754.0,topo,gyrase,0.25
3016,754.0,RNAP,RNAP,1.0
3016,754.0,mRNA,tetA,9.0
3016,754.0,mRNA,Raspberry,2.0
3016,754.0,mRNA,mKalama1,1.0
3017,754.25,topo,topoI,0.25
3017,754.25,topo,gyrase,0.25
3017,754.25,RNAP,RNAP,1.0
3017,754.25,mRNA,tetA,9.0
3017,754.25,mRNA,Raspberry,2.0
3017,754.25,mRNA,mKalama1,1.0
3018,754.5,topo,topoI,0.25
3018,754.5,topo,gyrase,0.25
3018,754.5,RNAP,RNAP,1.0
3018,754.5,mRNA,tetA,9.0
3018,754.5,mRNA,Raspberry,2.0
3018,754.5,mRNA,mKalama1,1.0
3019,754.75,topo,topoI,0.25
3019,754.75,topo,gyrase,0.25
3019,754.75,RNAP,RNAP,1.0
3019,754.75,mRNA,tetA,9.0
3019,754.75,mRNA,Raspberry,2.0
3019,754.75,mRNA,mKalama1,1.0
3020,755.0,topo,topoI,0.25
3020,755.0,topo,gyrase,0.25
3020,755.0,RNAP,RNAP,1.0
3020,755.0,mRNA,tetA,9.0
3020,755.0,mRNA,Raspberry,2.0
3020,755.0,mRNA,mKalama1,1.0
3021,755.25,topo,topoI,0.25
3021,755.25,topo,gyrase,0.25
3021,755.25,RNAP,RNAP,1.0
3021,755.25,mRNA,tetA,9.0
3021,755.25,mRNA,Raspberry,2.0
3021,755.25,mRNA,mKalama1,1.0
3022,755.5,topo,topoI,0.25
3022,755.5,topo,gyrase,0.25
3022,755.5,RNAP,RNAP,1.0
3022,755.5,mRNA,tetA,9.0
3022,755.5,mRNA,Raspberry,2.0
3022,755.5,mRNA,mKalama1,1.0
3023,755.75,topo,topoI,0.25
3023,755.75,topo,gyrase,0.25
3023,755.75,RNAP,RNAP,1.0
3023,755.75,mRNA,tetA,9.0
3023,755.75,mRNA,Raspberry,2.0
3023,755.75,mRNA,mKalama1,1.0
3024,756.0,topo,topoI,0.25
3024,756.0,topo,gyrase,0.25
3024,756.0,RNAP,RNAP,1.0
3024,756.0,mRNA,tetA,9.0
3024,756.0,mRNA,Raspberry,2.0
3024,756.0,mRNA,mKalama1,1.0
3025,756.25,topo,topoI,0.25
3025,756.25,topo,gyrase,0.25
3025,756.25,RNAP,RNAP,1.0
3025,756.25,mRNA,tetA,9.0
3025,756.25,mRNA,Raspberry,2.0
3025,756.25,mRNA,mKalama1,1.0
3026,756.5,topo,topoI,0.25
3026,756.5,topo,gyrase,0.25
3026,756.5,RNAP,RNAP,1.0
3026,756.5,mRNA,tetA,9.0
3026,756.5,mRNA,Raspberry,2.0
3026,756.5,mRNA,mKalama1,1.0
3027,756.75,topo,topoI,0.25
3027,756.75,topo,gyrase,0.25
3027,756.75,RNAP,RNAP,1.0
3027,756.75,mRNA,tetA,9.0
3027,756.75,mRNA,Raspberry,2.0
3027,756.75,mRNA,mKalama1,1.0
3028,757.0,topo,topoI,0.25
3028,757.0,topo,gyrase,0.25
3028,757.0,RNAP,RNAP,1.0
3028,757.0,mRNA,tetA,9.0
3028,757.0,mRNA,Raspberry,2.0
3028,757.0,mRNA,mKalama1,1.0
3029,757.25,topo,topoI,0.25
3029,757.25,topo,gyrase,0.25
3029,757.25,RNAP,RNAP,1.0
3029,757.25,mRNA,tetA,9.0
3029,757.25,mRNA,Raspberry,2.0
3029,757.25,mRNA,mKalama1,1.0
3030,757.5,topo,topoI,0.25
3030,757.5,topo,gyrase,0.25
3030,757.5,RNAP,RNAP,1.0
3030,757.5,mRNA,tetA,9.0
3030,757.5,mRNA,Raspberry,2.0
3030,757.5,mRNA,mKalama1,1.0
3031,757.75,topo,topoI,0.25
3031,757.75,topo,gyrase,0.25
3031,757.75,RNAP,RNAP,1.0
3031,757.75,mRNA,tetA,9.0
3031,757.75,mRNA,Raspberry,2.0
3031,757.75,mRNA,mKalama1,1.0
3032,758.0,topo,topoI,0.25
3032,758.0,topo,gyrase,0.25
3032,758.0,RNAP,RNAP,1.0
3032,758.0,mRNA,tetA,9.0
3032,758.0,mRNA,Raspberry,2.0
3032,758.0,mRNA,mKalama1,1.0
3033,758.25,topo,topoI,0.25
3033,758.25,topo,gyrase,0.25
3033,758.25,RNAP,RNAP,1.0
3033,758.25,mRNA,tetA,9.0
3033,758.25,mRNA,Raspberry,2.0
3033,758.25,mRNA,mKalama1,1.0
3034,758.5,topo,topoI,0.25
3034,758.5,topo,gyrase,0.25
3034,758.5,RNAP,RNAP,1.0
3034,758.5,mRNA,tetA,9.0
3034,758.5,mRNA,Raspberry,2.0
3034,758.5,mRNA,mKalama1,1.0
3035,758.75,topo,topoI,0.25
3035,758.75,topo,gyrase,0.25
3035,758.75,RNAP,RNAP,1.0
3035,758.75,mRNA,tetA,9.0
3035,758.75,mRNA,Raspberry,2.0
3035,758.75,mRNA,mKalama1,1.0
3036,759.0,topo,topoI,0.25
3036,759.0,topo,gyrase,0.25
3036,759.0,RNAP,RNAP,1.0
3036,759.0,mRNA,tetA,9.0
3036,759.0,mRNA,Raspberry,2.0
3036,759.0,mRNA,mKalama1,1.0
3037,759.25,topo,topoI,0.25
3037,759.25,topo,gyrase,0.25
3037,759.25,RNAP,RNAP,1.0
3037,759.25,mRNA,tetA,9.0
3037,759.25,mRNA,Raspberry,2.0
3037,759.25,mRNA,mKalama1,1.0
3038,759.5,topo,topoI,0.25
3038,759.5,topo,gyrase,0.25
3038,759.5,RNAP,RNAP,1.0
3038,759.5,mRNA,tetA,9.0
3038,759.5,mRNA,Raspberry,2.0
3038,759.5,mRNA,mKalama1,1.0
3039,759.75,topo,topoI,0.25
3039,759.75,topo,gyrase,0.25
3039,759.75,RNAP,RNAP,1.0
3039,759.75,mRNA,tetA,9.0
3039,759.75,mRNA,Raspberry,2.0
3039,759.75,mRNA,mKalama1,1.0
3040,760.0,topo,topoI,0.25
3040,760.0,topo,gyrase,0.25
3040,760.0,RNAP,RNAP,1.0
3040,760.0,mRNA,tetA,9.0
3040,760.0,mRNA,Raspberry,2.0
3040,760.0,mRNA,mKalama1,1.0
3041,760.25,topo,topoI,0.25
3041,760.25,topo,gyrase,0.25
3041,760.25,RNAP,RNAP,1.0
3041,760.25,mRNA,tetA,9.0
3041,760.25,mRNA,Raspberry,2.0
3041,760.25,mRNA,mKalama1,1.0
3042,760.5,topo,topoI,0.25
3042,760.5,topo,gyrase,0.25
3042,760.5,RNAP,RNAP,1.0
3042,760.5,mRNA,tetA,9.0
3042,760.5,mRNA,Raspberry,2.0
3042,760.5,mRNA,mKalama1,1.0
3043,760.75,topo,topoI,0.25
3043,760.75,topo,gyrase,0.25
3043,760.75,RNAP,RNAP,1.0
3043,760.75,mRNA,tetA,9.0
3043,760.75,mRNA,Raspberry,2.0
3043,760.75,mRNA,mKalama1,1.0
3044,761.0,topo,topoI,0.25
3044,761.0,topo,gyrase,0.25
3044,761.0,RNAP,RNAP,1.0
3044,761.0,mRNA,tetA,9.0
3044,761.0,mRNA,Raspberry,2.0
3044,761.0,mRNA,mKalama1,1.0
3045,761.25,topo,topoI,0.25
3045,761.25,topo,gyrase,0.25
3045,761.25,RNAP,RNAP,1.0
3045,761.25,mRNA,tetA,9.0
3045,761.25,mRNA,Raspberry,2.0
3045,761.25,mRNA,mKalama1,1.0
3046,761.5,topo,topoI,0.25
3046,761.5,topo,gyrase,0.25
3046,761.5,RNAP,RNAP,1.0
3046,761.5,mRNA,tetA,9.0
3046,761.5,mRNA,Raspberry,2.0
3046,761.5,mRNA,mKalama1,1.0
3047,761.75,topo,topoI,0.25
3047,761.75,topo,gyrase,0.25
3047,761.75,RNAP,RNAP,1.0
3047,761.75,mRNA,tetA,9.0
3047,761.75,mRNA,Raspberry,2.0
3047,761.75,mRNA,mKalama1,1.0
3048,762.0,topo,topoI,0.25
3048,762.0,topo,gyrase,0.25
3048,762.0,RNAP,RNAP,1.0
3048,762.0,mRNA,tetA,9.0
3048,762.0,mRNA,Raspberry,2.0
3048,762.0,mRNA,mKalama1,1.0
3049,762.25,topo,topoI,0.25
3049,762.25,topo,gyrase,0.25
3049,762.25,RNAP,RNAP,1.0
3049,762.25,mRNA,tetA,9.0
3049,762.25,mRNA,Raspberry,2.0
3049,762.25,mRNA,mKalama1,1.0
3050,762.5,topo,topoI,0.25
3050,762.5,topo,gyrase,0.25
3050,762.5,RNAP,RNAP,1.0
3050,762.5,mRNA,tetA,9.0
3050,762.5,mRNA,Raspberry,2.0
3050,762.5,mRNA,mKalama1,1.0
3051,762.75,topo,topoI,0.25
3051,762.75,topo,gyrase,0.25
3051,762.75,RNAP,RNAP,1.0
3051,762.75,mRNA,tetA,9.0
3051,762.75,mRNA,Raspberry,2.0
3051,762.75,mRNA,mKalama1,1.0
3052,763.0,topo,topoI,0.25
3052,763.0,topo,gyrase,0.25
3052,763.0,RNAP,RNAP,1.0
3052,763.0,mRNA,tetA,9.0
3052,763.0,mRNA,Raspberry,2.0
3052,763.0,mRNA,mKalama1,1.0
3053,763.25,topo,topoI,0.25
3053,763.25,topo,gyrase,0.25
3053,763.25,RNAP,RNAP,1.0
3053,763.25,mRNA,tetA,9.0
3053,763.25,mRNA,Raspberry,2.0
3053,763.25,mRNA,mKalama1,1.0
3054,763.5,topo,topoI,0.25
3054,763.5,topo,gyrase,0.25
3054,763.5,RNAP,RNAP,1.0
3054,763.5,mRNA,tetA,9.0
3054,763.5,mRNA,Raspberry,2.0
3054,763.5,mRNA,mKalama1,1.0
3055,763.75,topo,topoI,0.25
3055,763.75,topo,gyrase,0.25
3055,763.75,RNAP,RNAP,1.0
3055,763.75,mRNA,tetA,9.0
3055,763.75,mRNA,Raspberry,2.0
3055,763.75,mRNA,mKalama1,1.0
3056,764.0,topo,topoI,0.25
3056,764.0,topo,gyrase,0.25
3056,764.0,RNAP,RNAP,1.0
3056,764.0,mRNA,tetA,9.0
3056,764.0,mRNA,Raspberry,2.0
3056,764.0,mRNA,mKalama1,1.0
3057,764.25,topo,topoI,0.25
3057,764.25,topo,gyrase,0.25
3057,764.25,RNAP,RNAP,1.0
3057,764.25,mRNA,tetA,9.0
3057,764.25,mRNA,Raspberry,2.0
3057,764.25,mRNA,mKalama1,1.0
3058,764.5,topo,topoI,0.25
3058,764.5,topo,gyrase,0.25
3058,764.5,RNAP,RNAP,1.0
3058,764.5,mRNA,tetA,9.0
3058,764.5,mRNA,Raspberry,2.0
3058,764.5,mRNA,mKalama1,1.0
3059,764.75,topo,topoI,0.25
3059,764.75,topo,gyrase,0.25
3059,764.75,RNAP,RNAP,1.0
3059,764.75,mRNA,tetA,9.0
3059,764.75,mRNA,Raspberry,2.0
3059,764.75,mRNA,mKalama1,1.0
3060,765.0,topo,topoI,0.25
3060,765.0,topo,gyrase,0.25
3060,765.0,RNAP,RNAP,1.0
3060,765.0,mRNA,tetA,9.0
3060,765.0,mRNA,Raspberry,2.0
3060,765.0,mRNA,mKalama1,1.0
3061,765.25,topo,topoI,0.25
3061,765.25,topo,gyrase,0.25
3061,765.25,RNAP,RNAP,1.0
3061,765.25,mRNA,tetA,9.0
3061,765.25,mRNA,Raspberry,2.0
3061,765.25,mRNA,mKalama1,1.0
3062,765.5,topo,topoI,0.25
3062,765.5,topo,gyrase,0.25
3062,765.5,RNAP,RNAP,1.0
3062,765.5,mRNA,tetA,9.0
3062,765.5,mRNA,Raspberry,2.0
3062,765.5,mRNA,mKalama1,1.0
3063,765.75,topo,topoI,0.25
3063,765.75,topo,gyrase,0.25
3063,765.75,RNAP,RNAP,1.0
3063,765.75,mRNA,tetA,9.0
3063,765.75,mRNA,Raspberry,2.0
3063,765.75,mRNA,mKalama1,1.0
3064,766.0,topo,topoI,0.25
3064,766.0,topo,gyrase,0.25
3064,766.0,RNAP,RNAP,1.0
3064,766.0,mRNA,tetA,9.0
3064,766.0,mRNA,Raspberry,2.0
3064,766.0,mRNA,mKalama1,1.0
3065,766.25,topo,topoI,0.25
3065,766.25,topo,gyrase,0.25
3065,766.25,RNAP,RNAP,1.0
3065,766.25,mRNA,tetA,9.0
3065,766.25,mRNA,Raspberry,2.0
3065,766.25,mRNA,mKalama1,1.0
3066,766.5,topo,topoI,0.25
3066,766.5,topo,gyrase,0.25
3066,766.5,RNAP,RNAP,1.0
3066,766.5,mRNA,tetA,9.0
3066,766.5,mRNA,Raspberry,2.0
3066,766.5,mRNA,mKalama1,1.0
3067,766.75,topo,topoI,0.25
3067,766.75,topo,gyrase,0.25
3067,766.75,RNAP,RNAP,1.0
3067,766.75,mRNA,tetA,9.0
3067,766.75,mRNA,Raspberry,2.0
3067,766.75,mRNA,mKalama1,1.0
3068,767.0,topo,topoI,0.25
3068,767.0,topo,gyrase,0.25
3068,767.0,RNAP,RNAP,1.0
3068,767.0,mRNA,tetA,9.0
3068,767.0,mRNA,Raspberry,2.0
3068,767.0,mRNA,mKalama1,1.0
3069,767.25,topo,topoI,0.25
3069,767.25,topo,gyrase,0.25
3069,767.25,RNAP,RNAP,1.0
3069,767.25,mRNA,tetA,9.0
3069,767.25,mRNA,Raspberry,2.0
3069,767.25,mRNA,mKalama1,1.0
3070,767.5,topo,topoI,0.25
3070,767.5,topo,gyrase,0.25
3070,767.5,RNAP,RNAP,1.0
3070,767.5,mRNA,tetA,9.0
3070,767.5,mRNA,Raspberry,2.0
3070,767.5,mRNA,mKalama1,1.0
3071,767.75,topo,topoI,0.25
3071,767.75,topo,gyrase,0.25
3071,767.75,RNAP,RNAP,1.0
3071,767.75,mRNA,tetA,9.0
3071,767.75,mRNA,Raspberry,2.0
3071,767.75,mRNA,mKalama1,1.0
3072,768.0,topo,topoI,0.25
3072,768.0,topo,gyrase,0.25
3072,768.0,RNAP,RNAP,1.0
3072,768.0,mRNA,tetA,9.0
3072,768.0,mRNA,Raspberry,2.0
3072,768.0,mRNA,mKalama1,1.0
3073,768.25,topo,topoI,0.25
3073,768.25,topo,gyrase,0.25
3073,768.25,RNAP,RNAP,1.0
3073,768.25,mRNA,tetA,9.0
3073,768.25,mRNA,Raspberry,2.0
3073,768.25,mRNA,mKalama1,1.0
3074,768.5,topo,topoI,0.25
3074,768.5,topo,gyrase,0.25
3074,768.5,RNAP,RNAP,1.0
3074,768.5,mRNA,tetA,9.0
3074,768.5,mRNA,Raspberry,2.0
3074,768.5,mRNA,mKalama1,1.0
3075,768.75,topo,topoI,0.25
3075,768.75,topo,gyrase,0.25
3075,768.75,RNAP,RNAP,1.0
3075,768.75,mRNA,tetA,9.0
3075,768.75,mRNA,Raspberry,2.0
3075,768.75,mRNA,mKalama1,1.0
3076,769.0,topo,topoI,0.25
3076,769.0,topo,gyrase,0.25
3076,769.0,RNAP,RNAP,1.0
3076,769.0,mRNA,tetA,9.0
3076,769.0,mRNA,Raspberry,2.0
3076,769.0,mRNA,mKalama1,1.0
3077,769.25,topo,topoI,0.25
3077,769.25,topo,gyrase,0.25
3077,769.25,RNAP,RNAP,1.0
3077,769.25,mRNA,tetA,9.0
3077,769.25,mRNA,Raspberry,2.0
3077,769.25,mRNA,mKalama1,1.0
3078,769.5,topo,topoI,0.25
3078,769.5,topo,gyrase,0.25
3078,769.5,RNAP,RNAP,1.0
3078,769.5,mRNA,tetA,9.0
3078,769.5,mRNA,Raspberry,2.0
3078,769.5,mRNA,mKalama1,1.0
3079,769.75,topo,topoI,0.25
3079,769.75,topo,gyrase,0.25
3079,769.75,RNAP,RNAP,1.0
3079,769.75,mRNA,tetA,9.0
3079,769.75,mRNA,Raspberry,2.0
3079,769.75,mRNA,mKalama1,1.0
3080,770.0,topo,topoI,0.25
3080,770.0,topo,gyrase,0.25
3080,770.0,RNAP,RNAP,1.0
3080,770.0,mRNA,tetA,9.0
3080,770.0,mRNA,Raspberry,2.0
3080,770.0,mRNA,mKalama1,1.0
3081,770.25,topo,topoI,0.25
3081,770.25,topo,gyrase,0.25
3081,770.25,RNAP,RNAP,1.0
3081,770.25,mRNA,tetA,9.0
3081,770.25,mRNA,Raspberry,2.0
3081,770.25,mRNA,mKalama1,1.0
3082,770.5,topo,topoI,0.25
3082,770.5,topo,gyrase,0.25
3082,770.5,RNAP,RNAP,1.0
3082,770.5,mRNA,tetA,9.0
3082,770.5,mRNA,Raspberry,2.0
3082,770.5,mRNA,mKalama1,1.0
3083,770.75,topo,topoI,0.25
3083,770.75,topo,gyrase,0.25
3083,770.75,RNAP,RNAP,1.0
3083,770.75,mRNA,tetA,9.0
3083,770.75,mRNA,Raspberry,2.0
3083,770.75,mRNA,mKalama1,1.0
3084,771.0,topo,topoI,0.25
3084,771.0,topo,gyrase,0.25
3084,771.0,RNAP,RNAP,1.0
3084,771.0,mRNA,tetA,9.0
3084,771.0,mRNA,Raspberry,2.0
3084,771.0,mRNA,mKalama1,1.0
3085,771.25,topo,topoI,0.25
3085,771.25,topo,gyrase,0.25
3085,771.25,RNAP,RNAP,1.0
3085,771.25,mRNA,tetA,9.0
3085,771.25,mRNA,Raspberry,2.0
3085,771.25,mRNA,mKalama1,1.0
3086,771.5,topo,topoI,0.25
3086,771.5,topo,gyrase,0.25
3086,771.5,RNAP,RNAP,1.0
3086,771.5,mRNA,tetA,9.0
3086,771.5,mRNA,Raspberry,2.0
3086,771.5,mRNA,mKalama1,1.0
3087,771.75,topo,topoI,0.25
3087,771.75,topo,gyrase,0.25
3087,771.75,RNAP,RNAP,1.0
3087,771.75,mRNA,tetA,9.0
3087,771.75,mRNA,Raspberry,2.0
3087,771.75,mRNA,mKalama1,1.0
3088,772.0,topo,topoI,0.25
3088,772.0,topo,gyrase,0.25
3088,772.0,RNAP,RNAP,1.0
3088,772.0,mRNA,tetA,9.0
3088,772.0,mRNA,Raspberry,2.0
3088,772.0,mRNA,mKalama1,1.0
3089,772.25,topo,topoI,0.25
3089,772.25,topo,gyrase,0.25
3089,772.25,RNAP,RNAP,1.0
3089,772.25,mRNA,tetA,9.0
3089,772.25,mRNA,Raspberry,2.0
3089,772.25,mRNA,mKalama1,1.0
3090,772.5,topo,topoI,0.25
3090,772.5,topo,gyrase,0.25
3090,772.5,RNAP,RNAP,1.0
3090,772.5,mRNA,tetA,9.0
3090,772.5,mRNA,Raspberry,2.0
3090,772.5,mRNA,mKalama1,1.0
3091,772.75,topo,topoI,0.25
3091,772.75,topo,gyrase,0.25
3091,772.75,RNAP,RNAP,1.0
3091,772.75,mRNA,tetA,9.0
3091,772.75,mRNA,Raspberry,2.0
3091,772.75,mRNA,mKalama1,1.0
3092,773.0,topo,topoI,0.25
3092,773.0,topo,gyrase,0.25
3092,773.0,RNAP,RNAP,1.0
3092,773.0,mRNA,tetA,9.0
3092,773.0,mRNA,Raspberry,2.0
3092,773.0,mRNA,mKalama1,1.0
3093,773.25,topo,topoI,0.25
3093,773.25,topo,gyrase,0.25
3093,773.25,RNAP,RNAP,1.0
3093,773.25,mRNA,tetA,9.0
3093,773.25,mRNA,Raspberry,2.0
3093,773.25,mRNA,mKalama1,1.0
3094,773.5,topo,topoI,0.25
3094,773.5,topo,gyrase,0.25
3094,773.5,RNAP,RNAP,1.0
3094,773.5,mRNA,tetA,9.0
3094,773.5,mRNA,Raspberry,2.0
3094,773.5,mRNA,mKalama1,1.0
3095,773.75,topo,topoI,0.25
3095,773.75,topo,gyrase,0.25
3095,773.75,RNAP,RNAP,1.0
3095,773.75,mRNA,tetA,9.0
3095,773.75,mRNA,Raspberry,2.0
3095,773.75,mRNA,mKalama1,1.0
3096,774.0,topo,topoI,0.25
3096,774.0,topo,gyrase,0.25
3096,774.0,RNAP,RNAP,1.0
3096,774.0,mRNA,tetA,9.0
3096,774.0,mRNA,Raspberry,2.0
3096,774.0,mRNA,mKalama1,1.0
3097,774.25,topo,topoI,0.25
3097,774.25,topo,gyrase,0.25
3097,774.25,RNAP,RNAP,1.0
3097,774.25,mRNA,tetA,9.0
3097,774.25,mRNA,Raspberry,2.0
3097,774.25,mRNA,mKalama1,1.0
3098,774.5,topo,topoI,0.25
3098,774.5,topo,gyrase,0.25
3098,774.5,RNAP,RNAP,1.0
3098,774.5,mRNA,tetA,9.0
3098,774.5,mRNA,Raspberry,2.0
3098,774.5,mRNA,mKalama1,1.0
3099,774.75,topo,topoI,0.25
3099,774.75,topo,gyrase,0.25
3099,774.75,RNAP,RNAP,1.0
3099,774.75,mRNA,tetA,9.0
3099,774.75,mRNA,Raspberry,2.0
3099,774.75,mRNA,mKalama1,1.0
3100,775.0,topo,topoI,0.25
3100,775.0,topo,gyrase,0.25
3100,775.0,RNAP,RNAP,1.0
3100,775.0,mRNA,tetA,9.0
3100,775.0,mRNA,Raspberry,2.0
3100,775.0,mRNA,mKalama1,1.0
3101,775.25,topo,topoI,0.25
3101,775.25,topo,gyrase,0.25
3101,775.25,RNAP,RNAP,1.0
3101,775.25,mRNA,tetA,9.0
3101,775.25,mRNA,Raspberry,2.0
3101,775.25,mRNA,mKalama1,1.0
3102,775.5,topo,topoI,0.25
3102,775.5,topo,gyrase,0.25
3102,775.5,RNAP,RNAP,1.0
3102,775.5,mRNA,tetA,9.0
3102,775.5,mRNA,Raspberry,2.0
3102,775.5,mRNA,mKalama1,1.0
3103,775.75,topo,topoI,0.25
3103,775.75,topo,gyrase,0.25
3103,775.75,RNAP,RNAP,1.0
3103,775.75,mRNA,tetA,9.0
3103,775.75,mRNA,Raspberry,2.0
3103,775.75,mRNA,mKalama1,1.0
3104,776.0,topo,topoI,0.25
3104,776.0,topo,gyrase,0.25
3104,776.0,RNAP,RNAP,1.0
3104,776.0,mRNA,tetA,9.0
3104,776.0,mRNA,Raspberry,2.0
3104,776.0,mRNA,mKalama1,1.0
3105,776.25,topo,topoI,0.25
3105,776.25,topo,gyrase,0.25
3105,776.25,RNAP,RNAP,1.0
3105,776.25,mRNA,tetA,9.0
3105,776.25,mRNA,Raspberry,2.0
3105,776.25,mRNA,mKalama1,1.0
3106,776.5,topo,topoI,0.25
3106,776.5,topo,gyrase,0.25
3106,776.5,RNAP,RNAP,1.0
3106,776.5,mRNA,tetA,9.0
3106,776.5,mRNA,Raspberry,2.0
3106,776.5,mRNA,mKalama1,1.0
3107,776.75,topo,topoI,0.25
3107,776.75,topo,gyrase,0.25
3107,776.75,RNAP,RNAP,1.0
3107,776.75,mRNA,tetA,9.0
3107,776.75,mRNA,Raspberry,2.0
3107,776.75,mRNA,mKalama1,1.0
3108,777.0,topo,topoI,0.25
3108,777.0,topo,gyrase,0.25
3108,777.0,RNAP,RNAP,1.0
3108,777.0,mRNA,tetA,9.0
3108,777.0,mRNA,Raspberry,2.0
3108,777.0,mRNA,mKalama1,1.0
3109,777.25,topo,topoI,0.25
3109,777.25,topo,gyrase,0.25
3109,777.25,RNAP,RNAP,1.0
3109,777.25,mRNA,tetA,9.0
3109,777.25,mRNA,Raspberry,2.0
3109,777.25,mRNA,mKalama1,1.0
3110,777.5,topo,topoI,0.25
3110,777.5,topo,gyrase,0.25
3110,777.5,RNAP,RNAP,1.0
3110,777.5,mRNA,tetA,9.0
3110,777.5,mRNA,Raspberry,2.0
3110,777.5,mRNA,mKalama1,1.0
3111,777.75,topo,topoI,0.25
3111,777.75,topo,gyrase,0.25
3111,777.75,RNAP,RNAP,1.0
3111,777.75,mRNA,tetA,9.0
3111,777.75,mRNA,Raspberry,2.0
3111,777.75,mRNA,mKalama1,1.0
3112,778.0,topo,topoI,0.25
3112,778.0,topo,gyrase,0.25
3112,778.0,RNAP,RNAP,1.0
3112,778.0,mRNA,tetA,9.0
3112,778.0,mRNA,Raspberry,2.0
3112,778.0,mRNA,mKalama1,1.0
3113,778.25,topo,topoI,0.25
3113,778.25,topo,gyrase,0.25
3113,778.25,RNAP,RNAP,1.0
3113,778.25,mRNA,tetA,9.0
3113,778.25,mRNA,Raspberry,2.0
3113,778.25,mRNA,mKalama1,1.0
3114,778.5,topo,topoI,0.25
3114,778.5,topo,gyrase,0.25
3114,778.5,RNAP,RNAP,1.0
3114,778.5,mRNA,tetA,9.0
3114,778.5,mRNA,Raspberry,2.0
3114,778.5,mRNA,mKalama1,1.0
3115,778.75,topo,topoI,0.25
3115,778.75,topo,gyrase,0.25
3115,778.75,RNAP,RNAP,1.0
3115,778.75,mRNA,tetA,9.0
3115,778.75,mRNA,Raspberry,2.0
3115,778.75,mRNA,mKalama1,1.0
3116,779.0,topo,topoI,0.25
3116,779.0,topo,gyrase,0.25
3116,779.0,RNAP,RNAP,1.0
3116,779.0,mRNA,tetA,9.0
3116,779.0,mRNA,Raspberry,2.0
3116,779.0,mRNA,mKalama1,1.0
3117,779.25,topo,topoI,0.25
3117,779.25,topo,gyrase,0.25
3117,779.25,RNAP,RNAP,1.0
3117,779.25,mRNA,tetA,9.0
3117,779.25,mRNA,Raspberry,2.0
3117,779.25,mRNA,mKalama1,1.0
3118,779.5,topo,topoI,0.25
3118,779.5,topo,gyrase,0.25
3118,779.5,RNAP,RNAP,1.0
3118,779.5,mRNA,tetA,9.0
3118,779.5,mRNA,Raspberry,2.0
3118,779.5,mRNA,mKalama1,1.0
3119,779.75,topo,topoI,0.25
3119,779.75,topo,gyrase,0.25
3119,779.75,RNAP,RNAP,1.0
3119,779.75,mRNA,tetA,9.0
3119,779.75,mRNA,Raspberry,2.0
3119,779.75,mRNA,mKalama1,1.0
3120,780.0,topo,topoI,0.25
3120,780.0,topo,gyrase,0.25
3120,780.0,RNAP,RNAP,1.0
3120,780.0,mRNA,tetA,9.0
3120,780.0,mRNA,Raspberry,2.0
3120,780.0,mRNA,mKalama1,1.0
3121,780.25,topo,topoI,0.25
3121,780.25,topo,gyrase,0.25
3121,780.25,RNAP,RNAP,1.0
3121,780.25,mRNA,tetA,9.0
3121,780.25,mRNA,Raspberry,2.0
3121,780.25,mRNA,mKalama1,1.0
3122,780.5,topo,topoI,0.25
3122,780.5,topo,gyrase,0.25
3122,780.5,RNAP,RNAP,1.0
3122,780.5,mRNA,tetA,9.0
3122,780.5,mRNA,Raspberry,2.0
3122,780.5,mRNA,mKalama1,1.0
3123,780.75,topo,topoI,0.25
3123,780.75,topo,gyrase,0.25
3123,780.75,RNAP,RNAP,1.0
3123,780.75,mRNA,tetA,9.0
3123,780.75,mRNA,Raspberry,2.0
3123,780.75,mRNA,mKalama1,1.0
3124,781.0,topo,topoI,0.25
3124,781.0,topo,gyrase,0.25
3124,781.0,RNAP,RNAP,1.0
3124,781.0,mRNA,tetA,9.0
3124,781.0,mRNA,Raspberry,2.0
3124,781.0,mRNA,mKalama1,1.0
3125,781.25,topo,topoI,0.25
3125,781.25,topo,gyrase,0.25
3125,781.25,RNAP,RNAP,1.0
3125,781.25,mRNA,tetA,9.0
3125,781.25,mRNA,Raspberry,2.0
3125,781.25,mRNA,mKalama1,1.0
3126,781.5,topo,topoI,0.25
3126,781.5,topo,gyrase,0.25
3126,781.5,RNAP,RNAP,1.0
3126,781.5,mRNA,tetA,9.0
3126,781.5,mRNA,Raspberry,2.0
3126,781.5,mRNA,mKalama1,1.0
3127,781.75,topo,topoI,0.25
3127,781.75,topo,gyrase,0.25
3127,781.75,RNAP,RNAP,1.0
3127,781.75,mRNA,tetA,9.0
3127,781.75,mRNA,Raspberry,2.0
3127,781.75,mRNA,mKalama1,1.0
3128,782.0,topo,topoI,0.25
3128,782.0,topo,gyrase,0.25
3128,782.0,RNAP,RNAP,1.0
3128,782.0,mRNA,tetA,9.0
3128,782.0,mRNA,Raspberry,2.0
3128,782.0,mRNA,mKalama1,1.0
3129,782.25,topo,topoI,0.25
3129,782.25,topo,gyrase,0.25
3129,782.25,RNAP,RNAP,1.0
3129,782.25,mRNA,tetA,9.0
3129,782.25,mRNA,Raspberry,2.0
3129,782.25,mRNA,mKalama1,1.0
3130,782.5,topo,topoI,0.25
3130,782.5,topo,gyrase,0.25
3130,782.5,RNAP,RNAP,1.0
3130,782.5,mRNA,tetA,9.0
3130,782.5,mRNA,Raspberry,2.0
3130,782.5,mRNA,mKalama1,1.0
3131,782.75,topo,topoI,0.25
3131,782.75,topo,gyrase,0.25
3131,782.75,RNAP,RNAP,1.0
3131,782.75,mRNA,tetA,9.0
3131,782.75,mRNA,Raspberry,2.0
3131,782.75,mRNA,mKalama1,1.0
3132,783.0,topo,topoI,0.25
3132,783.0,topo,gyrase,0.25
3132,783.0,RNAP,RNAP,1.0
3132,783.0,mRNA,tetA,9.0
3132,783.0,mRNA,Raspberry,2.0
3132,783.0,mRNA,mKalama1,1.0
3133,783.25,topo,topoI,0.25
3133,783.25,topo,gyrase,0.25
3133,783.25,RNAP,RNAP,1.0
3133,783.25,mRNA,tetA,9.0
3133,783.25,mRNA,Raspberry,2.0
3133,783.25,mRNA,mKalama1,1.0
3134,783.5,topo,topoI,0.25
3134,783.5,topo,gyrase,0.25
3134,783.5,RNAP,RNAP,1.0
3134,783.5,mRNA,tetA,9.0
3134,783.5,mRNA,Raspberry,2.0
3134,783.5,mRNA,mKalama1,1.0
3135,783.75,topo,topoI,0.25
3135,783.75,topo,gyrase,0.25
3135,783.75,RNAP,RNAP,1.0
3135,783.75,mRNA,tetA,9.0
3135,783.75,mRNA,Raspberry,2.0
3135,783.75,mRNA,mKalama1,1.0
3136,784.0,topo,topoI,0.25
3136,784.0,topo,gyrase,0.25
3136,784.0,RNAP,RNAP,1.0
3136,784.0,mRNA,tetA,9.0
3136,784.0,mRNA,Raspberry,2.0
3136,784.0,mRNA,mKalama1,1.0
3137,784.25,topo,topoI,0.25
3137,784.25,topo,gyrase,0.25
3137,784.25,RNAP,RNAP,1.0
3137,784.25,mRNA,tetA,9.0
3137,784.25,mRNA,Raspberry,2.0
3137,784.25,mRNA,mKalama1,1.0
3138,784.5,topo,topoI,0.25
3138,784.5,topo,gyrase,0.25
3138,784.5,RNAP,RNAP,1.0
3138,784.5,mRNA,tetA,9.0
3138,784.5,mRNA,Raspberry,2.0
3138,784.5,mRNA,mKalama1,1.0
3139,784.75,topo,topoI,0.25
3139,784.75,topo,gyrase,0.25
3139,784.75,RNAP,RNAP,1.0
3139,784.75,mRNA,tetA,9.0
3139,784.75,mRNA,Raspberry,2.0
3139,784.75,mRNA,mKalama1,1.0
3140,785.0,topo,topoI,0.25
3140,785.0,topo,gyrase,0.25
3140,785.0,RNAP,RNAP,1.0
3140,785.0,mRNA,tetA,9.0
3140,785.0,mRNA,Raspberry,2.0
3140,785.0,mRNA,mKalama1,1.0
3141,785.25,topo,topoI,0.25
3141,785.25,topo,gyrase,0.25
3141,785.25,RNAP,RNAP,1.0
3141,785.25,mRNA,tetA,9.0
3141,785.25,mRNA,Raspberry,2.0
3141,785.25,mRNA,mKalama1,1.0
3142,785.5,topo,topoI,0.25
3142,785.5,topo,gyrase,0.25
3142,785.5,RNAP,RNAP,1.0
3142,785.5,mRNA,tetA,9.0
3142,785.5,mRNA,Raspberry,2.0
3142,785.5,mRNA,mKalama1,1.0
3143,785.75,topo,topoI,0.25
3143,785.75,topo,gyrase,0.25
3143,785.75,RNAP,RNAP,1.0
3143,785.75,mRNA,tetA,9.0
3143,785.75,mRNA,Raspberry,2.0
3143,785.75,mRNA,mKalama1,1.0
3144,786.0,topo,topoI,0.25
3144,786.0,topo,gyrase,0.25
3144,786.0,RNAP,RNAP,1.0
3144,786.0,mRNA,tetA,9.0
3144,786.0,mRNA,Raspberry,2.0
3144,786.0,mRNA,mKalama1,1.0
3145,786.25,topo,topoI,0.25
3145,786.25,topo,gyrase,0.25
3145,786.25,RNAP,RNAP,1.0
3145,786.25,mRNA,tetA,9.0
3145,786.25,mRNA,Raspberry,2.0
3145,786.25,mRNA,mKalama1,1.0
3146,786.5,topo,topoI,0.25
3146,786.5,topo,gyrase,0.25
3146,786.5,RNAP,RNAP,1.0
3146,786.5,mRNA,tetA,9.0
3146,786.5,mRNA,Raspberry,2.0
3146,786.5,mRNA,mKalama1,1.0
3147,786.75,topo,topoI,0.25
3147,786.75,topo,gyrase,0.25
3147,786.75,RNAP,RNAP,1.0
3147,786.75,mRNA,tetA,9.0
3147,786.75,mRNA,Raspberry,2.0
3147,786.75,mRNA,mKalama1,1.0
3148,787.0,topo,topoI,0.25
3148,787.0,topo,gyrase,0.25
3148,787.0,RNAP,RNAP,1.0
3148,787.0,mRNA,tetA,9.0
3148,787.0,mRNA,Raspberry,2.0
3148,787.0,mRNA,mKalama1,1.0
3149,787.25,topo,topoI,0.25
3149,787.25,topo,gyrase,0.25
3149,787.25,RNAP,RNAP,1.0
3149,787.25,mRNA,tetA,9.0
3149,787.25,mRNA,Raspberry,2.0
3149,787.25,mRNA,mKalama1,1.0
3150,787.5,topo,topoI,0.25
3150,787.5,topo,gyrase,0.25
3150,787.5,RNAP,RNAP,1.0
3150,787.5,mRNA,tetA,9.0
3150,787.5,mRNA,Raspberry,2.0
3150,787.5,mRNA,mKalama1,1.0
3151,787.75,topo,topoI,0.25
3151,787.75,topo,gyrase,0.25
3151,787.75,RNAP,RNAP,1.0
3151,787.75,mRNA,tetA,9.0
3151,787.75,mRNA,Raspberry,2.0
3151,787.75,mRNA,mKalama1,1.0
3152,788.0,topo,topoI,0.25
3152,788.0,topo,gyrase,0.25
3152,788.0,RNAP,RNAP,1.0
3152,788.0,mRNA,tetA,9.0
3152,788.0,mRNA,Raspberry,2.0
3152,788.0,mRNA,mKalama1,1.0
3153,788.25,topo,topoI,0.25
3153,788.25,topo,gyrase,0.25
3153,788.25,RNAP,RNAP,1.0
3153,788.25,mRNA,tetA,9.0
3153,788.25,mRNA,Raspberry,2.0
3153,788.25,mRNA,mKalama1,1.0
3154,788.5,topo,topoI,0.25
3154,788.5,topo,gyrase,0.25
3154,788.5,RNAP,RNAP,1.0
3154,788.5,mRNA,tetA,9.0
3154,788.5,mRNA,Raspberry,2.0
3154,788.5,mRNA,mKalama1,1.0
3155,788.75,topo,topoI,0.25
3155,788.75,topo,gyrase,0.25
3155,788.75,RNAP,RNAP,1.0
3155,788.75,mRNA,tetA,9.0
3155,788.75,mRNA,Raspberry,2.0
3155,788.75,mRNA,mKalama1,1.0
3156,789.0,topo,topoI,0.25
3156,789.0,topo,gyrase,0.25
3156,789.0,RNAP,RNAP,1.0
3156,789.0,mRNA,tetA,9.0
3156,789.0,mRNA,Raspberry,2.0
3156,789.0,mRNA,mKalama1,1.0
3157,789.25,topo,topoI,0.25
3157,789.25,topo,gyrase,0.25
3157,789.25,RNAP,RNAP,1.0
3157,789.25,mRNA,tetA,9.0
3157,789.25,mRNA,Raspberry,2.0
3157,789.25,mRNA,mKalama1,1.0
3158,789.5,topo,topoI,0.25
3158,789.5,topo,gyrase,0.25
3158,789.5,RNAP,RNAP,1.0
3158,789.5,mRNA,tetA,9.0
3158,789.5,mRNA,Raspberry,2.0
3158,789.5,mRNA,mKalama1,1.0
3159,789.75,topo,topoI,0.25
3159,789.75,topo,gyrase,0.25
3159,789.75,RNAP,RNAP,1.0
3159,789.75,mRNA,tetA,9.0
3159,789.75,mRNA,Raspberry,2.0
3159,789.75,mRNA,mKalama1,1.0
3160,790.0,topo,topoI,0.25
3160,790.0,topo,gyrase,0.25
3160,790.0,RNAP,RNAP,1.0
3160,790.0,mRNA,tetA,9.0
3160,790.0,mRNA,Raspberry,2.0
3160,790.0,mRNA,mKalama1,1.0
3161,790.25,topo,topoI,0.25
3161,790.25,topo,gyrase,0.25
3161,790.25,RNAP,RNAP,1.0
3161,790.25,mRNA,tetA,9.0
3161,790.25,mRNA,Raspberry,2.0
3161,790.25,mRNA,mKalama1,1.0
3162,790.5,topo,topoI,0.25
3162,790.5,topo,gyrase,0.25
3162,790.5,RNAP,RNAP,1.0
3162,790.5,mRNA,tetA,9.0
3162,790.5,mRNA,Raspberry,2.0
3162,790.5,mRNA,mKalama1,1.0
3163,790.75,topo,topoI,0.25
3163,790.75,topo,gyrase,0.25
3163,790.75,RNAP,RNAP,1.0
3163,790.75,mRNA,tetA,9.0
3163,790.75,mRNA,Raspberry,2.0
3163,790.75,mRNA,mKalama1,1.0
3164,791.0,topo,topoI,0.25
3164,791.0,topo,gyrase,0.25
3164,791.0,RNAP,RNAP,1.0
3164,791.0,mRNA,tetA,9.0
3164,791.0,mRNA,Raspberry,2.0
3164,791.0,mRNA,mKalama1,1.0
3165,791.25,topo,topoI,0.25
3165,791.25,topo,gyrase,0.25
3165,791.25,RNAP,RNAP,1.0
3165,791.25,mRNA,tetA,9.0
3165,791.25,mRNA,Raspberry,2.0
3165,791.25,mRNA,mKalama1,1.0
3166,791.5,topo,topoI,0.25
3166,791.5,topo,gyrase,0.25
3166,791.5,RNAP,RNAP,1.0
3166,791.5,mRNA,tetA,9.0
3166,791.5,mRNA,Raspberry,2.0
3166,791.5,mRNA,mKalama1,1.0
3167,791.75,topo,topoI,0.25
3167,791.75,topo,gyrase,0.25
3167,791.75,RNAP,RNAP,1.0
3167,791.75,mRNA,tetA,9.0
3167,791.75,mRNA,Raspberry,2.0
3167,791.75,mRNA,mKalama1,1.0
3168,792.0,topo,topoI,0.25
3168,792.0,topo,gyrase,0.25
3168,792.0,RNAP,RNAP,1.0
3168,792.0,mRNA,tetA,9.0
3168,792.0,mRNA,Raspberry,2.0
3168,792.0,mRNA,mKalama1,1.0
3169,792.25,topo,topoI,0.25
3169,792.25,topo,gyrase,0.25
3169,792.25,RNAP,RNAP,1.0
3169,792.25,mRNA,tetA,9.0
3169,792.25,mRNA,Raspberry,2.0
3169,792.25,mRNA,mKalama1,1.0
3170,792.5,topo,topoI,0.25
3170,792.5,topo,gyrase,0.25
3170,792.5,RNAP,RNAP,1.0
3170,792.5,mRNA,tetA,9.0
3170,792.5,mRNA,Raspberry,2.0
3170,792.5,mRNA,mKalama1,1.0
3171,792.75,topo,topoI,0.25
3171,792.75,topo,gyrase,0.25
3171,792.75,RNAP,RNAP,1.0
3171,792.75,mRNA,tetA,9.0
3171,792.75,mRNA,Raspberry,2.0
3171,792.75,mRNA,mKalama1,1.0
3172,793.0,topo,topoI,0.25
3172,793.0,topo,gyrase,0.25
3172,793.0,RNAP,RNAP,1.0
3172,793.0,mRNA,tetA,9.0
3172,793.0,mRNA,Raspberry,2.0
3172,793.0,mRNA,mKalama1,1.0
3173,793.25,topo,topoI,0.25
3173,793.25,topo,gyrase,0.25
3173,793.25,RNAP,RNAP,1.0
3173,793.25,mRNA,tetA,9.0
3173,793.25,mRNA,Raspberry,2.0
3173,793.25,mRNA,mKalama1,1.0
3174,793.5,topo,topoI,0.25
3174,793.5,topo,gyrase,0.25
3174,793.5,RNAP,RNAP,1.0
3174,793.5,mRNA,tetA,9.0
3174,793.5,mRNA,Raspberry,2.0
3174,793.5,mRNA,mKalama1,1.0
3175,793.75,topo,topoI,0.25
3175,793.75,topo,gyrase,0.25
3175,793.75,RNAP,RNAP,1.0
3175,793.75,mRNA,tetA,9.0
3175,793.75,mRNA,Raspberry,2.0
3175,793.75,mRNA,mKalama1,1.0
3176,794.0,topo,topoI,0.25
3176,794.0,topo,gyrase,0.25
3176,794.0,RNAP,RNAP,1.0
3176,794.0,mRNA,tetA,9.0
3176,794.0,mRNA,Raspberry,2.0
3176,794.0,mRNA,mKalama1,1.0
3177,794.25,topo,topoI,0.25
3177,794.25,topo,gyrase,0.25
3177,794.25,RNAP,RNAP,1.0
3177,794.25,mRNA,tetA,9.0
3177,794.25,mRNA,Raspberry,2.0
3177,794.25,mRNA,mKalama1,1.0
3178,794.5,topo,topoI,0.25
3178,794.5,topo,gyrase,0.25
3178,794.5,RNAP,RNAP,1.0
3178,794.5,mRNA,tetA,9.0
3178,794.5,mRNA,Raspberry,2.0
3178,794.5,mRNA,mKalama1,1.0
3179,794.75,topo,topoI,0.25
3179,794.75,topo,gyrase,0.25
3179,794.75,RNAP,RNAP,1.0
3179,794.75,mRNA,tetA,9.0
3179,794.75,mRNA,Raspberry,2.0
3179,794.75,mRNA,mKalama1,1.0
3180,795.0,topo,topoI,0.25
3180,795.0,topo,gyrase,0.25
3180,795.0,RNAP,RNAP,1.0
3180,795.0,mRNA,tetA,9.0
3180,795.0,mRNA,Raspberry,2.0
3180,795.0,mRNA,mKalama1,1.0
3181,795.25,topo,topoI,0.25
3181,795.25,topo,gyrase,0.25
3181,795.25,RNAP,RNAP,1.0
3181,795.25,mRNA,tetA,9.0
3181,795.25,mRNA,Raspberry,2.0
3181,795.25,mRNA,mKalama1,1.0
3182,795.5,topo,topoI,0.25
3182,795.5,topo,gyrase,0.25
3182,795.5,RNAP,RNAP,1.0
3182,795.5,mRNA,tetA,9.0
3182,795.5,mRNA,Raspberry,2.0
3182,795.5,mRNA,mKalama1,1.0
3183,795.75,topo,topoI,0.25
3183,795.75,topo,gyrase,0.25
3183,795.75,RNAP,RNAP,1.0
3183,795.75,mRNA,tetA,9.0
3183,795.75,mRNA,Raspberry,2.0
3183,795.75,mRNA,mKalama1,1.0
3184,796.0,topo,topoI,0.25
3184,796.0,topo,gyrase,0.25
3184,796.0,RNAP,RNAP,1.0
3184,796.0,mRNA,tetA,9.0
3184,796.0,mRNA,Raspberry,2.0
3184,796.0,mRNA,mKalama1,1.0
3185,796.25,topo,topoI,0.25
3185,796.25,topo,gyrase,0.25
3185,796.25,RNAP,RNAP,1.0
3185,796.25,mRNA,tetA,9.0
3185,796.25,mRNA,Raspberry,2.0
3185,796.25,mRNA,mKalama1,1.0
3186,796.5,topo,topoI,0.25
3186,796.5,topo,gyrase,0.25
3186,796.5,RNAP,RNAP,1.0
3186,796.5,mRNA,tetA,9.0
3186,796.5,mRNA,Raspberry,2.0
3186,796.5,mRNA,mKalama1,1.0
3187,796.75,topo,topoI,0.25
3187,796.75,topo,gyrase,0.25
3187,796.75,RNAP,RNAP,1.0
3187,796.75,mRNA,tetA,9.0
3187,796.75,mRNA,Raspberry,2.0
3187,796.75,mRNA,mKalama1,1.0
3188,797.0,topo,topoI,0.25
3188,797.0,topo,gyrase,0.25
3188,797.0,RNAP,RNAP,1.0
3188,797.0,mRNA,tetA,9.0
3188,797.0,mRNA,Raspberry,2.0
3188,797.0,mRNA,mKalama1,1.0
3189,797.25,topo,topoI,0.25
3189,797.25,topo,gyrase,0.25
3189,797.25,RNAP,RNAP,1.0
3189,797.25,mRNA,tetA,9.0
3189,797.25,mRNA,Raspberry,2.0
3189,797.25,mRNA,mKalama1,1.0
3190,797.5,topo,topoI,0.25
3190,797.5,topo,gyrase,0.25
3190,797.5,RNAP,RNAP,1.0
3190,797.5,mRNA,tetA,9.0
3190,797.5,mRNA,Raspberry,2.0
3190,797.5,mRNA,mKalama1,1.0
3191,797.75,topo,topoI,0.25
3191,797.75,topo,gyrase,0.25
3191,797.75,RNAP,RNAP,1.0
3191,797.75,mRNA,tetA,9.0
3191,797.75,mRNA,Raspberry,2.0
3191,797.75,mRNA,mKalama1,1.0
3192,798.0,topo,topoI,0.25
3192,798.0,topo,gyrase,0.25
3192,798.0,RNAP,RNAP,1.0
3192,798.0,mRNA,tetA,9.0
3192,798.0,mRNA,Raspberry,2.0
3192,798.0,mRNA,mKalama1,1.0
3193,798.25,topo,topoI,0.25
3193,798.25,topo,gyrase,0.25
3193,798.25,RNAP,RNAP,1.0
3193,798.25,mRNA,tetA,9.0
3193,798.25,mRNA,Raspberry,2.0
3193,798.25,mRNA,mKalama1,1.0
3194,798.5,topo,topoI,0.25
3194,798.5,topo,gyrase,0.25
3194,798.5,RNAP,RNAP,1.0
3194,798.5,mRNA,tetA,9.0
3194,798.5,mRNA,Raspberry,2.0
3194,798.5,mRNA,mKalama1,1.0
3195,798.75,topo,topoI,0.25
3195,798.75,topo,gyrase,0.25
3195,798.75,RNAP,RNAP,1.0
3195,798.75,mRNA,tetA,9.0
3195,798.75,mRNA,Raspberry,2.0
3195,798.75,mRNA,mKalama1,1.0
3196,799.0,topo,topoI,0.25
3196,799.0,topo,gyrase,0.25
3196,799.0,RNAP,RNAP,1.0
3196,799.0,mRNA,tetA,9.0
3196,799.0,mRNA,Raspberry,2.0
3196,799.0,mRNA,mKalama1,1.0
3197,799.25,topo,topoI,0.25
3197,799.25,topo,gyrase,0.25
3197,799.25,RNAP,RNAP,1.0
3197,799.25,mRNA,tetA,9.0
3197,799.25,mRNA,Raspberry,2.0
3197,799.25,mRNA,mKalama1,1.0
3198,799.5,topo,topoI,0.25
3198,799.5,topo,gyrase,0.25
3198,799.5,RNAP,RNAP,1.0
3198,799.5,mRNA,tetA,9.0
3198,799.5,mRNA,Raspberry,2.0
3198,799.5,mRNA,mKalama1,1.0
3199,799.75,topo,topoI,0.25
3199,799.75,topo,gyrase,0.25
3199,799.75,RNAP,RNAP,1.0
3199,799.75,mRNA,tetA,9.0
3199,799.75,mRNA,Raspberry,2.0
3199,799.75,mRNA,mKalama1,1.0
3200,800.0,topo,topoI,0.25
3200,800.0,topo,gyrase,0.25
3200,800.0,RNAP,RNAP,1.0
3200,800.0,mRNA,tetA,9.0
3200,800.0,mRNA,Raspberry,2.0
3200,800.0,mRNA,mKalama1,1.0
3201,800.25,topo,topoI,0.25
3201,800.25,topo,gyrase,0.25
3201,800.25,RNAP,RNAP,1.0
3201,800.25,mRNA,tetA,9.0
3201,800.25,mRNA,Raspberry,2.0
3201,800.25,mRNA,mKalama1,1.0
3202,800.5,topo,topoI,0.25
3202,800.5,topo,gyrase,0.25
3202,800.5,RNAP,RNAP,1.0
3202,800.5,mRNA,tetA,9.0
3202,800.5,mRNA,Raspberry,2.0
3202,800.5,mRNA,mKalama1,1.0
3203,800.75,topo,topoI,0.25
3203,800.75,topo,gyrase,0.25
3203,800.75,RNAP,RNAP,1.0
3203,800.75,mRNA,tetA,9.0
3203,800.75,mRNA,Raspberry,2.0
3203,800.75,mRNA,mKalama1,1.0
3204,801.0,topo,topoI,0.25
3204,801.0,topo,gyrase,0.25
3204,801.0,RNAP,RNAP,1.0
3204,801.0,mRNA,tetA,9.0
3204,801.0,mRNA,Raspberry,2.0
3204,801.0,mRNA,mKalama1,1.0
3205,801.25,topo,topoI,0.25
3205,801.25,topo,gyrase,0.25
3205,801.25,RNAP,RNAP,1.0
3205,801.25,mRNA,tetA,9.0
3205,801.25,mRNA,Raspberry,2.0
3205,801.25,mRNA,mKalama1,1.0
3206,801.5,topo,topoI,0.25
3206,801.5,topo,gyrase,0.25
3206,801.5,RNAP,RNAP,1.0
3206,801.5,mRNA,tetA,9.0
3206,801.5,mRNA,Raspberry,2.0
3206,801.5,mRNA,mKalama1,1.0
3207,801.75,topo,topoI,0.25
3207,801.75,topo,gyrase,0.25
3207,801.75,RNAP,RNAP,1.0
3207,801.75,mRNA,tetA,9.0
3207,801.75,mRNA,Raspberry,2.0
3207,801.75,mRNA,mKalama1,1.0
3208,802.0,topo,topoI,0.25
3208,802.0,topo,gyrase,0.25
3208,802.0,RNAP,RNAP,1.0
3208,802.0,mRNA,tetA,9.0
3208,802.0,mRNA,Raspberry,2.0
3208,802.0,mRNA,mKalama1,1.0
3209,802.25,topo,topoI,0.25
3209,802.25,topo,gyrase,0.25
3209,802.25,RNAP,RNAP,1.0
3209,802.25,mRNA,tetA,9.0
3209,802.25,mRNA,Raspberry,2.0
3209,802.25,mRNA,mKalama1,1.0
3210,802.5,topo,topoI,0.25
3210,802.5,topo,gyrase,0.25
3210,802.5,RNAP,RNAP,1.0
3210,802.5,mRNA,tetA,9.0
3210,802.5,mRNA,Raspberry,2.0
3210,802.5,mRNA,mKalama1,1.0
3211,802.75,topo,topoI,0.25
3211,802.75,topo,gyrase,0.25
3211,802.75,RNAP,RNAP,1.0
3211,802.75,mRNA,tetA,9.0
3211,802.75,mRNA,Raspberry,2.0
3211,802.75,mRNA,mKalama1,1.0
3212,803.0,topo,topoI,0.25
3212,803.0,topo,gyrase,0.25
3212,803.0,RNAP,RNAP,1.0
3212,803.0,mRNA,tetA,9.0
3212,803.0,mRNA,Raspberry,2.0
3212,803.0,mRNA,mKalama1,1.0
3213,803.25,topo,topoI,0.25
3213,803.25,topo,gyrase,0.25
3213,803.25,RNAP,RNAP,1.0
3213,803.25,mRNA,tetA,9.0
3213,803.25,mRNA,Raspberry,2.0
3213,803.25,mRNA,mKalama1,1.0
3214,803.5,topo,topoI,0.25
3214,803.5,topo,gyrase,0.25
3214,803.5,RNAP,RNAP,1.0
3214,803.5,mRNA,tetA,9.0
3214,803.5,mRNA,Raspberry,2.0
3214,803.5,mRNA,mKalama1,1.0
3215,803.75,topo,topoI,0.25
3215,803.75,topo,gyrase,0.25
3215,803.75,RNAP,RNAP,1.0
3215,803.75,mRNA,tetA,9.0
3215,803.75,mRNA,Raspberry,2.0
3215,803.75,mRNA,mKalama1,1.0
3216,804.0,topo,topoI,0.25
3216,804.0,topo,gyrase,0.25
3216,804.0,RNAP,RNAP,1.0
3216,804.0,mRNA,tetA,9.0
3216,804.0,mRNA,Raspberry,2.0
3216,804.0,mRNA,mKalama1,1.0
3217,804.25,topo,topoI,0.25
3217,804.25,topo,gyrase,0.25
3217,804.25,RNAP,RNAP,1.0
3217,804.25,mRNA,tetA,9.0
3217,804.25,mRNA,Raspberry,2.0
3217,804.25,mRNA,mKalama1,1.0
3218,804.5,topo,topoI,0.25
3218,804.5,topo,gyrase,0.25
3218,804.5,RNAP,RNAP,1.0
3218,804.5,mRNA,tetA,9.0
3218,804.5,mRNA,Raspberry,2.0
3218,804.5,mRNA,mKalama1,1.0
3219,804.75,topo,topoI,0.25
3219,804.75,topo,gyrase,0.25
3219,804.75,RNAP,RNAP,1.0
3219,804.75,mRNA,tetA,9.0
3219,804.75,mRNA,Raspberry,2.0
3219,804.75,mRNA,mKalama1,1.0
3220,805.0,topo,topoI,0.25
3220,805.0,topo,gyrase,0.25
3220,805.0,RNAP,RNAP,1.0
3220,805.0,mRNA,tetA,9.0
3220,805.0,mRNA,Raspberry,2.0
3220,805.0,mRNA,mKalama1,1.0
3221,805.25,topo,topoI,0.25
3221,805.25,topo,gyrase,0.25
3221,805.25,RNAP,RNAP,1.0
3221,805.25,mRNA,tetA,9.0
3221,805.25,mRNA,Raspberry,2.0
3221,805.25,mRNA,mKalama1,1.0
3222,805.5,topo,topoI,0.25
3222,805.5,topo,gyrase,0.25
3222,805.5,RNAP,RNAP,1.0
3222,805.5,mRNA,tetA,9.0
3222,805.5,mRNA,Raspberry,2.0
3222,805.5,mRNA,mKalama1,1.0
3223,805.75,topo,topoI,0.25
3223,805.75,topo,gyrase,0.25
3223,805.75,RNAP,RNAP,1.0
3223,805.75,mRNA,tetA,9.0
3223,805.75,mRNA,Raspberry,2.0
3223,805.75,mRNA,mKalama1,1.0
3224,806.0,topo,topoI,0.25
3224,806.0,topo,gyrase,0.25
3224,806.0,RNAP,RNAP,1.0
3224,806.0,mRNA,tetA,9.0
3224,806.0,mRNA,Raspberry,2.0
3224,806.0,mRNA,mKalama1,1.0
3225,806.25,topo,topoI,0.25
3225,806.25,topo,gyrase,0.25
3225,806.25,RNAP,RNAP,1.0
3225,806.25,mRNA,tetA,9.0
3225,806.25,mRNA,Raspberry,2.0
3225,806.25,mRNA,mKalama1,1.0
3226,806.5,topo,topoI,0.25
3226,806.5,topo,gyrase,0.25
3226,806.5,RNAP,RNAP,1.0
3226,806.5,mRNA,tetA,9.0
3226,806.5,mRNA,Raspberry,2.0
3226,806.5,mRNA,mKalama1,1.0
3227,806.75,topo,topoI,0.25
3227,806.75,topo,gyrase,0.25
3227,806.75,RNAP,RNAP,1.0
3227,806.75,mRNA,tetA,9.0
3227,806.75,mRNA,Raspberry,2.0
3227,806.75,mRNA,mKalama1,1.0
3228,807.0,topo,topoI,0.25
3228,807.0,topo,gyrase,0.25
3228,807.0,RNAP,RNAP,1.0
3228,807.0,mRNA,tetA,9.0
3228,807.0,mRNA,Raspberry,2.0
3228,807.0,mRNA,mKalama1,1.0
3229,807.25,topo,topoI,0.25
3229,807.25,topo,gyrase,0.25
3229,807.25,RNAP,RNAP,1.0
3229,807.25,mRNA,tetA,9.0
3229,807.25,mRNA,Raspberry,2.0
3229,807.25,mRNA,mKalama1,1.0
3230,807.5,topo,topoI,0.25
3230,807.5,topo,gyrase,0.25
3230,807.5,RNAP,RNAP,1.0
3230,807.5,mRNA,tetA,9.0
3230,807.5,mRNA,Raspberry,2.0
3230,807.5,mRNA,mKalama1,1.0
3231,807.75,topo,topoI,0.25
3231,807.75,topo,gyrase,0.25
3231,807.75,RNAP,RNAP,1.0
3231,807.75,mRNA,tetA,9.0
3231,807.75,mRNA,Raspberry,2.0
3231,807.75,mRNA,mKalama1,1.0
3232,808.0,topo,topoI,0.25
3232,808.0,topo,gyrase,0.25
3232,808.0,RNAP,RNAP,1.0
3232,808.0,mRNA,tetA,9.0
3232,808.0,mRNA,Raspberry,2.0
3232,808.0,mRNA,mKalama1,1.0
3233,808.25,topo,topoI,0.25
3233,808.25,topo,gyrase,0.25
3233,808.25,RNAP,RNAP,1.0
3233,808.25,mRNA,tetA,9.0
3233,808.25,mRNA,Raspberry,2.0
3233,808.25,mRNA,mKalama1,1.0
3234,808.5,topo,topoI,0.25
3234,808.5,topo,gyrase,0.25
3234,808.5,RNAP,RNAP,1.0
3234,808.5,mRNA,tetA,9.0
3234,808.5,mRNA,Raspberry,2.0
3234,808.5,mRNA,mKalama1,1.0
3235,808.75,topo,topoI,0.25
3235,808.75,topo,gyrase,0.25
3235,808.75,RNAP,RNAP,1.0
3235,808.75,mRNA,tetA,9.0
3235,808.75,mRNA,Raspberry,2.0
3235,808.75,mRNA,mKalama1,1.0
3236,809.0,topo,topoI,0.25
3236,809.0,topo,gyrase,0.25
3236,809.0,RNAP,RNAP,1.0
3236,809.0,mRNA,tetA,9.0
3236,809.0,mRNA,Raspberry,2.0
3236,809.0,mRNA,mKalama1,1.0
3237,809.25,topo,topoI,0.25
3237,809.25,topo,gyrase,0.25
3237,809.25,RNAP,RNAP,1.0
3237,809.25,mRNA,tetA,9.0
3237,809.25,mRNA,Raspberry,2.0
3237,809.25,mRNA,mKalama1,1.0
3238,809.5,topo,topoI,0.25
3238,809.5,topo,gyrase,0.25
3238,809.5,RNAP,RNAP,1.0
3238,809.5,mRNA,tetA,9.0
3238,809.5,mRNA,Raspberry,2.0
3238,809.5,mRNA,mKalama1,1.0
3239,809.75,topo,topoI,0.25
3239,809.75,topo,gyrase,0.25
3239,809.75,RNAP,RNAP,1.0
3239,809.75,mRNA,tetA,9.0
3239,809.75,mRNA,Raspberry,2.0
3239,809.75,mRNA,mKalama1,1.0
3240,810.0,topo,topoI,0.25
3240,810.0,topo,gyrase,0.25
3240,810.0,RNAP,RNAP,1.0
3240,810.0,mRNA,tetA,9.0
3240,810.0,mRNA,Raspberry,2.0
3240,810.0,mRNA,mKalama1,1.0
3241,810.25,topo,topoI,0.25
3241,810.25,topo,gyrase,0.25
3241,810.25,RNAP,RNAP,1.0
3241,810.25,mRNA,tetA,9.0
3241,810.25,mRNA,Raspberry,2.0
3241,810.25,mRNA,mKalama1,1.0
3242,810.5,topo,topoI,0.25
3242,810.5,topo,gyrase,0.25
3242,810.5,RNAP,RNAP,1.0
3242,810.5,mRNA,tetA,9.0
3242,810.5,mRNA,Raspberry,2.0
3242,810.5,mRNA,mKalama1,1.0
3243,810.75,topo,topoI,0.25
3243,810.75,topo,gyrase,0.25
3243,810.75,RNAP,RNAP,1.0
3243,810.75,mRNA,tetA,9.0
3243,810.75,mRNA,Raspberry,2.0
3243,810.75,mRNA,mKalama1,1.0
3244,811.0,topo,topoI,0.25
3244,811.0,topo,gyrase,0.25
3244,811.0,RNAP,RNAP,1.0
3244,811.0,mRNA,tetA,9.0
3244,811.0,mRNA,Raspberry,2.0
3244,811.0,mRNA,mKalama1,1.0
3245,811.25,topo,topoI,0.25
3245,811.25,topo,gyrase,0.25
3245,811.25,RNAP,RNAP,1.0
3245,811.25,mRNA,tetA,9.0
3245,811.25,mRNA,Raspberry,2.0
3245,811.25,mRNA,mKalama1,1.0
3246,811.5,topo,topoI,0.25
3246,811.5,topo,gyrase,0.25
3246,811.5,RNAP,RNAP,1.0
3246,811.5,mRNA,tetA,9.0
3246,811.5,mRNA,Raspberry,2.0
3246,811.5,mRNA,mKalama1,1.0
3247,811.75,topo,topoI,0.25
3247,811.75,topo,gyrase,0.25
3247,811.75,RNAP,RNAP,1.0
3247,811.75,mRNA,tetA,9.0
3247,811.75,mRNA,Raspberry,2.0
3247,811.75,mRNA,mKalama1,1.0
3248,812.0,topo,topoI,0.25
3248,812.0,topo,gyrase,0.25
3248,812.0,RNAP,RNAP,1.0
3248,812.0,mRNA,tetA,9.0
3248,812.0,mRNA,Raspberry,2.0
3248,812.0,mRNA,mKalama1,1.0
3249,812.25,topo,topoI,0.25
3249,812.25,topo,gyrase,0.25
3249,812.25,RNAP,RNAP,1.0
3249,812.25,mRNA,tetA,9.0
3249,812.25,mRNA,Raspberry,2.0
3249,812.25,mRNA,mKalama1,1.0
3250,812.5,topo,topoI,0.25
3250,812.5,topo,gyrase,0.25
3250,812.5,RNAP,RNAP,1.0
3250,812.5,mRNA,tetA,9.0
3250,812.5,mRNA,Raspberry,2.0
3250,812.5,mRNA,mKalama1,1.0
3251,812.75,topo,topoI,0.25
3251,812.75,topo,gyrase,0.25
3251,812.75,RNAP,RNAP,1.0
3251,812.75,mRNA,tetA,9.0
3251,812.75,mRNA,Raspberry,2.0
3251,812.75,mRNA,mKalama1,1.0
3252,813.0,topo,topoI,0.25
3252,813.0,topo,gyrase,0.25
3252,813.0,RNAP,RNAP,1.0
3252,813.0,mRNA,tetA,9.0
3252,813.0,mRNA,Raspberry,2.0
3252,813.0,mRNA,mKalama1,1.0
3253,813.25,topo,topoI,0.25
3253,813.25,topo,gyrase,0.25
3253,813.25,RNAP,RNAP,1.0
3253,813.25,mRNA,tetA,9.0
3253,813.25,mRNA,Raspberry,2.0
3253,813.25,mRNA,mKalama1,1.0
3254,813.5,topo,topoI,0.25
3254,813.5,topo,gyrase,0.25
3254,813.5,RNAP,RNAP,1.0
3254,813.5,mRNA,tetA,9.0
3254,813.5,mRNA,Raspberry,2.0
3254,813.5,mRNA,mKalama1,1.0
3255,813.75,topo,topoI,0.25
3255,813.75,topo,gyrase,0.25
3255,813.75,RNAP,RNAP,1.0
3255,813.75,mRNA,tetA,9.0
3255,813.75,mRNA,Raspberry,2.0
3255,813.75,mRNA,mKalama1,1.0
3256,814.0,topo,topoI,0.25
3256,814.0,topo,gyrase,0.25
3256,814.0,RNAP,RNAP,1.0
3256,814.0,mRNA,tetA,9.0
3256,814.0,mRNA,Raspberry,2.0
3256,814.0,mRNA,mKalama1,1.0
3257,814.25,topo,topoI,0.25
3257,814.25,topo,gyrase,0.25
3257,814.25,RNAP,RNAP,1.0
3257,814.25,mRNA,tetA,9.0
3257,814.25,mRNA,Raspberry,2.0
3257,814.25,mRNA,mKalama1,1.0
3258,814.5,topo,topoI,0.25
3258,814.5,topo,gyrase,0.25
3258,814.5,RNAP,RNAP,1.0
3258,814.5,mRNA,tetA,9.0
3258,814.5,mRNA,Raspberry,2.0
3258,814.5,mRNA,mKalama1,1.0
3259,814.75,topo,topoI,0.25
3259,814.75,topo,gyrase,0.25
3259,814.75,RNAP,RNAP,1.0
3259,814.75,mRNA,tetA,9.0
3259,814.75,mRNA,Raspberry,2.0
3259,814.75,mRNA,mKalama1,1.0
3260,815.0,topo,topoI,0.25
3260,815.0,topo,gyrase,0.25
3260,815.0,RNAP,RNAP,1.0
3260,815.0,mRNA,tetA,9.0
3260,815.0,mRNA,Raspberry,2.0
3260,815.0,mRNA,mKalama1,1.0
3261,815.25,topo,topoI,0.25
3261,815.25,topo,gyrase,0.25
3261,815.25,RNAP,RNAP,1.0
3261,815.25,mRNA,tetA,9.0
3261,815.25,mRNA,Raspberry,2.0
3261,815.25,mRNA,mKalama1,1.0
3262,815.5,topo,topoI,0.25
3262,815.5,topo,gyrase,0.25
3262,815.5,RNAP,RNAP,1.0
3262,815.5,mRNA,tetA,9.0
3262,815.5,mRNA,Raspberry,2.0
3262,815.5,mRNA,mKalama1,1.0
3263,815.75,topo,topoI,0.25
3263,815.75,topo,gyrase,0.25
3263,815.75,RNAP,RNAP,1.0
3263,815.75,mRNA,tetA,9.0
3263,815.75,mRNA,Raspberry,2.0
3263,815.75,mRNA,mKalama1,1.0
3264,816.0,topo,topoI,0.25
3264,816.0,topo,gyrase,0.25
3264,816.0,RNAP,RNAP,1.0
3264,816.0,mRNA,tetA,9.0
3264,816.0,mRNA,Raspberry,2.0
3264,816.0,mRNA,mKalama1,1.0
3265,816.25,topo,topoI,0.25
3265,816.25,topo,gyrase,0.25
3265,816.25,RNAP,RNAP,1.0
3265,816.25,mRNA,tetA,9.0
3265,816.25,mRNA,Raspberry,2.0
3265,816.25,mRNA,mKalama1,1.0
3266,816.5,topo,topoI,0.25
3266,816.5,topo,gyrase,0.25
3266,816.5,RNAP,RNAP,1.0
3266,816.5,mRNA,tetA,9.0
3266,816.5,mRNA,Raspberry,2.0
3266,816.5,mRNA,mKalama1,1.0
3267,816.75,topo,topoI,0.25
3267,816.75,topo,gyrase,0.25
3267,816.75,RNAP,RNAP,1.0
3267,816.75,mRNA,tetA,9.0
3267,816.75,mRNA,Raspberry,2.0
3267,816.75,mRNA,mKalama1,1.0
3268,817.0,topo,topoI,0.25
3268,817.0,topo,gyrase,0.25
3268,817.0,RNAP,RNAP,1.0
3268,817.0,mRNA,tetA,9.0
3268,817.0,mRNA,Raspberry,2.0
3268,817.0,mRNA,mKalama1,1.0
3269,817.25,topo,topoI,0.25
3269,817.25,topo,gyrase,0.25
3269,817.25,RNAP,RNAP,1.0
3269,817.25,mRNA,tetA,9.0
3269,817.25,mRNA,Raspberry,2.0
3269,817.25,mRNA,mKalama1,1.0
3270,817.5,topo,topoI,0.25
3270,817.5,topo,gyrase,0.25
3270,817.5,RNAP,RNAP,1.0
3270,817.5,mRNA,tetA,9.0
3270,817.5,mRNA,Raspberry,2.0
3270,817.5,mRNA,mKalama1,1.0
3271,817.75,topo,topoI,0.25
3271,817.75,topo,gyrase,0.25
3271,817.75,RNAP,RNAP,1.0
3271,817.75,mRNA,tetA,9.0
3271,817.75,mRNA,Raspberry,2.0
3271,817.75,mRNA,mKalama1,1.0
3272,818.0,topo,topoI,0.25
3272,818.0,topo,gyrase,0.25
3272,818.0,RNAP,RNAP,1.0
3272,818.0,mRNA,tetA,9.0
3272,818.0,mRNA,Raspberry,2.0
3272,818.0,mRNA,mKalama1,1.0
3273,818.25,topo,topoI,0.25
3273,818.25,topo,gyrase,0.25
3273,818.25,RNAP,RNAP,1.0
3273,818.25,mRNA,tetA,9.0
3273,818.25,mRNA,Raspberry,2.0
3273,818.25,mRNA,mKalama1,1.0
3274,818.5,topo,topoI,0.25
3274,818.5,topo,gyrase,0.25
3274,818.5,RNAP,RNAP,1.0
3274,818.5,mRNA,tetA,9.0
3274,818.5,mRNA,Raspberry,2.0
3274,818.5,mRNA,mKalama1,1.0
3275,818.75,topo,topoI,0.25
3275,818.75,topo,gyrase,0.25
3275,818.75,RNAP,RNAP,1.0
3275,818.75,mRNA,tetA,9.0
3275,818.75,mRNA,Raspberry,2.0
3275,818.75,mRNA,mKalama1,1.0
3276,819.0,topo,topoI,0.25
3276,819.0,topo,gyrase,0.25
3276,819.0,RNAP,RNAP,1.0
3276,819.0,mRNA,tetA,9.0
3276,819.0,mRNA,Raspberry,2.0
3276,819.0,mRNA,mKalama1,1.0
3277,819.25,topo,topoI,0.25
3277,819.25,topo,gyrase,0.25
3277,819.25,RNAP,RNAP,1.0
3277,819.25,mRNA,tetA,9.0
3277,819.25,mRNA,Raspberry,2.0
3277,819.25,mRNA,mKalama1,1.0
3278,819.5,topo,topoI,0.25
3278,819.5,topo,gyrase,0.25
3278,819.5,RNAP,RNAP,1.0
3278,819.5,mRNA,tetA,9.0
3278,819.5,mRNA,Raspberry,2.0
3278,819.5,mRNA,mKalama1,1.0
3279,819.75,topo,topoI,0.25
3279,819.75,topo,gyrase,0.25
3279,819.75,RNAP,RNAP,1.0
3279,819.75,mRNA,tetA,9.0
3279,819.75,mRNA,Raspberry,2.0
3279,819.75,mRNA,mKalama1,1.0
3280,820.0,topo,topoI,0.25
3280,820.0,topo,gyrase,0.25
3280,820.0,RNAP,RNAP,1.0
3280,820.0,mRNA,tetA,9.0
3280,820.0,mRNA,Raspberry,2.0
3280,820.0,mRNA,mKalama1,1.0
3281,820.25,topo,topoI,0.25
3281,820.25,topo,gyrase,0.25
3281,820.25,RNAP,RNAP,1.0
3281,820.25,mRNA,tetA,9.0
3281,820.25,mRNA,Raspberry,2.0
3281,820.25,mRNA,mKalama1,1.0
3282,820.5,topo,topoI,0.25
3282,820.5,topo,gyrase,0.25
3282,820.5,RNAP,RNAP,1.0
3282,820.5,mRNA,tetA,9.0
3282,820.5,mRNA,Raspberry,2.0
3282,820.5,mRNA,mKalama1,1.0
3283,820.75,topo,topoI,0.25
3283,820.75,topo,gyrase,0.25
3283,820.75,RNAP,RNAP,1.0
3283,820.75,mRNA,tetA,9.0
3283,820.75,mRNA,Raspberry,2.0
3283,820.75,mRNA,mKalama1,1.0
3284,821.0,topo,topoI,0.25
3284,821.0,topo,gyrase,0.25
3284,821.0,RNAP,RNAP,1.0
3284,821.0,mRNA,tetA,9.0
3284,821.0,mRNA,Raspberry,2.0
3284,821.0,mRNA,mKalama1,1.0
3285,821.25,topo,topoI,0.25
3285,821.25,topo,gyrase,0.25
3285,821.25,RNAP,RNAP,1.0
3285,821.25,mRNA,tetA,9.0
3285,821.25,mRNA,Raspberry,2.0
3285,821.25,mRNA,mKalama1,1.0
3286,821.5,topo,topoI,0.25
3286,821.5,topo,gyrase,0.25
3286,821.5,RNAP,RNAP,1.0
3286,821.5,mRNA,tetA,9.0
3286,821.5,mRNA,Raspberry,2.0
3286,821.5,mRNA,mKalama1,1.0
3287,821.75,topo,topoI,0.25
3287,821.75,topo,gyrase,0.25
3287,821.75,RNAP,RNAP,1.0
3287,821.75,mRNA,tetA,9.0
3287,821.75,mRNA,Raspberry,2.0
3287,821.75,mRNA,mKalama1,1.0
3288,822.0,topo,topoI,0.25
3288,822.0,topo,gyrase,0.25
3288,822.0,RNAP,RNAP,1.0
3288,822.0,mRNA,tetA,9.0
3288,822.0,mRNA,Raspberry,2.0
3288,822.0,mRNA,mKalama1,1.0
3289,822.25,topo,topoI,0.25
3289,822.25,topo,gyrase,0.25
3289,822.25,RNAP,RNAP,1.0
3289,822.25,mRNA,tetA,9.0
3289,822.25,mRNA,Raspberry,2.0
3289,822.25,mRNA,mKalama1,1.0
3290,822.5,topo,topoI,0.25
3290,822.5,topo,gyrase,0.25
3290,822.5,RNAP,RNAP,1.0
3290,822.5,mRNA,tetA,9.0
3290,822.5,mRNA,Raspberry,2.0
3290,822.5,mRNA,mKalama1,1.0
3291,822.75,topo,topoI,0.25
3291,822.75,topo,gyrase,0.25
3291,822.75,RNAP,RNAP,1.0
3291,822.75,mRNA,tetA,9.0
3291,822.75,mRNA,Raspberry,2.0
3291,822.75,mRNA,mKalama1,1.0
3292,823.0,topo,topoI,0.25
3292,823.0,topo,gyrase,0.25
3292,823.0,RNAP,RNAP,1.0
3292,823.0,mRNA,tetA,9.0
3292,823.0,mRNA,Raspberry,2.0
3292,823.0,mRNA,mKalama1,1.0
3293,823.25,topo,topoI,0.25
3293,823.25,topo,gyrase,0.25
3293,823.25,RNAP,RNAP,1.0
3293,823.25,mRNA,tetA,9.0
3293,823.25,mRNA,Raspberry,2.0
3293,823.25,mRNA,mKalama1,1.0
3294,823.5,topo,topoI,0.25
3294,823.5,topo,gyrase,0.25
3294,823.5,RNAP,RNAP,1.0
3294,823.5,mRNA,tetA,9.0
3294,823.5,mRNA,Raspberry,2.0
3294,823.5,mRNA,mKalama1,1.0
3295,823.75,topo,topoI,0.25
3295,823.75,topo,gyrase,0.25
3295,823.75,RNAP,RNAP,1.0
3295,823.75,mRNA,tetA,9.0
3295,823.75,mRNA,Raspberry,2.0
3295,823.75,mRNA,mKalama1,1.0
3296,824.0,topo,topoI,0.25
3296,824.0,topo,gyrase,0.25
3296,824.0,RNAP,RNAP,1.0
3296,824.0,mRNA,tetA,9.0
3296,824.0,mRNA,Raspberry,2.0
3296,824.0,mRNA,mKalama1,1.0
3297,824.25,topo,topoI,0.25
3297,824.25,topo,gyrase,0.25
3297,824.25,RNAP,RNAP,1.0
3297,824.25,mRNA,tetA,9.0
3297,824.25,mRNA,Raspberry,2.0
3297,824.25,mRNA,mKalama1,1.0
3298,824.5,topo,topoI,0.25
3298,824.5,topo,gyrase,0.25
3298,824.5,RNAP,RNAP,1.0
3298,824.5,mRNA,tetA,9.0
3298,824.5,mRNA,Raspberry,2.0
3298,824.5,mRNA,mKalama1,1.0
3299,824.75,topo,topoI,0.25
3299,824.75,topo,gyrase,0.25
3299,824.75,RNAP,RNAP,1.0
3299,824.75,mRNA,tetA,9.0
3299,824.75,mRNA,Raspberry,2.0
3299,824.75,mRNA,mKalama1,1.0
3300,825.0,topo,topoI,0.25
3300,825.0,topo,gyrase,0.25
3300,825.0,RNAP,RNAP,1.0
3300,825.0,mRNA,tetA,9.0
3300,825.0,mRNA,Raspberry,2.0
3300,825.0,mRNA,mKalama1,1.0
3301,825.25,topo,topoI,0.25
3301,825.25,topo,gyrase,0.25
3301,825.25,RNAP,RNAP,1.0
3301,825.25,mRNA,tetA,9.0
3301,825.25,mRNA,Raspberry,2.0
3301,825.25,mRNA,mKalama1,1.0
3302,825.5,topo,topoI,0.25
3302,825.5,topo,gyrase,0.25
3302,825.5,RNAP,RNAP,1.0
3302,825.5,mRNA,tetA,9.0
3302,825.5,mRNA,Raspberry,2.0
3302,825.5,mRNA,mKalama1,1.0
3303,825.75,topo,topoI,0.25
3303,825.75,topo,gyrase,0.25
3303,825.75,RNAP,RNAP,1.0
3303,825.75,mRNA,tetA,9.0
3303,825.75,mRNA,Raspberry,2.0
3303,825.75,mRNA,mKalama1,1.0
3304,826.0,topo,topoI,0.25
3304,826.0,topo,gyrase,0.25
3304,826.0,RNAP,RNAP,1.0
3304,826.0,mRNA,tetA,9.0
3304,826.0,mRNA,Raspberry,2.0
3304,826.0,mRNA,mKalama1,1.0
3305,826.25,topo,topoI,0.25
3305,826.25,topo,gyrase,0.25
3305,826.25,RNAP,RNAP,1.0
3305,826.25,mRNA,tetA,9.0
3305,826.25,mRNA,Raspberry,2.0
3305,826.25,mRNA,mKalama1,1.0
3306,826.5,topo,topoI,0.25
3306,826.5,topo,gyrase,0.25
3306,826.5,RNAP,RNAP,1.0
3306,826.5,mRNA,tetA,9.0
3306,826.5,mRNA,Raspberry,2.0
3306,826.5,mRNA,mKalama1,1.0
3307,826.75,topo,topoI,0.25
3307,826.75,topo,gyrase,0.25
3307,826.75,RNAP,RNAP,1.0
3307,826.75,mRNA,tetA,9.0
3307,826.75,mRNA,Raspberry,2.0
3307,826.75,mRNA,mKalama1,1.0
3308,827.0,topo,topoI,0.25
3308,827.0,topo,gyrase,0.25
3308,827.0,RNAP,RNAP,1.0
3308,827.0,mRNA,tetA,9.0
3308,827.0,mRNA,Raspberry,2.0
3308,827.0,mRNA,mKalama1,1.0
3309,827.25,topo,topoI,0.25
3309,827.25,topo,gyrase,0.25
3309,827.25,RNAP,RNAP,1.0
3309,827.25,mRNA,tetA,9.0
3309,827.25,mRNA,Raspberry,2.0
3309,827.25,mRNA,mKalama1,1.0
3310,827.5,topo,topoI,0.25
3310,827.5,topo,gyrase,0.25
3310,827.5,RNAP,RNAP,1.0
3310,827.5,mRNA,tetA,9.0
3310,827.5,mRNA,Raspberry,2.0
3310,827.5,mRNA,mKalama1,1.0
3311,827.75,topo,topoI,0.25
3311,827.75,topo,gyrase,0.25
3311,827.75,RNAP,RNAP,1.0
3311,827.75,mRNA,tetA,9.0
3311,827.75,mRNA,Raspberry,2.0
3311,827.75,mRNA,mKalama1,1.0
3312,828.0,topo,topoI,0.25
3312,828.0,topo,gyrase,0.25
3312,828.0,RNAP,RNAP,1.0
3312,828.0,mRNA,tetA,9.0
3312,828.0,mRNA,Raspberry,2.0
3312,828.0,mRNA,mKalama1,1.0
3313,828.25,topo,topoI,0.25
3313,828.25,topo,gyrase,0.25
3313,828.25,RNAP,RNAP,1.0
3313,828.25,mRNA,tetA,9.0
3313,828.25,mRNA,Raspberry,2.0
3313,828.25,mRNA,mKalama1,1.0
3314,828.5,topo,topoI,0.25
3314,828.5,topo,gyrase,0.25
3314,828.5,RNAP,RNAP,1.0
3314,828.5,mRNA,tetA,9.0
3314,828.5,mRNA,Raspberry,2.0
3314,828.5,mRNA,mKalama1,1.0
3315,828.75,topo,topoI,0.25
3315,828.75,topo,gyrase,0.25
3315,828.75,RNAP,RNAP,1.0
3315,828.75,mRNA,tetA,9.0
3315,828.75,mRNA,Raspberry,2.0
3315,828.75,mRNA,mKalama1,1.0
3316,829.0,topo,topoI,0.25
3316,829.0,topo,gyrase,0.25
3316,829.0,RNAP,RNAP,1.0
3316,829.0,mRNA,tetA,9.0
3316,829.0,mRNA,Raspberry,2.0
3316,829.0,mRNA,mKalama1,1.0
3317,829.25,topo,topoI,0.25
3317,829.25,topo,gyrase,0.25
3317,829.25,RNAP,RNAP,1.0
3317,829.25,mRNA,tetA,9.0
3317,829.25,mRNA,Raspberry,2.0
3317,829.25,mRNA,mKalama1,1.0
3318,829.5,topo,topoI,0.25
3318,829.5,topo,gyrase,0.25
3318,829.5,RNAP,RNAP,1.0
3318,829.5,mRNA,tetA,9.0
3318,829.5,mRNA,Raspberry,2.0
3318,829.5,mRNA,mKalama1,1.0
3319,829.75,topo,topoI,0.25
3319,829.75,topo,gyrase,0.25
3319,829.75,RNAP,RNAP,1.0
3319,829.75,mRNA,tetA,9.0
3319,829.75,mRNA,Raspberry,2.0
3319,829.75,mRNA,mKalama1,1.0
3320,830.0,topo,topoI,0.25
3320,830.0,topo,gyrase,0.25
3320,830.0,RNAP,RNAP,1.0
3320,830.0,mRNA,tetA,9.0
3320,830.0,mRNA,Raspberry,2.0
3320,830.0,mRNA,mKalama1,1.0
3321,830.25,topo,topoI,0.25
3321,830.25,topo,gyrase,0.25
3321,830.25,RNAP,RNAP,1.0
3321,830.25,mRNA,tetA,9.0
3321,830.25,mRNA,Raspberry,2.0
3321,830.25,mRNA,mKalama1,1.0
3322,830.5,topo,topoI,0.25
3322,830.5,topo,gyrase,0.25
3322,830.5,RNAP,RNAP,1.0
3322,830.5,mRNA,tetA,9.0
3322,830.5,mRNA,Raspberry,2.0
3322,830.5,mRNA,mKalama1,1.0
3323,830.75,topo,topoI,0.25
3323,830.75,topo,gyrase,0.25
3323,830.75,RNAP,RNAP,1.0
3323,830.75,mRNA,tetA,9.0
3323,830.75,mRNA,Raspberry,2.0
3323,830.75,mRNA,mKalama1,1.0
3324,831.0,topo,topoI,0.25
3324,831.0,topo,gyrase,0.25
3324,831.0,RNAP,RNAP,1.0
3324,831.0,mRNA,tetA,9.0
3324,831.0,mRNA,Raspberry,2.0
3324,831.0,mRNA,mKalama1,1.0
3325,831.25,topo,topoI,0.25
3325,831.25,topo,gyrase,0.25
3325,831.25,RNAP,RNAP,1.0
3325,831.25,mRNA,tetA,9.0
3325,831.25,mRNA,Raspberry,2.0
3325,831.25,mRNA,mKalama1,1.0
3326,831.5,topo,topoI,0.25
3326,831.5,topo,gyrase,0.25
3326,831.5,RNAP,RNAP,1.0
3326,831.5,mRNA,tetA,9.0
3326,831.5,mRNA,Raspberry,2.0
3326,831.5,mRNA,mKalama1,1.0
3327,831.75,topo,topoI,0.25
3327,831.75,topo,gyrase,0.25
3327,831.75,RNAP,RNAP,1.0
3327,831.75,mRNA,tetA,9.0
3327,831.75,mRNA,Raspberry,2.0
3327,831.75,mRNA,mKalama1,1.0
3328,832.0,topo,topoI,0.25
3328,832.0,topo,gyrase,0.25
3328,832.0,RNAP,RNAP,1.0
3328,832.0,mRNA,tetA,9.0
3328,832.0,mRNA,Raspberry,2.0
3328,832.0,mRNA,mKalama1,1.0
3329,832.25,topo,topoI,0.25
3329,832.25,topo,gyrase,0.25
3329,832.25,RNAP,RNAP,1.0
3329,832.25,mRNA,tetA,9.0
3329,832.25,mRNA,Raspberry,2.0
3329,832.25,mRNA,mKalama1,1.0
3330,832.5,topo,topoI,0.25
3330,832.5,topo,gyrase,0.25
3330,832.5,RNAP,RNAP,1.0
3330,832.5,mRNA,tetA,9.0
3330,832.5,mRNA,Raspberry,2.0
3330,832.5,mRNA,mKalama1,1.0
3331,832.75,topo,topoI,0.25
3331,832.75,topo,gyrase,0.25
3331,832.75,RNAP,RNAP,1.0
3331,832.75,mRNA,tetA,9.0
3331,832.75,mRNA,Raspberry,2.0
3331,832.75,mRNA,mKalama1,1.0
3332,833.0,topo,topoI,0.25
3332,833.0,topo,gyrase,0.25
3332,833.0,RNAP,RNAP,1.0
3332,833.0,mRNA,tetA,9.0
3332,833.0,mRNA,Raspberry,2.0
3332,833.0,mRNA,mKalama1,1.0
3333,833.25,topo,topoI,0.25
3333,833.25,topo,gyrase,0.25
3333,833.25,RNAP,RNAP,1.0
3333,833.25,mRNA,tetA,9.0
3333,833.25,mRNA,Raspberry,2.0
3333,833.25,mRNA,mKalama1,1.0
3334,833.5,topo,topoI,0.25
3334,833.5,topo,gyrase,0.25
3334,833.5,RNAP,RNAP,1.0
3334,833.5,mRNA,tetA,9.0
3334,833.5,mRNA,Raspberry,2.0
3334,833.5,mRNA,mKalama1,1.0
3335,833.75,topo,topoI,0.25
3335,833.75,topo,gyrase,0.25
3335,833.75,RNAP,RNAP,1.0
3335,833.75,mRNA,tetA,9.0
3335,833.75,mRNA,Raspberry,2.0
3335,833.75,mRNA,mKalama1,1.0
3336,834.0,topo,topoI,0.25
3336,834.0,topo,gyrase,0.25
3336,834.0,RNAP,RNAP,1.0
3336,834.0,mRNA,tetA,9.0
3336,834.0,mRNA,Raspberry,2.0
3336,834.0,mRNA,mKalama1,1.0
3337,834.25,topo,topoI,0.25
3337,834.25,topo,gyrase,0.25
3337,834.25,RNAP,RNAP,1.0
3337,834.25,mRNA,tetA,9.0
3337,834.25,mRNA,Raspberry,2.0
3337,834.25,mRNA,mKalama1,1.0
3338,834.5,topo,topoI,0.25
3338,834.5,topo,gyrase,0.25
3338,834.5,RNAP,RNAP,1.0
3338,834.5,mRNA,tetA,9.0
3338,834.5,mRNA,Raspberry,2.0
3338,834.5,mRNA,mKalama1,1.0
3339,834.75,topo,topoI,0.25
3339,834.75,topo,gyrase,0.25
3339,834.75,RNAP,RNAP,1.0
3339,834.75,mRNA,tetA,9.0
3339,834.75,mRNA,Raspberry,2.0
3339,834.75,mRNA,mKalama1,1.0
3340,835.0,topo,topoI,0.25
3340,835.0,topo,gyrase,0.25
3340,835.0,RNAP,RNAP,1.0
3340,835.0,mRNA,tetA,9.0
3340,835.0,mRNA,Raspberry,2.0
3340,835.0,mRNA,mKalama1,1.0
3341,835.25,topo,topoI,0.25
3341,835.25,topo,gyrase,0.25
3341,835.25,RNAP,RNAP,1.0
3341,835.25,mRNA,tetA,9.0
3341,835.25,mRNA,Raspberry,2.0
3341,835.25,mRNA,mKalama1,1.0
3342,835.5,topo,topoI,0.25
3342,835.5,topo,gyrase,0.25
3342,835.5,RNAP,RNAP,1.0
3342,835.5,mRNA,tetA,9.0
3342,835.5,mRNA,Raspberry,2.0
3342,835.5,mRNA,mKalama1,1.0
3343,835.75,topo,topoI,0.25
3343,835.75,topo,gyrase,0.25
3343,835.75,RNAP,RNAP,1.0
3343,835.75,mRNA,tetA,9.0
3343,835.75,mRNA,Raspberry,2.0
3343,835.75,mRNA,mKalama1,1.0
3344,836.0,topo,topoI,0.25
3344,836.0,topo,gyrase,0.25
3344,836.0,RNAP,RNAP,1.0
3344,836.0,mRNA,tetA,9.0
3344,836.0,mRNA,Raspberry,2.0
3344,836.0,mRNA,mKalama1,1.0
3345,836.25,topo,topoI,0.25
3345,836.25,topo,gyrase,0.25
3345,836.25,RNAP,RNAP,1.0
3345,836.25,mRNA,tetA,9.0
3345,836.25,mRNA,Raspberry,2.0
3345,836.25,mRNA,mKalama1,1.0
3346,836.5,topo,topoI,0.25
3346,836.5,topo,gyrase,0.25
3346,836.5,RNAP,RNAP,1.0
3346,836.5,mRNA,tetA,9.0
3346,836.5,mRNA,Raspberry,2.0
3346,836.5,mRNA,mKalama1,1.0
3347,836.75,topo,topoI,0.25
3347,836.75,topo,gyrase,0.25
3347,836.75,RNAP,RNAP,1.0
3347,836.75,mRNA,tetA,9.0
3347,836.75,mRNA,Raspberry,2.0
3347,836.75,mRNA,mKalama1,1.0
3348,837.0,topo,topoI,0.25
3348,837.0,topo,gyrase,0.25
3348,837.0,RNAP,RNAP,1.0
3348,837.0,mRNA,tetA,9.0
3348,837.0,mRNA,Raspberry,2.0
3348,837.0,mRNA,mKalama1,1.0
3349,837.25,topo,topoI,0.25
3349,837.25,topo,gyrase,0.25
3349,837.25,RNAP,RNAP,1.0
3349,837.25,mRNA,tetA,9.0
3349,837.25,mRNA,Raspberry,2.0
3349,837.25,mRNA,mKalama1,1.0
3350,837.5,topo,topoI,0.25
3350,837.5,topo,gyrase,0.25
3350,837.5,RNAP,RNAP,1.0
3350,837.5,mRNA,tetA,9.0
3350,837.5,mRNA,Raspberry,2.0
3350,837.5,mRNA,mKalama1,1.0
3351,837.75,topo,topoI,0.25
3351,837.75,topo,gyrase,0.25
3351,837.75,RNAP,RNAP,1.0
3351,837.75,mRNA,tetA,9.0
3351,837.75,mRNA,Raspberry,2.0
3351,837.75,mRNA,mKalama1,1.0
3352,838.0,topo,topoI,0.25
3352,838.0,topo,gyrase,0.25
3352,838.0,RNAP,RNAP,1.0
3352,838.0,mRNA,tetA,9.0
3352,838.0,mRNA,Raspberry,2.0
3352,838.0,mRNA,mKalama1,1.0
3353,838.25,topo,topoI,0.25
3353,838.25,topo,gyrase,0.25
3353,838.25,RNAP,RNAP,1.0
3353,838.25,mRNA,tetA,9.0
3353,838.25,mRNA,Raspberry,2.0
3353,838.25,mRNA,mKalama1,1.0
3354,838.5,topo,topoI,0.25
3354,838.5,topo,gyrase,0.25
3354,838.5,RNAP,RNAP,1.0
3354,838.5,mRNA,tetA,9.0
3354,838.5,mRNA,Raspberry,2.0
3354,838.5,mRNA,mKalama1,1.0
3355,838.75,topo,topoI,0.25
3355,838.75,topo,gyrase,0.25
3355,838.75,RNAP,RNAP,1.0
3355,838.75,mRNA,tetA,9.0
3355,838.75,mRNA,Raspberry,2.0
3355,838.75,mRNA,mKalama1,1.0
3356,839.0,topo,topoI,0.25
3356,839.0,topo,gyrase,0.25
3356,839.0,RNAP,RNAP,1.0
3356,839.0,mRNA,tetA,9.0
3356,839.0,mRNA,Raspberry,2.0
3356,839.0,mRNA,mKalama1,1.0
3357,839.25,topo,topoI,0.25
3357,839.25,topo,gyrase,0.25
3357,839.25,RNAP,RNAP,1.0
3357,839.25,mRNA,tetA,9.0
3357,839.25,mRNA,Raspberry,2.0
3357,839.25,mRNA,mKalama1,1.0
3358,839.5,topo,topoI,0.25
3358,839.5,topo,gyrase,0.25
3358,839.5,RNAP,RNAP,1.0
3358,839.5,mRNA,tetA,9.0
3358,839.5,mRNA,Raspberry,2.0
3358,839.5,mRNA,mKalama1,1.0
3359,839.75,topo,topoI,0.25
3359,839.75,topo,gyrase,0.25
3359,839.75,RNAP,RNAP,1.0
3359,839.75,mRNA,tetA,9.0
3359,839.75,mRNA,Raspberry,2.0
3359,839.75,mRNA,mKalama1,1.0
3360,840.0,topo,topoI,0.25
3360,840.0,topo,gyrase,0.25
3360,840.0,RNAP,RNAP,1.0
3360,840.0,mRNA,tetA,9.0
3360,840.0,mRNA,Raspberry,2.0
3360,840.0,mRNA,mKalama1,1.0
3361,840.25,topo,topoI,0.25
3361,840.25,topo,gyrase,0.25
3361,840.25,RNAP,RNAP,1.0
3361,840.25,mRNA,tetA,9.0
3361,840.25,mRNA,Raspberry,2.0
3361,840.25,mRNA,mKalama1,1.0
3362,840.5,topo,topoI,0.25
3362,840.5,topo,gyrase,0.25
3362,840.5,RNAP,RNAP,1.0
3362,840.5,mRNA,tetA,9.0
3362,840.5,mRNA,Raspberry,2.0
3362,840.5,mRNA,mKalama1,1.0
3363,840.75,topo,topoI,0.25
3363,840.75,topo,gyrase,0.25
3363,840.75,RNAP,RNAP,1.0
3363,840.75,mRNA,tetA,9.0
3363,840.75,mRNA,Raspberry,2.0
3363,840.75,mRNA,mKalama1,1.0
3364,841.0,topo,topoI,0.25
3364,841.0,topo,gyrase,0.25
3364,841.0,RNAP,RNAP,1.0
3364,841.0,mRNA,tetA,9.0
3364,841.0,mRNA,Raspberry,2.0
3364,841.0,mRNA,mKalama1,1.0
3365,841.25,topo,topoI,0.25
3365,841.25,topo,gyrase,0.25
3365,841.25,RNAP,RNAP,1.0
3365,841.25,mRNA,tetA,9.0
3365,841.25,mRNA,Raspberry,2.0
3365,841.25,mRNA,mKalama1,1.0
3366,841.5,topo,topoI,0.25
3366,841.5,topo,gyrase,0.25
3366,841.5,RNAP,RNAP,1.0
3366,841.5,mRNA,tetA,9.0
3366,841.5,mRNA,Raspberry,2.0
3366,841.5,mRNA,mKalama1,1.0
3367,841.75,topo,topoI,0.25
3367,841.75,topo,gyrase,0.25
3367,841.75,RNAP,RNAP,1.0
3367,841.75,mRNA,tetA,9.0
3367,841.75,mRNA,Raspberry,2.0
3367,841.75,mRNA,mKalama1,1.0
3368,842.0,topo,topoI,0.25
3368,842.0,topo,gyrase,0.25
3368,842.0,RNAP,RNAP,1.0
3368,842.0,mRNA,tetA,9.0
3368,842.0,mRNA,Raspberry,2.0
3368,842.0,mRNA,mKalama1,1.0
3369,842.25,topo,topoI,0.25
3369,842.25,topo,gyrase,0.25
3369,842.25,RNAP,RNAP,1.0
3369,842.25,mRNA,tetA,9.0
3369,842.25,mRNA,Raspberry,2.0
3369,842.25,mRNA,mKalama1,1.0
3370,842.5,topo,topoI,0.25
3370,842.5,topo,gyrase,0.25
3370,842.5,RNAP,RNAP,1.0
3370,842.5,mRNA,tetA,9.0
3370,842.5,mRNA,Raspberry,2.0
3370,842.5,mRNA,mKalama1,1.0
3371,842.75,topo,topoI,0.25
3371,842.75,topo,gyrase,0.25
3371,842.75,RNAP,RNAP,1.0
3371,842.75,mRNA,tetA,9.0
3371,842.75,mRNA,Raspberry,2.0
3371,842.75,mRNA,mKalama1,1.0
3372,843.0,topo,topoI,0.25
3372,843.0,topo,gyrase,0.25
3372,843.0,RNAP,RNAP,1.0
3372,843.0,mRNA,tetA,9.0
3372,843.0,mRNA,Raspberry,2.0
3372,843.0,mRNA,mKalama1,1.0
3373,843.25,topo,topoI,0.25
3373,843.25,topo,gyrase,0.25
3373,843.25,RNAP,RNAP,1.0
3373,843.25,mRNA,tetA,9.0
3373,843.25,mRNA,Raspberry,2.0
3373,843.25,mRNA,mKalama1,1.0
3374,843.5,topo,topoI,0.25
3374,843.5,topo,gyrase,0.25
3374,843.5,RNAP,RNAP,1.0
3374,843.5,mRNA,tetA,9.0
3374,843.5,mRNA,Raspberry,2.0
3374,843.5,mRNA,mKalama1,1.0
3375,843.75,topo,topoI,0.25
3375,843.75,topo,gyrase,0.25
3375,843.75,RNAP,RNAP,1.0
3375,843.75,mRNA,tetA,9.0
3375,843.75,mRNA,Raspberry,2.0
3375,843.75,mRNA,mKalama1,1.0
3376,844.0,topo,topoI,0.25
3376,844.0,topo,gyrase,0.25
3376,844.0,RNAP,RNAP,1.0
3376,844.0,mRNA,tetA,9.0
3376,844.0,mRNA,Raspberry,2.0
3376,844.0,mRNA,mKalama1,1.0
3377,844.25,topo,topoI,0.25
3377,844.25,topo,gyrase,0.25
3377,844.25,RNAP,RNAP,1.0
3377,844.25,mRNA,tetA,9.0
3377,844.25,mRNA,Raspberry,2.0
3377,844.25,mRNA,mKalama1,1.0
3378,844.5,topo,topoI,0.25
3378,844.5,topo,gyrase,0.25
3378,844.5,RNAP,RNAP,1.0
3378,844.5,mRNA,tetA,9.0
3378,844.5,mRNA,Raspberry,2.0
3378,844.5,mRNA,mKalama1,1.0
3379,844.75,topo,topoI,0.25
3379,844.75,topo,gyrase,0.25
3379,844.75,RNAP,RNAP,1.0
3379,844.75,mRNA,tetA,9.0
3379,844.75,mRNA,Raspberry,2.0
3379,844.75,mRNA,mKalama1,1.0
3380,845.0,topo,topoI,0.25
3380,845.0,topo,gyrase,0.25
3380,845.0,RNAP,RNAP,1.0
3380,845.0,mRNA,tetA,9.0
3380,845.0,mRNA,Raspberry,2.0
3380,845.0,mRNA,mKalama1,1.0
3381,845.25,topo,topoI,0.25
3381,845.25,topo,gyrase,0.25
3381,845.25,RNAP,RNAP,1.0
3381,845.25,mRNA,tetA,9.0
3381,845.25,mRNA,Raspberry,2.0
3381,845.25,mRNA,mKalama1,1.0
3382,845.5,topo,topoI,0.25
3382,845.5,topo,gyrase,0.25
3382,845.5,RNAP,RNAP,1.0
3382,845.5,mRNA,tetA,9.0
3382,845.5,mRNA,Raspberry,2.0
3382,845.5,mRNA,mKalama1,1.0
3383,845.75,topo,topoI,0.25
3383,845.75,topo,gyrase,0.25
3383,845.75,RNAP,RNAP,1.0
3383,845.75,mRNA,tetA,9.0
3383,845.75,mRNA,Raspberry,2.0
3383,845.75,mRNA,mKalama1,1.0
3384,846.0,topo,topoI,0.25
3384,846.0,topo,gyrase,0.25
3384,846.0,RNAP,RNAP,1.0
3384,846.0,mRNA,tetA,9.0
3384,846.0,mRNA,Raspberry,2.0
3384,846.0,mRNA,mKalama1,1.0
3385,846.25,topo,topoI,0.25
3385,846.25,topo,gyrase,0.25
3385,846.25,RNAP,RNAP,1.0
3385,846.25,mRNA,tetA,9.0
3385,846.25,mRNA,Raspberry,2.0
3385,846.25,mRNA,mKalama1,1.0
3386,846.5,topo,topoI,0.25
3386,846.5,topo,gyrase,0.25
3386,846.5,RNAP,RNAP,1.0
3386,846.5,mRNA,tetA,9.0
3386,846.5,mRNA,Raspberry,2.0
3386,846.5,mRNA,mKalama1,1.0
3387,846.75,topo,topoI,0.25
3387,846.75,topo,gyrase,0.25
3387,846.75,RNAP,RNAP,1.0
3387,846.75,mRNA,tetA,9.0
3387,846.75,mRNA,Raspberry,2.0
3387,846.75,mRNA,mKalama1,1.0
3388,847.0,topo,topoI,0.25
3388,847.0,topo,gyrase,0.25
3388,847.0,RNAP,RNAP,1.0
3388,847.0,mRNA,tetA,9.0
3388,847.0,mRNA,Raspberry,2.0
3388,847.0,mRNA,mKalama1,1.0
3389,847.25,topo,topoI,0.25
3389,847.25,topo,gyrase,0.25
3389,847.25,RNAP,RNAP,1.0
3389,847.25,mRNA,tetA,9.0
3389,847.25,mRNA,Raspberry,2.0
3389,847.25,mRNA,mKalama1,1.0
3390,847.5,topo,topoI,0.25
3390,847.5,topo,gyrase,0.25
3390,847.5,RNAP,RNAP,1.0
3390,847.5,mRNA,tetA,9.0
3390,847.5,mRNA,Raspberry,2.0
3390,847.5,mRNA,mKalama1,1.0
3391,847.75,topo,topoI,0.25
3391,847.75,topo,gyrase,0.25
3391,847.75,RNAP,RNAP,1.0
3391,847.75,mRNA,tetA,9.0
3391,847.75,mRNA,Raspberry,2.0
3391,847.75,mRNA,mKalama1,1.0
3392,848.0,topo,topoI,0.25
3392,848.0,topo,gyrase,0.25
3392,848.0,RNAP,RNAP,1.0
3392,848.0,mRNA,tetA,9.0
3392,848.0,mRNA,Raspberry,2.0
3392,848.0,mRNA,mKalama1,1.0
3393,848.25,topo,topoI,0.25
3393,848.25,topo,gyrase,0.25
3393,848.25,RNAP,RNAP,1.0
3393,848.25,mRNA,tetA,9.0
3393,848.25,mRNA,Raspberry,2.0
3393,848.25,mRNA,mKalama1,1.0
3394,848.5,topo,topoI,0.25
3394,848.5,topo,gyrase,0.25
3394,848.5,RNAP,RNAP,1.0
3394,848.5,mRNA,tetA,9.0
3394,848.5,mRNA,Raspberry,2.0
3394,848.5,mRNA,mKalama1,1.0
3395,848.75,topo,topoI,0.25
3395,848.75,topo,gyrase,0.25
3395,848.75,RNAP,RNAP,1.0
3395,848.75,mRNA,tetA,9.0
3395,848.75,mRNA,Raspberry,2.0
3395,848.75,mRNA,mKalama1,1.0
3396,849.0,topo,topoI,0.25
3396,849.0,topo,gyrase,0.25
3396,849.0,RNAP,RNAP,1.0
3396,849.0,mRNA,tetA,9.0
3396,849.0,mRNA,Raspberry,2.0
3396,849.0,mRNA,mKalama1,1.0
3397,849.25,topo,topoI,0.25
3397,849.25,topo,gyrase,0.25
3397,849.25,RNAP,RNAP,1.0
3397,849.25,mRNA,tetA,9.0
3397,849.25,mRNA,Raspberry,2.0
3397,849.25,mRNA,mKalama1,1.0
3398,849.5,topo,topoI,0.25
3398,849.5,topo,gyrase,0.25
3398,849.5,RNAP,RNAP,1.0
3398,849.5,mRNA,tetA,9.0
3398,849.5,mRNA,Raspberry,2.0
3398,849.5,mRNA,mKalama1,1.0
3399,849.75,topo,topoI,0.25
3399,849.75,topo,gyrase,0.25
3399,849.75,RNAP,RNAP,1.0
3399,849.75,mRNA,tetA,9.0
3399,849.75,mRNA,Raspberry,2.0
3399,849.75,mRNA,mKalama1,1.0
3400,850.0,topo,topoI,0.25
3400,850.0,topo,gyrase,0.25
3400,850.0,RNAP,RNAP,1.0
3400,850.0,mRNA,tetA,9.0
3400,850.0,mRNA,Raspberry,2.0
3400,850.0,mRNA,mKalama1,1.0
3401,850.25,topo,topoI,0.25
3401,850.25,topo,gyrase,0.25
3401,850.25,RNAP,RNAP,1.0
3401,850.25,mRNA,tetA,9.0
3401,850.25,mRNA,Raspberry,2.0
3401,850.25,mRNA,mKalama1,1.0
3402,850.5,topo,topoI,0.25
3402,850.5,topo,gyrase,0.25
3402,850.5,RNAP,RNAP,1.0
3402,850.5,mRNA,tetA,9.0
3402,850.5,mRNA,Raspberry,2.0
3402,850.5,mRNA,mKalama1,1.0
3403,850.75,topo,topoI,0.25
3403,850.75,topo,gyrase,0.25
3403,850.75,RNAP,RNAP,1.0
3403,850.75,mRNA,tetA,9.0
3403,850.75,mRNA,Raspberry,2.0
3403,850.75,mRNA,mKalama1,1.0
3404,851.0,topo,topoI,0.25
3404,851.0,topo,gyrase,0.25
3404,851.0,RNAP,RNAP,1.0
3404,851.0,mRNA,tetA,9.0
3404,851.0,mRNA,Raspberry,2.0
3404,851.0,mRNA,mKalama1,1.0
3405,851.25,topo,topoI,0.25
3405,851.25,topo,gyrase,0.25
3405,851.25,RNAP,RNAP,1.0
3405,851.25,mRNA,tetA,9.0
3405,851.25,mRNA,Raspberry,2.0
3405,851.25,mRNA,mKalama1,1.0
3406,851.5,topo,topoI,0.25
3406,851.5,topo,gyrase,0.25
3406,851.5,RNAP,RNAP,1.0
3406,851.5,mRNA,tetA,9.0
3406,851.5,mRNA,Raspberry,2.0
3406,851.5,mRNA,mKalama1,1.0
3407,851.75,topo,topoI,0.25
3407,851.75,topo,gyrase,0.25
3407,851.75,RNAP,RNAP,1.0
3407,851.75,mRNA,tetA,9.0
3407,851.75,mRNA,Raspberry,2.0
3407,851.75,mRNA,mKalama1,1.0
3408,852.0,topo,topoI,0.25
3408,852.0,topo,gyrase,0.25
3408,852.0,RNAP,RNAP,1.0
3408,852.0,mRNA,tetA,10.0
3408,852.0,mRNA,Raspberry,2.0
3408,852.0,mRNA,mKalama1,1.0
3409,852.25,topo,topoI,0.25
3409,852.25,topo,gyrase,0.25
3409,852.25,RNAP,RNAP,1.0
3409,852.25,mRNA,tetA,10.0
3409,852.25,mRNA,Raspberry,2.0
3409,852.25,mRNA,mKalama1,1.0
3410,852.5,topo,topoI,0.25
3410,852.5,topo,gyrase,0.25
3410,852.5,RNAP,RNAP,1.0
3410,852.5,mRNA,tetA,10.0
3410,852.5,mRNA,Raspberry,2.0
3410,852.5,mRNA,mKalama1,1.0
3411,852.75,topo,topoI,0.25
3411,852.75,topo,gyrase,0.25
3411,852.75,RNAP,RNAP,1.0
3411,852.75,mRNA,tetA,10.0
3411,852.75,mRNA,Raspberry,2.0
3411,852.75,mRNA,mKalama1,1.0
3412,853.0,topo,topoI,0.25
3412,853.0,topo,gyrase,0.25
3412,853.0,RNAP,RNAP,1.0
3412,853.0,mRNA,tetA,10.0
3412,853.0,mRNA,Raspberry,2.0
3412,853.0,mRNA,mKalama1,1.0
3413,853.25,topo,topoI,0.25
3413,853.25,topo,gyrase,0.25
3413,853.25,RNAP,RNAP,1.0
3413,853.25,mRNA,tetA,10.0
3413,853.25,mRNA,Raspberry,2.0
3413,853.25,mRNA,mKalama1,1.0
3414,853.5,topo,topoI,0.25
3414,853.5,topo,gyrase,0.25
3414,853.5,RNAP,RNAP,1.0
3414,853.5,mRNA,tetA,10.0
3414,853.5,mRNA,Raspberry,2.0
3414,853.5,mRNA,mKalama1,1.0
3415,853.75,topo,topoI,0.25
3415,853.75,topo,gyrase,0.25
3415,853.75,RNAP,RNAP,1.0
3415,853.75,mRNA,tetA,10.0
3415,853.75,mRNA,Raspberry,2.0
3415,853.75,mRNA,mKalama1,1.0
3416,854.0,topo,topoI,0.25
3416,854.0,topo,gyrase,0.25
3416,854.0,RNAP,RNAP,1.0
3416,854.0,mRNA,tetA,10.0
3416,854.0,mRNA,Raspberry,2.0
3416,854.0,mRNA,mKalama1,1.0
3417,854.25,topo,topoI,0.25
3417,854.25,topo,gyrase,0.25
3417,854.25,RNAP,RNAP,1.0
3417,854.25,mRNA,tetA,10.0
3417,854.25,mRNA,Raspberry,2.0
3417,854.25,mRNA,mKalama1,1.0
3418,854.5,topo,topoI,0.25
3418,854.5,topo,gyrase,0.25
3418,854.5,RNAP,RNAP,1.0
3418,854.5,mRNA,tetA,10.0
3418,854.5,mRNA,Raspberry,2.0
3418,854.5,mRNA,mKalama1,1.0
3419,854.75,topo,topoI,0.25
3419,854.75,topo,gyrase,0.25
3419,854.75,RNAP,RNAP,1.0
3419,854.75,mRNA,tetA,10.0
3419,854.75,mRNA,Raspberry,2.0
3419,854.75,mRNA,mKalama1,1.0
3420,855.0,topo,topoI,0.25
3420,855.0,topo,gyrase,0.25
3420,855.0,RNAP,RNAP,1.0
3420,855.0,mRNA,tetA,10.0
3420,855.0,mRNA,Raspberry,2.0
3420,855.0,mRNA,mKalama1,1.0
3421,855.25,topo,topoI,0.25
3421,855.25,topo,gyrase,0.25
3421,855.25,RNAP,RNAP,1.0
3421,855.25,mRNA,tetA,10.0
3421,855.25,mRNA,Raspberry,2.0
3421,855.25,mRNA,mKalama1,1.0
3422,855.5,topo,topoI,0.25
3422,855.5,topo,gyrase,0.25
3422,855.5,RNAP,RNAP,1.0
3422,855.5,mRNA,tetA,10.0
3422,855.5,mRNA,Raspberry,2.0
3422,855.5,mRNA,mKalama1,1.0
3423,855.75,topo,topoI,0.25
3423,855.75,topo,gyrase,0.25
3423,855.75,RNAP,RNAP,1.0
3423,855.75,mRNA,tetA,10.0
3423,855.75,mRNA,Raspberry,2.0
3423,855.75,mRNA,mKalama1,1.0
3424,856.0,topo,topoI,0.25
3424,856.0,topo,gyrase,0.25
3424,856.0,RNAP,RNAP,1.0
3424,856.0,mRNA,tetA,10.0
3424,856.0,mRNA,Raspberry,2.0
3424,856.0,mRNA,mKalama1,1.0
3425,856.25,topo,topoI,0.25
3425,856.25,topo,gyrase,0.25
3425,856.25,RNAP,RNAP,1.0
3425,856.25,mRNA,tetA,10.0
3425,856.25,mRNA,Raspberry,2.0
3425,856.25,mRNA,mKalama1,1.0
3426,856.5,topo,topoI,0.25
3426,856.5,topo,gyrase,0.25
3426,856.5,RNAP,RNAP,1.0
3426,856.5,mRNA,tetA,10.0
3426,856.5,mRNA,Raspberry,2.0
3426,856.5,mRNA,mKalama1,1.0
3427,856.75,topo,topoI,0.25
3427,856.75,topo,gyrase,0.25
3427,856.75,RNAP,RNAP,1.0
3427,856.75,mRNA,tetA,10.0
3427,856.75,mRNA,Raspberry,2.0
3427,856.75,mRNA,mKalama1,1.0
3428,857.0,topo,topoI,0.25
3428,857.0,topo,gyrase,0.25
3428,857.0,RNAP,RNAP,1.0
3428,857.0,mRNA,tetA,10.0
3428,857.0,mRNA,Raspberry,2.0
3428,857.0,mRNA,mKalama1,1.0
3429,857.25,topo,topoI,0.25
3429,857.25,topo,gyrase,0.25
3429,857.25,RNAP,RNAP,1.0
3429,857.25,mRNA,tetA,10.0
3429,857.25,mRNA,Raspberry,2.0
3429,857.25,mRNA,mKalama1,1.0
3430,857.5,topo,topoI,0.25
3430,857.5,topo,gyrase,0.25
3430,857.5,RNAP,RNAP,1.0
3430,857.5,mRNA,tetA,10.0
3430,857.5,mRNA,Raspberry,2.0
3430,857.5,mRNA,mKalama1,1.0
3431,857.75,topo,topoI,0.25
3431,857.75,topo,gyrase,0.25
3431,857.75,RNAP,RNAP,1.0
3431,857.75,mRNA,tetA,10.0
3431,857.75,mRNA,Raspberry,2.0
3431,857.75,mRNA,mKalama1,1.0
3432,858.0,topo,topoI,0.25
3432,858.0,topo,gyrase,0.25
3432,858.0,RNAP,RNAP,1.0
3432,858.0,mRNA,tetA,10.0
3432,858.0,mRNA,Raspberry,2.0
3432,858.0,mRNA,mKalama1,1.0
3433,858.25,topo,topoI,0.25
3433,858.25,topo,gyrase,0.25
3433,858.25,RNAP,RNAP,1.0
3433,858.25,mRNA,tetA,10.0
3433,858.25,mRNA,Raspberry,2.0
3433,858.25,mRNA,mKalama1,1.0
3434,858.5,topo,topoI,0.25
3434,858.5,topo,gyrase,0.25
3434,858.5,RNAP,RNAP,1.0
3434,858.5,mRNA,tetA,10.0
3434,858.5,mRNA,Raspberry,2.0
3434,858.5,mRNA,mKalama1,1.0
3435,858.75,topo,topoI,0.25
3435,858.75,topo,gyrase,0.25
3435,858.75,RNAP,RNAP,1.0
3435,858.75,mRNA,tetA,10.0
3435,858.75,mRNA,Raspberry,2.0
3435,858.75,mRNA,mKalama1,1.0
3436,859.0,topo,topoI,0.25
3436,859.0,topo,gyrase,0.25
3436,859.0,RNAP,RNAP,1.0
3436,859.0,mRNA,tetA,10.0
3436,859.0,mRNA,Raspberry,2.0
3436,859.0,mRNA,mKalama1,1.0
3437,859.25,topo,topoI,0.25
3437,859.25,topo,gyrase,0.25
3437,859.25,RNAP,RNAP,1.0
3437,859.25,mRNA,tetA,10.0
3437,859.25,mRNA,Raspberry,2.0
3437,859.25,mRNA,mKalama1,1.0
3438,859.5,topo,topoI,0.25
3438,859.5,topo,gyrase,0.25
3438,859.5,RNAP,RNAP,1.0
3438,859.5,mRNA,tetA,10.0
3438,859.5,mRNA,Raspberry,2.0
3438,859.5,mRNA,mKalama1,1.0
3439,859.75,topo,topoI,0.25
3439,859.75,topo,gyrase,0.25
3439,859.75,RNAP,RNAP,1.0
3439,859.75,mRNA,tetA,10.0
3439,859.75,mRNA,Raspberry,2.0
3439,859.75,mRNA,mKalama1,1.0
3440,860.0,topo,topoI,0.25
3440,860.0,topo,gyrase,0.25
3440,860.0,RNAP,RNAP,1.0
3440,860.0,mRNA,tetA,10.0
3440,860.0,mRNA,Raspberry,2.0
3440,860.0,mRNA,mKalama1,1.0
3441,860.25,topo,topoI,0.25
3441,860.25,topo,gyrase,0.25
3441,860.25,RNAP,RNAP,1.0
3441,860.25,mRNA,tetA,10.0
3441,860.25,mRNA,Raspberry,2.0
3441,860.25,mRNA,mKalama1,1.0
3442,860.5,topo,topoI,0.25
3442,860.5,topo,gyrase,0.25
3442,860.5,RNAP,RNAP,1.0
3442,860.5,mRNA,tetA,10.0
3442,860.5,mRNA,Raspberry,2.0
3442,860.5,mRNA,mKalama1,1.0
3443,860.75,topo,topoI,0.25
3443,860.75,topo,gyrase,0.25
3443,860.75,RNAP,RNAP,1.0
3443,860.75,mRNA,tetA,10.0
3443,860.75,mRNA,Raspberry,2.0
3443,860.75,mRNA,mKalama1,1.0
3444,861.0,topo,topoI,0.25
3444,861.0,topo,gyrase,0.25
3444,861.0,RNAP,RNAP,1.0
3444,861.0,mRNA,tetA,10.0
3444,861.0,mRNA,Raspberry,2.0
3444,861.0,mRNA,mKalama1,1.0
3445,861.25,topo,topoI,0.25
3445,861.25,topo,gyrase,0.25
3445,861.25,RNAP,RNAP,1.0
3445,861.25,mRNA,tetA,10.0
3445,861.25,mRNA,Raspberry,2.0
3445,861.25,mRNA,mKalama1,1.0
3446,861.5,topo,topoI,0.25
3446,861.5,topo,gyrase,0.25
3446,861.5,RNAP,RNAP,1.0
3446,861.5,mRNA,tetA,10.0
3446,861.5,mRNA,Raspberry,2.0
3446,861.5,mRNA,mKalama1,1.0
3447,861.75,topo,topoI,0.25
3447,861.75,topo,gyrase,0.25
3447,861.75,RNAP,RNAP,1.0
3447,861.75,mRNA,tetA,10.0
3447,861.75,mRNA,Raspberry,2.0
3447,861.75,mRNA,mKalama1,1.0
3448,862.0,topo,topoI,0.25
3448,862.0,topo,gyrase,0.25
3448,862.0,RNAP,RNAP,1.0
3448,862.0,mRNA,tetA,10.0
3448,862.0,mRNA,Raspberry,2.0
3448,862.0,mRNA,mKalama1,1.0
3449,862.25,topo,topoI,0.25
3449,862.25,topo,gyrase,0.25
3449,862.25,RNAP,RNAP,1.0
3449,862.25,mRNA,tetA,10.0
3449,862.25,mRNA,Raspberry,2.0
3449,862.25,mRNA,mKalama1,1.0
3450,862.5,topo,topoI,0.25
3450,862.5,topo,gyrase,0.25
3450,862.5,RNAP,RNAP,1.0
3450,862.5,mRNA,tetA,10.0
3450,862.5,mRNA,Raspberry,2.0
3450,862.5,mRNA,mKalama1,1.0
3451,862.75,topo,topoI,0.25
3451,862.75,topo,gyrase,0.25
3451,862.75,RNAP,RNAP,1.0
3451,862.75,mRNA,tetA,10.0
3451,862.75,mRNA,Raspberry,2.0
3451,862.75,mRNA,mKalama1,1.0
3452,863.0,topo,topoI,0.25
3452,863.0,topo,gyrase,0.25
3452,863.0,RNAP,RNAP,1.0
3452,863.0,mRNA,tetA,10.0
3452,863.0,mRNA,Raspberry,2.0
3452,863.0,mRNA,mKalama1,1.0
3453,863.25,topo,topoI,0.25
3453,863.25,topo,gyrase,0.25
3453,863.25,RNAP,RNAP,1.0
3453,863.25,mRNA,tetA,10.0
3453,863.25,mRNA,Raspberry,2.0
3453,863.25,mRNA,mKalama1,1.0
3454,863.5,topo,topoI,0.25
3454,863.5,topo,gyrase,0.25
3454,863.5,RNAP,RNAP,1.0
3454,863.5,mRNA,tetA,10.0
3454,863.5,mRNA,Raspberry,2.0
3454,863.5,mRNA,mKalama1,1.0
3455,863.75,topo,topoI,0.25
3455,863.75,topo,gyrase,0.25
3455,863.75,RNAP,RNAP,1.0
3455,863.75,mRNA,tetA,10.0
3455,863.75,mRNA,Raspberry,2.0
3455,863.75,mRNA,mKalama1,1.0
3456,864.0,topo,topoI,0.25
3456,864.0,topo,gyrase,0.25
3456,864.0,RNAP,RNAP,1.0
3456,864.0,mRNA,tetA,10.0
3456,864.0,mRNA,Raspberry,2.0
3456,864.0,mRNA,mKalama1,1.0
3457,864.25,topo,topoI,0.25
3457,864.25,topo,gyrase,0.25
3457,864.25,RNAP,RNAP,1.0
3457,864.25,mRNA,tetA,10.0
3457,864.25,mRNA,Raspberry,2.0
3457,864.25,mRNA,mKalama1,1.0
3458,864.5,topo,topoI,0.25
3458,864.5,topo,gyrase,0.25
3458,864.5,RNAP,RNAP,1.0
3458,864.5,mRNA,tetA,10.0
3458,864.5,mRNA,Raspberry,2.0
3458,864.5,mRNA,mKalama1,1.0
3459,864.75,topo,topoI,0.25
3459,864.75,topo,gyrase,0.25
3459,864.75,RNAP,RNAP,1.0
3459,864.75,mRNA,tetA,10.0
3459,864.75,mRNA,Raspberry,2.0
3459,864.75,mRNA,mKalama1,1.0
3460,865.0,topo,topoI,0.25
3460,865.0,topo,gyrase,0.25
3460,865.0,RNAP,RNAP,1.0
3460,865.0,mRNA,tetA,10.0
3460,865.0,mRNA,Raspberry,2.0
3460,865.0,mRNA,mKalama1,1.0
3461,865.25,topo,topoI,0.25
3461,865.25,topo,gyrase,0.25
3461,865.25,RNAP,RNAP,1.0
3461,865.25,mRNA,tetA,10.0
3461,865.25,mRNA,Raspberry,2.0
3461,865.25,mRNA,mKalama1,1.0
3462,865.5,topo,topoI,0.25
3462,865.5,topo,gyrase,0.25
3462,865.5,RNAP,RNAP,1.0
3462,865.5,mRNA,tetA,10.0
3462,865.5,mRNA,Raspberry,2.0
3462,865.5,mRNA,mKalama1,1.0
3463,865.75,topo,topoI,0.25
3463,865.75,topo,gyrase,0.25
3463,865.75,RNAP,RNAP,1.0
3463,865.75,mRNA,tetA,10.0
3463,865.75,mRNA,Raspberry,2.0
3463,865.75,mRNA,mKalama1,1.0
3464,866.0,topo,topoI,0.25
3464,866.0,topo,gyrase,0.25
3464,866.0,RNAP,RNAP,1.0
3464,866.0,mRNA,tetA,10.0
3464,866.0,mRNA,Raspberry,2.0
3464,866.0,mRNA,mKalama1,1.0
3465,866.25,topo,topoI,0.25
3465,866.25,topo,gyrase,0.25
3465,866.25,RNAP,RNAP,1.0
3465,866.25,mRNA,tetA,10.0
3465,866.25,mRNA,Raspberry,2.0
3465,866.25,mRNA,mKalama1,1.0
3466,866.5,topo,topoI,0.25
3466,866.5,topo,gyrase,0.25
3466,866.5,RNAP,RNAP,1.0
3466,866.5,mRNA,tetA,10.0
3466,866.5,mRNA,Raspberry,2.0
3466,866.5,mRNA,mKalama1,1.0
3467,866.75,topo,topoI,0.25
3467,866.75,topo,gyrase,0.25
3467,866.75,RNAP,RNAP,1.0
3467,866.75,mRNA,tetA,10.0
3467,866.75,mRNA,Raspberry,2.0
3467,866.75,mRNA,mKalama1,1.0
3468,867.0,topo,topoI,0.25
3468,867.0,topo,gyrase,0.25
3468,867.0,RNAP,RNAP,1.0
3468,867.0,mRNA,tetA,10.0
3468,867.0,mRNA,Raspberry,2.0
3468,867.0,mRNA,mKalama1,1.0
3469,867.25,topo,topoI,0.25
3469,867.25,topo,gyrase,0.25
3469,867.25,RNAP,RNAP,1.0
3469,867.25,mRNA,tetA,10.0
3469,867.25,mRNA,Raspberry,2.0
3469,867.25,mRNA,mKalama1,1.0
3470,867.5,topo,topoI,0.25
3470,867.5,topo,gyrase,0.25
3470,867.5,RNAP,RNAP,1.0
3470,867.5,mRNA,tetA,10.0
3470,867.5,mRNA,Raspberry,2.0
3470,867.5,mRNA,mKalama1,1.0
3471,867.75,topo,topoI,0.25
3471,867.75,topo,gyrase,0.25
3471,867.75,RNAP,RNAP,1.0
3471,867.75,mRNA,tetA,10.0
3471,867.75,mRNA,Raspberry,2.0
3471,867.75,mRNA,mKalama1,1.0
3472,868.0,topo,topoI,0.25
3472,868.0,topo,gyrase,0.25
3472,868.0,RNAP,RNAP,1.0
3472,868.0,mRNA,tetA,10.0
3472,868.0,mRNA,Raspberry,2.0
3472,868.0,mRNA,mKalama1,1.0
3473,868.25,topo,topoI,0.25
3473,868.25,topo,gyrase,0.25
3473,868.25,RNAP,RNAP,1.0
3473,868.25,mRNA,tetA,10.0
3473,868.25,mRNA,Raspberry,2.0
3473,868.25,mRNA,mKalama1,1.0
3474,868.5,topo,topoI,0.25
3474,868.5,topo,gyrase,0.25
3474,868.5,RNAP,RNAP,1.0
3474,868.5,mRNA,tetA,10.0
3474,868.5,mRNA,Raspberry,2.0
3474,868.5,mRNA,mKalama1,1.0
3475,868.75,topo,topoI,0.25
3475,868.75,topo,gyrase,0.25
3475,868.75,RNAP,RNAP,1.0
3475,868.75,mRNA,tetA,10.0
3475,868.75,mRNA,Raspberry,2.0
3475,868.75,mRNA,mKalama1,1.0
3476,869.0,topo,topoI,0.25
3476,869.0,topo,gyrase,0.25
3476,869.0,RNAP,RNAP,1.0
3476,869.0,mRNA,tetA,10.0
3476,869.0,mRNA,Raspberry,2.0
3476,869.0,mRNA,mKalama1,1.0
3477,869.25,topo,topoI,0.25
3477,869.25,topo,gyrase,0.25
3477,869.25,RNAP,RNAP,1.0
3477,869.25,mRNA,tetA,10.0
3477,869.25,mRNA,Raspberry,2.0
3477,869.25,mRNA,mKalama1,1.0
3478,869.5,topo,topoI,0.25
3478,869.5,topo,gyrase,0.25
3478,869.5,RNAP,RNAP,1.0
3478,869.5,mRNA,tetA,10.0
3478,869.5,mRNA,Raspberry,2.0
3478,869.5,mRNA,mKalama1,1.0
3479,869.75,topo,topoI,0.25
3479,869.75,topo,gyrase,0.25
3479,869.75,RNAP,RNAP,1.0
3479,869.75,mRNA,tetA,10.0
3479,869.75,mRNA,Raspberry,2.0
3479,869.75,mRNA,mKalama1,1.0
3480,870.0,topo,topoI,0.25
3480,870.0,topo,gyrase,0.25
3480,870.0,RNAP,RNAP,1.0
3480,870.0,mRNA,tetA,10.0
3480,870.0,mRNA,Raspberry,2.0
3480,870.0,mRNA,mKalama1,1.0
3481,870.25,topo,topoI,0.25
3481,870.25,topo,gyrase,0.25
3481,870.25,RNAP,RNAP,1.0
3481,870.25,mRNA,tetA,10.0
3481,870.25,mRNA,Raspberry,2.0
3481,870.25,mRNA,mKalama1,1.0
3482,870.5,topo,topoI,0.25
3482,870.5,topo,gyrase,0.25
3482,870.5,RNAP,RNAP,1.0
3482,870.5,mRNA,tetA,10.0
3482,870.5,mRNA,Raspberry,2.0
3482,870.5,mRNA,mKalama1,1.0
3483,870.75,topo,topoI,0.25
3483,870.75,topo,gyrase,0.25
3483,870.75,RNAP,RNAP,1.0
3483,870.75,mRNA,tetA,10.0
3483,870.75,mRNA,Raspberry,2.0
3483,870.75,mRNA,mKalama1,1.0
3484,871.0,topo,topoI,0.25
3484,871.0,topo,gyrase,0.25
3484,871.0,RNAP,RNAP,1.0
3484,871.0,mRNA,tetA,10.0
3484,871.0,mRNA,Raspberry,2.0
3484,871.0,mRNA,mKalama1,1.0
3485,871.25,topo,topoI,0.25
3485,871.25,topo,gyrase,0.25
3485,871.25,RNAP,RNAP,1.0
3485,871.25,mRNA,tetA,10.0
3485,871.25,mRNA,Raspberry,2.0
3485,871.25,mRNA,mKalama1,1.0
3486,871.5,topo,topoI,0.25
3486,871.5,topo,gyrase,0.25
3486,871.5,RNAP,RNAP,1.0
3486,871.5,mRNA,tetA,10.0
3486,871.5,mRNA,Raspberry,2.0
3486,871.5,mRNA,mKalama1,1.0
3487,871.75,topo,topoI,0.25
3487,871.75,topo,gyrase,0.25
3487,871.75,RNAP,RNAP,1.0
3487,871.75,mRNA,tetA,10.0
3487,871.75,mRNA,Raspberry,2.0
3487,871.75,mRNA,mKalama1,1.0
3488,872.0,topo,topoI,0.25
3488,872.0,topo,gyrase,0.25
3488,872.0,RNAP,RNAP,1.0
3488,872.0,mRNA,tetA,10.0
3488,872.0,mRNA,Raspberry,2.0
3488,872.0,mRNA,mKalama1,1.0
3489,872.25,topo,topoI,0.25
3489,872.25,topo,gyrase,0.25
3489,872.25,RNAP,RNAP,1.0
3489,872.25,mRNA,tetA,10.0
3489,872.25,mRNA,Raspberry,2.0
3489,872.25,mRNA,mKalama1,1.0
3490,872.5,topo,topoI,0.25
3490,872.5,topo,gyrase,0.25
3490,872.5,RNAP,RNAP,1.0
3490,872.5,mRNA,tetA,10.0
3490,872.5,mRNA,Raspberry,2.0
3490,872.5,mRNA,mKalama1,1.0
3491,872.75,topo,topoI,0.25
3491,872.75,topo,gyrase,0.25
3491,872.75,RNAP,RNAP,1.0
3491,872.75,mRNA,tetA,10.0
3491,872.75,mRNA,Raspberry,2.0
3491,872.75,mRNA,mKalama1,1.0
3492,873.0,topo,topoI,0.25
3492,873.0,topo,gyrase,0.25
3492,873.0,RNAP,RNAP,1.0
3492,873.0,mRNA,tetA,10.0
3492,873.0,mRNA,Raspberry,2.0
3492,873.0,mRNA,mKalama1,1.0
3493,873.25,topo,topoI,0.25
3493,873.25,topo,gyrase,0.25
3493,873.25,RNAP,RNAP,1.0
3493,873.25,mRNA,tetA,10.0
3493,873.25,mRNA,Raspberry,2.0
3493,873.25,mRNA,mKalama1,1.0
3494,873.5,topo,topoI,0.25
3494,873.5,topo,gyrase,0.25
3494,873.5,RNAP,RNAP,1.0
3494,873.5,mRNA,tetA,10.0
3494,873.5,mRNA,Raspberry,2.0
3494,873.5,mRNA,mKalama1,1.0
3495,873.75,topo,topoI,0.25
3495,873.75,topo,gyrase,0.25
3495,873.75,RNAP,RNAP,1.0
3495,873.75,mRNA,tetA,10.0
3495,873.75,mRNA,Raspberry,2.0
3495,873.75,mRNA,mKalama1,1.0
3496,874.0,topo,topoI,0.25
3496,874.0,topo,gyrase,0.25
3496,874.0,RNAP,RNAP,1.0
3496,874.0,mRNA,tetA,10.0
3496,874.0,mRNA,Raspberry,2.0
3496,874.0,mRNA,mKalama1,1.0
3497,874.25,topo,topoI,0.25
3497,874.25,topo,gyrase,0.25
3497,874.25,RNAP,RNAP,1.0
3497,874.25,mRNA,tetA,10.0
3497,874.25,mRNA,Raspberry,2.0
3497,874.25,mRNA,mKalama1,1.0
3498,874.5,topo,topoI,0.25
3498,874.5,topo,gyrase,0.25
3498,874.5,RNAP,RNAP,1.0
3498,874.5,mRNA,tetA,10.0
3498,874.5,mRNA,Raspberry,2.0
3498,874.5,mRNA,mKalama1,1.0
3499,874.75,topo,topoI,0.25
3499,874.75,topo,gyrase,0.25
3499,874.75,RNAP,RNAP,1.0
3499,874.75,mRNA,tetA,10.0
3499,874.75,mRNA,Raspberry,2.0
3499,874.75,mRNA,mKalama1,1.0
3500,875.0,topo,topoI,0.25
3500,875.0,topo,gyrase,0.25
3500,875.0,RNAP,RNAP,1.0
3500,875.0,mRNA,tetA,10.0
3500,875.0,mRNA,Raspberry,2.0
3500,875.0,mRNA,mKalama1,1.0
3501,875.25,topo,topoI,0.25
3501,875.25,topo,gyrase,0.25
3501,875.25,RNAP,RNAP,1.0
3501,875.25,mRNA,tetA,10.0
3501,875.25,mRNA,Raspberry,2.0
3501,875.25,mRNA,mKalama1,1.0
3502,875.5,topo,topoI,0.25
3502,875.5,topo,gyrase,0.25
3502,875.5,RNAP,RNAP,1.0
3502,875.5,mRNA,tetA,10.0
3502,875.5,mRNA,Raspberry,2.0
3502,875.5,mRNA,mKalama1,1.0
3503,875.75,topo,topoI,0.25
3503,875.75,topo,gyrase,0.25
3503,875.75,RNAP,RNAP,1.0
3503,875.75,mRNA,tetA,10.0
3503,875.75,mRNA,Raspberry,2.0
3503,875.75,mRNA,mKalama1,1.0
3504,876.0,topo,topoI,0.25
3504,876.0,topo,gyrase,0.25
3504,876.0,RNAP,RNAP,1.0
3504,876.0,mRNA,tetA,10.0
3504,876.0,mRNA,Raspberry,2.0
3504,876.0,mRNA,mKalama1,1.0
3505,876.25,topo,topoI,0.25
3505,876.25,topo,gyrase,0.25
3505,876.25,RNAP,RNAP,1.0
3505,876.25,mRNA,tetA,10.0
3505,876.25,mRNA,Raspberry,2.0
3505,876.25,mRNA,mKalama1,1.0
3506,876.5,topo,topoI,0.25
3506,876.5,topo,gyrase,0.25
3506,876.5,RNAP,RNAP,1.0
3506,876.5,mRNA,tetA,10.0
3506,876.5,mRNA,Raspberry,2.0
3506,876.5,mRNA,mKalama1,1.0
3507,876.75,topo,topoI,0.25
3507,876.75,topo,gyrase,0.25
3507,876.75,RNAP,RNAP,1.0
3507,876.75,mRNA,tetA,10.0
3507,876.75,mRNA,Raspberry,2.0
3507,876.75,mRNA,mKalama1,1.0
3508,877.0,topo,topoI,0.25
3508,877.0,topo,gyrase,0.25
3508,877.0,RNAP,RNAP,1.0
3508,877.0,mRNA,tetA,10.0
3508,877.0,mRNA,Raspberry,2.0
3508,877.0,mRNA,mKalama1,1.0
3509,877.25,topo,topoI,0.25
3509,877.25,topo,gyrase,0.25
3509,877.25,RNAP,RNAP,1.0
3509,877.25,mRNA,tetA,10.0
3509,877.25,mRNA,Raspberry,2.0
3509,877.25,mRNA,mKalama1,1.0
3510,877.5,topo,topoI,0.25
3510,877.5,topo,gyrase,0.25
3510,877.5,RNAP,RNAP,1.0
3510,877.5,mRNA,tetA,10.0
3510,877.5,mRNA,Raspberry,2.0
3510,877.5,mRNA,mKalama1,1.0
3511,877.75,topo,topoI,0.25
3511,877.75,topo,gyrase,0.25
3511,877.75,RNAP,RNAP,1.0
3511,877.75,mRNA,tetA,10.0
3511,877.75,mRNA,Raspberry,2.0
3511,877.75,mRNA,mKalama1,1.0
3512,878.0,topo,topoI,0.25
3512,878.0,topo,gyrase,0.25
3512,878.0,RNAP,RNAP,1.0
3512,878.0,mRNA,tetA,10.0
3512,878.0,mRNA,Raspberry,2.0
3512,878.0,mRNA,mKalama1,1.0
3513,878.25,topo,topoI,0.25
3513,878.25,topo,gyrase,0.25
3513,878.25,RNAP,RNAP,1.0
3513,878.25,mRNA,tetA,10.0
3513,878.25,mRNA,Raspberry,2.0
3513,878.25,mRNA,mKalama1,1.0
3514,878.5,topo,topoI,0.25
3514,878.5,topo,gyrase,0.25
3514,878.5,RNAP,RNAP,1.0
3514,878.5,mRNA,tetA,10.0
3514,878.5,mRNA,Raspberry,2.0
3514,878.5,mRNA,mKalama1,1.0
3515,878.75,topo,topoI,0.25
3515,878.75,topo,gyrase,0.25
3515,878.75,RNAP,RNAP,1.0
3515,878.75,mRNA,tetA,10.0
3515,878.75,mRNA,Raspberry,2.0
3515,878.75,mRNA,mKalama1,1.0
3516,879.0,topo,topoI,0.25
3516,879.0,topo,gyrase,0.25
3516,879.0,RNAP,RNAP,1.0
3516,879.0,mRNA,tetA,10.0
3516,879.0,mRNA,Raspberry,2.0
3516,879.0,mRNA,mKalama1,1.0
3517,879.25,topo,topoI,0.25
3517,879.25,topo,gyrase,0.25
3517,879.25,RNAP,RNAP,1.0
3517,879.25,mRNA,tetA,10.0
3517,879.25,mRNA,Raspberry,2.0
3517,879.25,mRNA,mKalama1,1.0
3518,879.5,topo,topoI,0.25
3518,879.5,topo,gyrase,0.25
3518,879.5,RNAP,RNAP,1.0
3518,879.5,mRNA,tetA,10.0
3518,879.5,mRNA,Raspberry,2.0
3518,879.5,mRNA,mKalama1,1.0
3519,879.75,topo,topoI,0.25
3519,879.75,topo,gyrase,0.25
3519,879.75,RNAP,RNAP,1.0
3519,879.75,mRNA,tetA,10.0
3519,879.75,mRNA,Raspberry,2.0
3519,879.75,mRNA,mKalama1,1.0
3520,880.0,topo,topoI,0.25
3520,880.0,topo,gyrase,0.25
3520,880.0,RNAP,RNAP,1.0
3520,880.0,mRNA,tetA,10.0
3520,880.0,mRNA,Raspberry,2.0
3520,880.0,mRNA,mKalama1,1.0
3521,880.25,topo,topoI,0.25
3521,880.25,topo,gyrase,0.25
3521,880.25,RNAP,RNAP,1.0
3521,880.25,mRNA,tetA,10.0
3521,880.25,mRNA,Raspberry,2.0
3521,880.25,mRNA,mKalama1,1.0
3522,880.5,topo,topoI,0.25
3522,880.5,topo,gyrase,0.25
3522,880.5,RNAP,RNAP,1.0
3522,880.5,mRNA,tetA,10.0
3522,880.5,mRNA,Raspberry,2.0
3522,880.5,mRNA,mKalama1,1.0
3523,880.75,topo,topoI,0.25
3523,880.75,topo,gyrase,0.25
3523,880.75,RNAP,RNAP,1.0
3523,880.75,mRNA,tetA,10.0
3523,880.75,mRNA,Raspberry,2.0
3523,880.75,mRNA,mKalama1,1.0
3524,881.0,topo,topoI,0.25
3524,881.0,topo,gyrase,0.25
3524,881.0,RNAP,RNAP,1.0
3524,881.0,mRNA,tetA,10.0
3524,881.0,mRNA,Raspberry,2.0
3524,881.0,mRNA,mKalama1,1.0
3525,881.25,topo,topoI,0.25
3525,881.25,topo,gyrase,0.25
3525,881.25,RNAP,RNAP,1.0
3525,881.25,mRNA,tetA,10.0
3525,881.25,mRNA,Raspberry,2.0
3525,881.25,mRNA,mKalama1,1.0
3526,881.5,topo,topoI,0.25
3526,881.5,topo,gyrase,0.25
3526,881.5,RNAP,RNAP,1.0
3526,881.5,mRNA,tetA,10.0
3526,881.5,mRNA,Raspberry,2.0
3526,881.5,mRNA,mKalama1,1.0
3527,881.75,topo,topoI,0.25
3527,881.75,topo,gyrase,0.25
3527,881.75,RNAP,RNAP,1.0
3527,881.75,mRNA,tetA,10.0
3527,881.75,mRNA,Raspberry,2.0
3527,881.75,mRNA,mKalama1,1.0
3528,882.0,topo,topoI,0.25
3528,882.0,topo,gyrase,0.25
3528,882.0,RNAP,RNAP,1.0
3528,882.0,mRNA,tetA,10.0
3528,882.0,mRNA,Raspberry,2.0
3528,882.0,mRNA,mKalama1,1.0
3529,882.25,topo,topoI,0.25
3529,882.25,topo,gyrase,0.25
3529,882.25,RNAP,RNAP,1.0
3529,882.25,mRNA,tetA,10.0
3529,882.25,mRNA,Raspberry,2.0
3529,882.25,mRNA,mKalama1,1.0
3530,882.5,topo,topoI,0.25
3530,882.5,topo,gyrase,0.25
3530,882.5,RNAP,RNAP,1.0
3530,882.5,mRNA,tetA,10.0
3530,882.5,mRNA,Raspberry,2.0
3530,882.5,mRNA,mKalama1,1.0
3531,882.75,topo,topoI,0.25
3531,882.75,topo,gyrase,0.25
3531,882.75,RNAP,RNAP,1.0
3531,882.75,mRNA,tetA,10.0
3531,882.75,mRNA,Raspberry,2.0
3531,882.75,mRNA,mKalama1,1.0
3532,883.0,topo,topoI,0.25
3532,883.0,topo,gyrase,0.25
3532,883.0,RNAP,RNAP,1.0
3532,883.0,mRNA,tetA,10.0
3532,883.0,mRNA,Raspberry,2.0
3532,883.0,mRNA,mKalama1,1.0
3533,883.25,topo,topoI,0.25
3533,883.25,topo,gyrase,0.25
3533,883.25,RNAP,RNAP,1.0
3533,883.25,mRNA,tetA,10.0
3533,883.25,mRNA,Raspberry,2.0
3533,883.25,mRNA,mKalama1,1.0
3534,883.5,topo,topoI,0.25
3534,883.5,topo,gyrase,0.25
3534,883.5,RNAP,RNAP,1.0
3534,883.5,mRNA,tetA,10.0
3534,883.5,mRNA,Raspberry,2.0
3534,883.5,mRNA,mKalama1,1.0
3535,883.75,topo,topoI,0.25
3535,883.75,topo,gyrase,0.25
3535,883.75,RNAP,RNAP,1.0
3535,883.75,mRNA,tetA,10.0
3535,883.75,mRNA,Raspberry,2.0
3535,883.75,mRNA,mKalama1,1.0
3536,884.0,topo,topoI,0.25
3536,884.0,topo,gyrase,0.25
3536,884.0,RNAP,RNAP,1.0
3536,884.0,mRNA,tetA,10.0
3536,884.0,mRNA,Raspberry,2.0
3536,884.0,mRNA,mKalama1,1.0
3537,884.25,topo,topoI,0.25
3537,884.25,topo,gyrase,0.25
3537,884.25,RNAP,RNAP,1.0
3537,884.25,mRNA,tetA,10.0
3537,884.25,mRNA,Raspberry,2.0
3537,884.25,mRNA,mKalama1,1.0
3538,884.5,topo,topoI,0.25
3538,884.5,topo,gyrase,0.25
3538,884.5,RNAP,RNAP,1.0
3538,884.5,mRNA,tetA,10.0
3538,884.5,mRNA,Raspberry,2.0
3538,884.5,mRNA,mKalama1,1.0
3539,884.75,topo,topoI,0.25
3539,884.75,topo,gyrase,0.25
3539,884.75,RNAP,RNAP,1.0
3539,884.75,mRNA,tetA,10.0
3539,884.75,mRNA,Raspberry,2.0
3539,884.75,mRNA,mKalama1,1.0
3540,885.0,topo,topoI,0.25
3540,885.0,topo,gyrase,0.25
3540,885.0,RNAP,RNAP,1.0
3540,885.0,mRNA,tetA,10.0
3540,885.0,mRNA,Raspberry,2.0
3540,885.0,mRNA,mKalama1,1.0
3541,885.25,topo,topoI,0.25
3541,885.25,topo,gyrase,0.25
3541,885.25,RNAP,RNAP,1.0
3541,885.25,mRNA,tetA,10.0
3541,885.25,mRNA,Raspberry,2.0
3541,885.25,mRNA,mKalama1,1.0
3542,885.5,topo,topoI,0.25
3542,885.5,topo,gyrase,0.25
3542,885.5,RNAP,RNAP,1.0
3542,885.5,mRNA,tetA,10.0
3542,885.5,mRNA,Raspberry,2.0
3542,885.5,mRNA,mKalama1,1.0
3543,885.75,topo,topoI,0.25
3543,885.75,topo,gyrase,0.25
3543,885.75,RNAP,RNAP,1.0
3543,885.75,mRNA,tetA,10.0
3543,885.75,mRNA,Raspberry,2.0
3543,885.75,mRNA,mKalama1,1.0
3544,886.0,topo,topoI,0.25
3544,886.0,topo,gyrase,0.25
3544,886.0,RNAP,RNAP,1.0
3544,886.0,mRNA,tetA,10.0
3544,886.0,mRNA,Raspberry,2.0
3544,886.0,mRNA,mKalama1,1.0
3545,886.25,topo,topoI,0.25
3545,886.25,topo,gyrase,0.25
3545,886.25,RNAP,RNAP,1.0
3545,886.25,mRNA,tetA,10.0
3545,886.25,mRNA,Raspberry,2.0
3545,886.25,mRNA,mKalama1,1.0
3546,886.5,topo,topoI,0.25
3546,886.5,topo,gyrase,0.25
3546,886.5,RNAP,RNAP,1.0
3546,886.5,mRNA,tetA,10.0
3546,886.5,mRNA,Raspberry,2.0
3546,886.5,mRNA,mKalama1,1.0
3547,886.75,topo,topoI,0.25
3547,886.75,topo,gyrase,0.25
3547,886.75,RNAP,RNAP,1.0
3547,886.75,mRNA,tetA,10.0
3547,886.75,mRNA,Raspberry,2.0
3547,886.75,mRNA,mKalama1,1.0
3548,887.0,topo,topoI,0.25
3548,887.0,topo,gyrase,0.25
3548,887.0,RNAP,RNAP,1.0
3548,887.0,mRNA,tetA,10.0
3548,887.0,mRNA,Raspberry,2.0
3548,887.0,mRNA,mKalama1,1.0
3549,887.25,topo,topoI,0.25
3549,887.25,topo,gyrase,0.25
3549,887.25,RNAP,RNAP,1.0
3549,887.25,mRNA,tetA,10.0
3549,887.25,mRNA,Raspberry,2.0
3549,887.25,mRNA,mKalama1,1.0
3550,887.5,topo,topoI,0.25
3550,887.5,topo,gyrase,0.25
3550,887.5,RNAP,RNAP,1.0
3550,887.5,mRNA,tetA,10.0
3550,887.5,mRNA,Raspberry,2.0
3550,887.5,mRNA,mKalama1,1.0
3551,887.75,topo,topoI,0.25
3551,887.75,topo,gyrase,0.25
3551,887.75,RNAP,RNAP,1.0
3551,887.75,mRNA,tetA,10.0
3551,887.75,mRNA,Raspberry,2.0
3551,887.75,mRNA,mKalama1,1.0
3552,888.0,topo,topoI,0.25
3552,888.0,topo,gyrase,0.25
3552,888.0,RNAP,RNAP,1.0
3552,888.0,mRNA,tetA,10.0
3552,888.0,mRNA,Raspberry,2.0
3552,888.0,mRNA,mKalama1,1.0
3553,888.25,topo,topoI,0.25
3553,888.25,topo,gyrase,0.25
3553,888.25,RNAP,RNAP,1.0
3553,888.25,mRNA,tetA,10.0
3553,888.25,mRNA,Raspberry,2.0
3553,888.25,mRNA,mKalama1,1.0
3554,888.5,topo,topoI,0.25
3554,888.5,topo,gyrase,0.25
3554,888.5,RNAP,RNAP,1.0
3554,888.5,mRNA,tetA,10.0
3554,888.5,mRNA,Raspberry,2.0
3554,888.5,mRNA,mKalama1,1.0
3555,888.75,topo,topoI,0.25
3555,888.75,topo,gyrase,0.25
3555,888.75,RNAP,RNAP,1.0
3555,888.75,mRNA,tetA,10.0
3555,888.75,mRNA,Raspberry,2.0
3555,888.75,mRNA,mKalama1,1.0
3556,889.0,topo,topoI,0.25
3556,889.0,topo,gyrase,0.25
3556,889.0,RNAP,RNAP,1.0
3556,889.0,mRNA,tetA,10.0
3556,889.0,mRNA,Raspberry,2.0
3556,889.0,mRNA,mKalama1,1.0
3557,889.25,topo,topoI,0.25
3557,889.25,topo,gyrase,0.25
3557,889.25,RNAP,RNAP,1.0
3557,889.25,mRNA,tetA,10.0
3557,889.25,mRNA,Raspberry,2.0
3557,889.25,mRNA,mKalama1,1.0
3558,889.5,topo,topoI,0.25
3558,889.5,topo,gyrase,0.25
3558,889.5,RNAP,RNAP,1.0
3558,889.5,mRNA,tetA,10.0
3558,889.5,mRNA,Raspberry,2.0
3558,889.5,mRNA,mKalama1,1.0
3559,889.75,topo,topoI,0.25
3559,889.75,topo,gyrase,0.25
3559,889.75,RNAP,RNAP,1.0
3559,889.75,mRNA,tetA,10.0
3559,889.75,mRNA,Raspberry,2.0
3559,889.75,mRNA,mKalama1,1.0
3560,890.0,topo,topoI,0.25
3560,890.0,topo,gyrase,0.25
3560,890.0,RNAP,RNAP,1.0
3560,890.0,mRNA,tetA,10.0
3560,890.0,mRNA,Raspberry,2.0
3560,890.0,mRNA,mKalama1,1.0
3561,890.25,topo,topoI,0.25
3561,890.25,topo,gyrase,0.25
3561,890.25,RNAP,RNAP,1.0
3561,890.25,mRNA,tetA,10.0
3561,890.25,mRNA,Raspberry,2.0
3561,890.25,mRNA,mKalama1,1.0
3562,890.5,topo,topoI,0.25
3562,890.5,topo,gyrase,0.25
3562,890.5,RNAP,RNAP,1.0
3562,890.5,mRNA,tetA,10.0
3562,890.5,mRNA,Raspberry,2.0
3562,890.5,mRNA,mKalama1,1.0
3563,890.75,topo,topoI,0.25
3563,890.75,topo,gyrase,0.25
3563,890.75,RNAP,RNAP,1.0
3563,890.75,mRNA,tetA,10.0
3563,890.75,mRNA,Raspberry,2.0
3563,890.75,mRNA,mKalama1,1.0
3564,891.0,topo,topoI,0.25
3564,891.0,topo,gyrase,0.25
3564,891.0,RNAP,RNAP,1.0
3564,891.0,mRNA,tetA,10.0
3564,891.0,mRNA,Raspberry,2.0
3564,891.0,mRNA,mKalama1,1.0
3565,891.25,topo,topoI,0.25
3565,891.25,topo,gyrase,0.25
3565,891.25,RNAP,RNAP,1.0
3565,891.25,mRNA,tetA,10.0
3565,891.25,mRNA,Raspberry,2.0
3565,891.25,mRNA,mKalama1,1.0
3566,891.5,topo,topoI,0.25
3566,891.5,topo,gyrase,0.25
3566,891.5,RNAP,RNAP,1.0
3566,891.5,mRNA,tetA,10.0
3566,891.5,mRNA,Raspberry,2.0
3566,891.5,mRNA,mKalama1,1.0
3567,891.75,topo,topoI,0.25
3567,891.75,topo,gyrase,0.25
3567,891.75,RNAP,RNAP,1.0
3567,891.75,mRNA,tetA,10.0
3567,891.75,mRNA,Raspberry,2.0
3567,891.75,mRNA,mKalama1,1.0
3568,892.0,topo,topoI,0.25
3568,892.0,topo,gyrase,0.25
3568,892.0,RNAP,RNAP,1.0
3568,892.0,mRNA,tetA,10.0
3568,892.0,mRNA,Raspberry,2.0
3568,892.0,mRNA,mKalama1,1.0
3569,892.25,topo,topoI,0.25
3569,892.25,topo,gyrase,0.25
3569,892.25,RNAP,RNAP,1.0
3569,892.25,mRNA,tetA,10.0
3569,892.25,mRNA,Raspberry,2.0
3569,892.25,mRNA,mKalama1,1.0
3570,892.5,topo,topoI,0.25
3570,892.5,topo,gyrase,0.25
3570,892.5,RNAP,RNAP,1.0
3570,892.5,mRNA,tetA,10.0
3570,892.5,mRNA,Raspberry,2.0
3570,892.5,mRNA,mKalama1,1.0
3571,892.75,topo,topoI,0.25
3571,892.75,topo,gyrase,0.25
3571,892.75,RNAP,RNAP,1.0
3571,892.75,mRNA,tetA,10.0
3571,892.75,mRNA,Raspberry,2.0
3571,892.75,mRNA,mKalama1,1.0
3572,893.0,topo,topoI,0.25
3572,893.0,topo,gyrase,0.25
3572,893.0,RNAP,RNAP,1.0
3572,893.0,mRNA,tetA,10.0
3572,893.0,mRNA,Raspberry,2.0
3572,893.0,mRNA,mKalama1,1.0
3573,893.25,topo,topoI,0.25
3573,893.25,topo,gyrase,0.25
3573,893.25,RNAP,RNAP,1.0
3573,893.25,mRNA,tetA,10.0
3573,893.25,mRNA,Raspberry,2.0
3573,893.25,mRNA,mKalama1,1.0
3574,893.5,topo,topoI,0.25
3574,893.5,topo,gyrase,0.25
3574,893.5,RNAP,RNAP,1.0
3574,893.5,mRNA,tetA,10.0
3574,893.5,mRNA,Raspberry,2.0
3574,893.5,mRNA,mKalama1,1.0
3575,893.75,topo,topoI,0.25
3575,893.75,topo,gyrase,0.25
3575,893.75,RNAP,RNAP,1.0
3575,893.75,mRNA,tetA,10.0
3575,893.75,mRNA,Raspberry,2.0
3575,893.75,mRNA,mKalama1,1.0
3576,894.0,topo,topoI,0.25
3576,894.0,topo,gyrase,0.25
3576,894.0,RNAP,RNAP,1.0
3576,894.0,mRNA,tetA,11.0
3576,894.0,mRNA,Raspberry,2.0
3576,894.0,mRNA,mKalama1,1.0
3577,894.25,topo,topoI,0.25
3577,894.25,topo,gyrase,0.25
3577,894.25,RNAP,RNAP,1.0
3577,894.25,mRNA,tetA,11.0
3577,894.25,mRNA,Raspberry,2.0
3577,894.25,mRNA,mKalama1,1.0
3578,894.5,topo,topoI,0.25
3578,894.5,topo,gyrase,0.25
3578,894.5,RNAP,RNAP,1.0
3578,894.5,mRNA,tetA,11.0
3578,894.5,mRNA,Raspberry,2.0
3578,894.5,mRNA,mKalama1,1.0
3579,894.75,topo,topoI,0.25
3579,894.75,topo,gyrase,0.25
3579,894.75,RNAP,RNAP,1.0
3579,894.75,mRNA,tetA,11.0
3579,894.75,mRNA,Raspberry,2.0
3579,894.75,mRNA,mKalama1,1.0
3580,895.0,topo,topoI,0.25
3580,895.0,topo,gyrase,0.25
3580,895.0,RNAP,RNAP,1.0
3580,895.0,mRNA,tetA,11.0
3580,895.0,mRNA,Raspberry,2.0
3580,895.0,mRNA,mKalama1,1.0
3581,895.25,topo,topoI,0.25
3581,895.25,topo,gyrase,0.25
3581,895.25,RNAP,RNAP,1.0
3581,895.25,mRNA,tetA,11.0
3581,895.25,mRNA,Raspberry,2.0
3581,895.25,mRNA,mKalama1,1.0
3582,895.5,topo,topoI,0.25
3582,895.5,topo,gyrase,0.25
3582,895.5,RNAP,RNAP,1.0
3582,895.5,mRNA,tetA,11.0
3582,895.5,mRNA,Raspberry,2.0
3582,895.5,mRNA,mKalama1,1.0
3583,895.75,topo,topoI,0.25
3583,895.75,topo,gyrase,0.25
3583,895.75,RNAP,RNAP,1.0
3583,895.75,mRNA,tetA,11.0
3583,895.75,mRNA,Raspberry,2.0
3583,895.75,mRNA,mKalama1,1.0
3584,896.0,topo,topoI,0.25
3584,896.0,topo,gyrase,0.25
3584,896.0,RNAP,RNAP,1.0
3584,896.0,mRNA,tetA,11.0
3584,896.0,mRNA,Raspberry,2.0
3584,896.0,mRNA,mKalama1,1.0
3585,896.25,topo,topoI,0.25
3585,896.25,topo,gyrase,0.25
3585,896.25,RNAP,RNAP,1.0
3585,896.25,mRNA,tetA,11.0
3585,896.25,mRNA,Raspberry,2.0
3585,896.25,mRNA,mKalama1,1.0
3586,896.5,topo,topoI,0.25
3586,896.5,topo,gyrase,0.25
3586,896.5,RNAP,RNAP,1.0
3586,896.5,mRNA,tetA,11.0
3586,896.5,mRNA,Raspberry,2.0
3586,896.5,mRNA,mKalama1,1.0
3587,896.75,topo,topoI,0.25
3587,896.75,topo,gyrase,0.25
3587,896.75,RNAP,RNAP,1.0
3587,896.75,mRNA,tetA,11.0
3587,896.75,mRNA,Raspberry,2.0
3587,896.75,mRNA,mKalama1,1.0
3588,897.0,topo,topoI,0.25
3588,897.0,topo,gyrase,0.25
3588,897.0,RNAP,RNAP,1.0
3588,897.0,mRNA,tetA,11.0
3588,897.0,mRNA,Raspberry,2.0
3588,897.0,mRNA,mKalama1,1.0
3589,897.25,topo,topoI,0.25
3589,897.25,topo,gyrase,0.25
3589,897.25,RNAP,RNAP,1.0
3589,897.25,mRNA,tetA,11.0
3589,897.25,mRNA,Raspberry,2.0
3589,897.25,mRNA,mKalama1,1.0
3590,897.5,topo,topoI,0.25
3590,897.5,topo,gyrase,0.25
3590,897.5,RNAP,RNAP,1.0
3590,897.5,mRNA,tetA,11.0
3590,897.5,mRNA,Raspberry,2.0
3590,897.5,mRNA,mKalama1,1.0
3591,897.75,topo,topoI,0.25
3591,897.75,topo,gyrase,0.25
3591,897.75,RNAP,RNAP,1.0
3591,897.75,mRNA,tetA,11.0
3591,897.75,mRNA,Raspberry,2.0
3591,897.75,mRNA,mKalama1,1.0
3592,898.0,topo,topoI,0.25
3592,898.0,topo,gyrase,0.25
3592,898.0,RNAP,RNAP,1.0
3592,898.0,mRNA,tetA,11.0
3592,898.0,mRNA,Raspberry,2.0
3592,898.0,mRNA,mKalama1,1.0
3593,898.25,topo,topoI,0.25
3593,898.25,topo,gyrase,0.25
3593,898.25,RNAP,RNAP,1.0
3593,898.25,mRNA,tetA,11.0
3593,898.25,mRNA,Raspberry,2.0
3593,898.25,mRNA,mKalama1,1.0
3594,898.5,topo,topoI,0.25
3594,898.5,topo,gyrase,0.25
3594,898.5,RNAP,RNAP,1.0
3594,898.5,mRNA,tetA,11.0
3594,898.5,mRNA,Raspberry,2.0
3594,898.5,mRNA,mKalama1,1.0
3595,898.75,topo,topoI,0.25
3595,898.75,topo,gyrase,0.25
3595,898.75,RNAP,RNAP,1.0
3595,898.75,mRNA,tetA,11.0
3595,898.75,mRNA,Raspberry,2.0
3595,898.75,mRNA,mKalama1,1.0
3596,899.0,topo,topoI,0.25
3596,899.0,topo,gyrase,0.25
3596,899.0,RNAP,RNAP,1.0
3596,899.0,mRNA,tetA,11.0
3596,899.0,mRNA,Raspberry,2.0
3596,899.0,mRNA,mKalama1,1.0
3597,899.25,topo,topoI,0.25
3597,899.25,topo,gyrase,0.25
3597,899.25,RNAP,RNAP,1.0
3597,899.25,mRNA,tetA,11.0
3597,899.25,mRNA,Raspberry,2.0
3597,899.25,mRNA,mKalama1,1.0
3598,899.5,topo,topoI,0.25
3598,899.5,topo,gyrase,0.25
3598,899.5,RNAP,RNAP,1.0
3598,899.5,mRNA,tetA,11.0
3598,899.5,mRNA,Raspberry,2.0
3598,899.5,mRNA,mKalama1,1.0
3599,899.75,topo,topoI,0.25
3599,899.75,topo,gyrase,0.25
3599,899.75,RNAP,RNAP,1.0
3599,899.75,mRNA,tetA,11.0
3599,899.75,mRNA,Raspberry,2.0
3599,899.75,mRNA,mKalama1,1.0
3600,900.0,topo,topoI,0.25
3600,900.0,topo,gyrase,0.25
3600,900.0,RNAP,RNAP,1.0
3600,900.0,mRNA,tetA,11.0
3600,900.0,mRNA,Raspberry,2.0
3600,900.0,mRNA,mKalama1,1.0
3601,900.25,topo,topoI,0.25
3601,900.25,topo,gyrase,0.25
3601,900.25,RNAP,RNAP,1.0
3601,900.25,mRNA,tetA,11.0
3601,900.25,mRNA,Raspberry,2.0
3601,900.25,mRNA,mKalama1,1.0
3602,900.5,topo,topoI,0.25
3602,900.5,topo,gyrase,0.25
3602,900.5,RNAP,RNAP,1.0
3602,900.5,mRNA,tetA,11.0
3602,900.5,mRNA,Raspberry,2.0
3602,900.5,mRNA,mKalama1,1.0
3603,900.75,topo,topoI,0.25
3603,900.75,topo,gyrase,0.25
3603,900.75,RNAP,RNAP,1.0
3603,900.75,mRNA,tetA,11.0
3603,900.75,mRNA,Raspberry,2.0
3603,900.75,mRNA,mKalama1,1.0
3604,901.0,topo,topoI,0.25
3604,901.0,topo,gyrase,0.25
3604,901.0,RNAP,RNAP,1.0
3604,901.0,mRNA,tetA,11.0
3604,901.0,mRNA,Raspberry,2.0
3604,901.0,mRNA,mKalama1,1.0
3605,901.25,topo,topoI,0.25
3605,901.25,topo,gyrase,0.25
3605,901.25,RNAP,RNAP,1.0
3605,901.25,mRNA,tetA,11.0
3605,901.25,mRNA,Raspberry,2.0
3605,901.25,mRNA,mKalama1,1.0
3606,901.5,topo,topoI,0.25
3606,901.5,topo,gyrase,0.25
3606,901.5,RNAP,RNAP,1.0
3606,901.5,mRNA,tetA,11.0
3606,901.5,mRNA,Raspberry,2.0
3606,901.5,mRNA,mKalama1,1.0
3607,901.75,topo,topoI,0.25
3607,901.75,topo,gyrase,0.25
3607,901.75,RNAP,RNAP,1.0
3607,901.75,mRNA,tetA,11.0
3607,901.75,mRNA,Raspberry,2.0
3607,901.75,mRNA,mKalama1,1.0
3608,902.0,topo,topoI,0.25
3608,902.0,topo,gyrase,0.25
3608,902.0,RNAP,RNAP,1.0
3608,902.0,mRNA,tetA,11.0
3608,902.0,mRNA,Raspberry,2.0
3608,902.0,mRNA,mKalama1,1.0
3609,902.25,topo,topoI,0.25
3609,902.25,topo,gyrase,0.25
3609,902.25,RNAP,RNAP,1.0
3609,902.25,mRNA,tetA,11.0
3609,902.25,mRNA,Raspberry,2.0
3609,902.25,mRNA,mKalama1,1.0
3610,902.5,topo,topoI,0.25
3610,902.5,topo,gyrase,0.25
3610,902.5,RNAP,RNAP,1.0
3610,902.5,mRNA,tetA,11.0
3610,902.5,mRNA,Raspberry,2.0
3610,902.5,mRNA,mKalama1,1.0
3611,902.75,topo,topoI,0.25
3611,902.75,topo,gyrase,0.25
3611,902.75,RNAP,RNAP,1.0
3611,902.75,mRNA,tetA,11.0
3611,902.75,mRNA,Raspberry,2.0
3611,902.75,mRNA,mKalama1,1.0
3612,903.0,topo,topoI,0.25
3612,903.0,topo,gyrase,0.25
3612,903.0,RNAP,RNAP,1.0
3612,903.0,mRNA,tetA,11.0
3612,903.0,mRNA,Raspberry,2.0
3612,903.0,mRNA,mKalama1,1.0
3613,903.25,topo,topoI,0.25
3613,903.25,topo,gyrase,0.25
3613,903.25,RNAP,RNAP,1.0
3613,903.25,mRNA,tetA,11.0
3613,903.25,mRNA,Raspberry,2.0
3613,903.25,mRNA,mKalama1,1.0
3614,903.5,topo,topoI,0.25
3614,903.5,topo,gyrase,0.25
3614,903.5,RNAP,RNAP,1.0
3614,903.5,mRNA,tetA,11.0
3614,903.5,mRNA,Raspberry,2.0
3614,903.5,mRNA,mKalama1,1.0
3615,903.75,topo,topoI,0.25
3615,903.75,topo,gyrase,0.25
3615,903.75,RNAP,RNAP,1.0
3615,903.75,mRNA,tetA,11.0
3615,903.75,mRNA,Raspberry,2.0
3615,903.75,mRNA,mKalama1,1.0
3616,904.0,topo,topoI,0.25
3616,904.0,topo,gyrase,0.25
3616,904.0,RNAP,RNAP,1.0
3616,904.0,mRNA,tetA,11.0
3616,904.0,mRNA,Raspberry,2.0
3616,904.0,mRNA,mKalama1,1.0
3617,904.25,topo,topoI,0.25
3617,904.25,topo,gyrase,0.25
3617,904.25,RNAP,RNAP,1.0
3617,904.25,mRNA,tetA,11.0
3617,904.25,mRNA,Raspberry,2.0
3617,904.25,mRNA,mKalama1,1.0
3618,904.5,topo,topoI,0.25
3618,904.5,topo,gyrase,0.25
3618,904.5,RNAP,RNAP,1.0
3618,904.5,mRNA,tetA,11.0
3618,904.5,mRNA,Raspberry,2.0
3618,904.5,mRNA,mKalama1,1.0
3619,904.75,topo,topoI,0.25
3619,904.75,topo,gyrase,0.25
3619,904.75,RNAP,RNAP,1.0
3619,904.75,mRNA,tetA,11.0
3619,904.75,mRNA,Raspberry,2.0
3619,904.75,mRNA,mKalama1,1.0
3620,905.0,topo,topoI,0.25
3620,905.0,topo,gyrase,0.25
3620,905.0,RNAP,RNAP,1.0
3620,905.0,mRNA,tetA,11.0
3620,905.0,mRNA,Raspberry,2.0
3620,905.0,mRNA,mKalama1,1.0
3621,905.25,topo,topoI,0.25
3621,905.25,topo,gyrase,0.25
3621,905.25,RNAP,RNAP,1.0
3621,905.25,mRNA,tetA,11.0
3621,905.25,mRNA,Raspberry,2.0
3621,905.25,mRNA,mKalama1,1.0
3622,905.5,topo,topoI,0.25
3622,905.5,topo,gyrase,0.25
3622,905.5,RNAP,RNAP,1.0
3622,905.5,mRNA,tetA,11.0
3622,905.5,mRNA,Raspberry,2.0
3622,905.5,mRNA,mKalama1,1.0
3623,905.75,topo,topoI,0.25
3623,905.75,topo,gyrase,0.25
3623,905.75,RNAP,RNAP,1.0
3623,905.75,mRNA,tetA,11.0
3623,905.75,mRNA,Raspberry,2.0
3623,905.75,mRNA,mKalama1,1.0
3624,906.0,topo,topoI,0.25
3624,906.0,topo,gyrase,0.25
3624,906.0,RNAP,RNAP,1.0
3624,906.0,mRNA,tetA,11.0
3624,906.0,mRNA,Raspberry,2.0
3624,906.0,mRNA,mKalama1,1.0
3625,906.25,topo,topoI,0.25
3625,906.25,topo,gyrase,0.25
3625,906.25,RNAP,RNAP,1.0
3625,906.25,mRNA,tetA,11.0
3625,906.25,mRNA,Raspberry,2.0
3625,906.25,mRNA,mKalama1,1.0
3626,906.5,topo,topoI,0.25
3626,906.5,topo,gyrase,0.25
3626,906.5,RNAP,RNAP,1.0
3626,906.5,mRNA,tetA,11.0
3626,906.5,mRNA,Raspberry,2.0
3626,906.5,mRNA,mKalama1,1.0
3627,906.75,topo,topoI,0.25
3627,906.75,topo,gyrase,0.25
3627,906.75,RNAP,RNAP,1.0
3627,906.75,mRNA,tetA,11.0
3627,906.75,mRNA,Raspberry,2.0
3627,906.75,mRNA,mKalama1,1.0
3628,907.0,topo,topoI,0.25
3628,907.0,topo,gyrase,0.25
3628,907.0,RNAP,RNAP,1.0
3628,907.0,mRNA,tetA,11.0
3628,907.0,mRNA,Raspberry,2.0
3628,907.0,mRNA,mKalama1,1.0
3629,907.25,topo,topoI,0.25
3629,907.25,topo,gyrase,0.25
3629,907.25,RNAP,RNAP,1.0
3629,907.25,mRNA,tetA,11.0
3629,907.25,mRNA,Raspberry,2.0
3629,907.25,mRNA,mKalama1,1.0
3630,907.5,topo,topoI,0.25
3630,907.5,topo,gyrase,0.25
3630,907.5,RNAP,RNAP,1.0
3630,907.5,mRNA,tetA,11.0
3630,907.5,mRNA,Raspberry,2.0
3630,907.5,mRNA,mKalama1,1.0
3631,907.75,topo,topoI,0.25
3631,907.75,topo,gyrase,0.25
3631,907.75,RNAP,RNAP,1.0
3631,907.75,mRNA,tetA,11.0
3631,907.75,mRNA,Raspberry,2.0
3631,907.75,mRNA,mKalama1,1.0
3632,908.0,topo,topoI,0.25
3632,908.0,topo,gyrase,0.25
3632,908.0,RNAP,RNAP,1.0
3632,908.0,mRNA,tetA,11.0
3632,908.0,mRNA,Raspberry,2.0
3632,908.0,mRNA,mKalama1,1.0
3633,908.25,topo,topoI,0.25
3633,908.25,topo,gyrase,0.25
3633,908.25,RNAP,RNAP,1.0
3633,908.25,mRNA,tetA,11.0
3633,908.25,mRNA,Raspberry,2.0
3633,908.25,mRNA,mKalama1,1.0
3634,908.5,topo,topoI,0.25
3634,908.5,topo,gyrase,0.25
3634,908.5,RNAP,RNAP,1.0
3634,908.5,mRNA,tetA,11.0
3634,908.5,mRNA,Raspberry,2.0
3634,908.5,mRNA,mKalama1,1.0
3635,908.75,topo,topoI,0.25
3635,908.75,topo,gyrase,0.25
3635,908.75,RNAP,RNAP,1.0
3635,908.75,mRNA,tetA,11.0
3635,908.75,mRNA,Raspberry,2.0
3635,908.75,mRNA,mKalama1,1.0
3636,909.0,topo,topoI,0.25
3636,909.0,topo,gyrase,0.25
3636,909.0,RNAP,RNAP,1.0
3636,909.0,mRNA,tetA,11.0
3636,909.0,mRNA,Raspberry,2.0
3636,909.0,mRNA,mKalama1,1.0
3637,909.25,topo,topoI,0.25
3637,909.25,topo,gyrase,0.25
3637,909.25,RNAP,RNAP,1.0
3637,909.25,mRNA,tetA,11.0
3637,909.25,mRNA,Raspberry,2.0
3637,909.25,mRNA,mKalama1,1.0
3638,909.5,topo,topoI,0.25
3638,909.5,topo,gyrase,0.25
3638,909.5,RNAP,RNAP,1.0
3638,909.5,mRNA,tetA,11.0
3638,909.5,mRNA,Raspberry,2.0
3638,909.5,mRNA,mKalama1,1.0
3639,909.75,topo,topoI,0.25
3639,909.75,topo,gyrase,0.25
3639,909.75,RNAP,RNAP,1.0
3639,909.75,mRNA,tetA,11.0
3639,909.75,mRNA,Raspberry,2.0
3639,909.75,mRNA,mKalama1,1.0
3640,910.0,topo,topoI,0.25
3640,910.0,topo,gyrase,0.25
3640,910.0,RNAP,RNAP,1.0
3640,910.0,mRNA,tetA,11.0
3640,910.0,mRNA,Raspberry,2.0
3640,910.0,mRNA,mKalama1,1.0
3641,910.25,topo,topoI,0.25
3641,910.25,topo,gyrase,0.25
3641,910.25,RNAP,RNAP,1.0
3641,910.25,mRNA,tetA,11.0
3641,910.25,mRNA,Raspberry,2.0
3641,910.25,mRNA,mKalama1,1.0
3642,910.5,topo,topoI,0.25
3642,910.5,topo,gyrase,0.25
3642,910.5,RNAP,RNAP,1.0
3642,910.5,mRNA,tetA,11.0
3642,910.5,mRNA,Raspberry,2.0
3642,910.5,mRNA,mKalama1,1.0
3643,910.75,topo,topoI,0.25
3643,910.75,topo,gyrase,0.25
3643,910.75,RNAP,RNAP,1.0
3643,910.75,mRNA,tetA,11.0
3643,910.75,mRNA,Raspberry,2.0
3643,910.75,mRNA,mKalama1,1.0
3644,911.0,topo,topoI,0.25
3644,911.0,topo,gyrase,0.25
3644,911.0,RNAP,RNAP,1.0
3644,911.0,mRNA,tetA,11.0
3644,911.0,mRNA,Raspberry,2.0
3644,911.0,mRNA,mKalama1,1.0
3645,911.25,topo,topoI,0.25
3645,911.25,topo,gyrase,0.25
3645,911.25,RNAP,RNAP,1.0
3645,911.25,mRNA,tetA,11.0
3645,911.25,mRNA,Raspberry,2.0
3645,911.25,mRNA,mKalama1,1.0
3646,911.5,topo,topoI,0.25
3646,911.5,topo,gyrase,0.25
3646,911.5,RNAP,RNAP,1.0
3646,911.5,mRNA,tetA,11.0
3646,911.5,mRNA,Raspberry,2.0
3646,911.5,mRNA,mKalama1,1.0
3647,911.75,topo,topoI,0.25
3647,911.75,topo,gyrase,0.25
3647,911.75,RNAP,RNAP,1.0
3647,911.75,mRNA,tetA,11.0
3647,911.75,mRNA,Raspberry,2.0
3647,911.75,mRNA,mKalama1,1.0
3648,912.0,topo,topoI,0.25
3648,912.0,topo,gyrase,0.25
3648,912.0,RNAP,RNAP,1.0
3648,912.0,mRNA,tetA,11.0
3648,912.0,mRNA,Raspberry,2.0
3648,912.0,mRNA,mKalama1,1.0
3649,912.25,topo,topoI,0.25
3649,912.25,topo,gyrase,0.25
3649,912.25,RNAP,RNAP,1.0
3649,912.25,mRNA,tetA,11.0
3649,912.25,mRNA,Raspberry,2.0
3649,912.25,mRNA,mKalama1,1.0
3650,912.5,topo,topoI,0.25
3650,912.5,topo,gyrase,0.25
3650,912.5,RNAP,RNAP,1.0
3650,912.5,mRNA,tetA,11.0
3650,912.5,mRNA,Raspberry,2.0
3650,912.5,mRNA,mKalama1,1.0
3651,912.75,topo,topoI,0.25
3651,912.75,topo,gyrase,0.25
3651,912.75,RNAP,RNAP,1.0
3651,912.75,mRNA,tetA,11.0
3651,912.75,mRNA,Raspberry,2.0
3651,912.75,mRNA,mKalama1,1.0
3652,913.0,topo,topoI,0.25
3652,913.0,topo,gyrase,0.25
3652,913.0,RNAP,RNAP,1.0
3652,913.0,mRNA,tetA,11.0
3652,913.0,mRNA,Raspberry,2.0
3652,913.0,mRNA,mKalama1,1.0
3653,913.25,topo,topoI,0.25
3653,913.25,topo,gyrase,0.25
3653,913.25,RNAP,RNAP,1.0
3653,913.25,mRNA,tetA,11.0
3653,913.25,mRNA,Raspberry,2.0
3653,913.25,mRNA,mKalama1,1.0
3654,913.5,topo,topoI,0.25
3654,913.5,topo,gyrase,0.25
3654,913.5,RNAP,RNAP,1.0
3654,913.5,mRNA,tetA,11.0
3654,913.5,mRNA,Raspberry,2.0
3654,913.5,mRNA,mKalama1,1.0
3655,913.75,topo,topoI,0.25
3655,913.75,topo,gyrase,0.25
3655,913.75,RNAP,RNAP,1.0
3655,913.75,mRNA,tetA,11.0
3655,913.75,mRNA,Raspberry,2.0
3655,913.75,mRNA,mKalama1,1.0
3656,914.0,topo,topoI,0.25
3656,914.0,topo,gyrase,0.25
3656,914.0,RNAP,RNAP,1.0
3656,914.0,mRNA,tetA,11.0
3656,914.0,mRNA,Raspberry,2.0
3656,914.0,mRNA,mKalama1,1.0
3657,914.25,topo,topoI,0.25
3657,914.25,topo,gyrase,0.25
3657,914.25,RNAP,RNAP,1.0
3657,914.25,mRNA,tetA,11.0
3657,914.25,mRNA,Raspberry,2.0
3657,914.25,mRNA,mKalama1,1.0
3658,914.5,topo,topoI,0.25
3658,914.5,topo,gyrase,0.25
3658,914.5,RNAP,RNAP,1.0
3658,914.5,mRNA,tetA,11.0
3658,914.5,mRNA,Raspberry,2.0
3658,914.5,mRNA,mKalama1,1.0
3659,914.75,topo,topoI,0.25
3659,914.75,topo,gyrase,0.25
3659,914.75,RNAP,RNAP,1.0
3659,914.75,mRNA,tetA,11.0
3659,914.75,mRNA,Raspberry,2.0
3659,914.75,mRNA,mKalama1,1.0
3660,915.0,topo,topoI,0.25
3660,915.0,topo,gyrase,0.25
3660,915.0,RNAP,RNAP,1.0
3660,915.0,mRNA,tetA,11.0
3660,915.0,mRNA,Raspberry,2.0
3660,915.0,mRNA,mKalama1,1.0
3661,915.25,topo,topoI,0.25
3661,915.25,topo,gyrase,0.25
3661,915.25,RNAP,RNAP,1.0
3661,915.25,mRNA,tetA,11.0
3661,915.25,mRNA,Raspberry,2.0
3661,915.25,mRNA,mKalama1,1.0
3662,915.5,topo,topoI,0.25
3662,915.5,topo,gyrase,0.25
3662,915.5,RNAP,RNAP,1.0
3662,915.5,mRNA,tetA,11.0
3662,915.5,mRNA,Raspberry,2.0
3662,915.5,mRNA,mKalama1,1.0
3663,915.75,topo,topoI,0.25
3663,915.75,topo,gyrase,0.25
3663,915.75,RNAP,RNAP,1.0
3663,915.75,mRNA,tetA,11.0
3663,915.75,mRNA,Raspberry,2.0
3663,915.75,mRNA,mKalama1,1.0
3664,916.0,topo,topoI,0.25
3664,916.0,topo,gyrase,0.25
3664,916.0,RNAP,RNAP,1.0
3664,916.0,mRNA,tetA,11.0
3664,916.0,mRNA,Raspberry,2.0
3664,916.0,mRNA,mKalama1,1.0
3665,916.25,topo,topoI,0.25
3665,916.25,topo,gyrase,0.25
3665,916.25,RNAP,RNAP,1.0
3665,916.25,mRNA,tetA,11.0
3665,916.25,mRNA,Raspberry,2.0
3665,916.25,mRNA,mKalama1,1.0
3666,916.5,topo,topoI,0.25
3666,916.5,topo,gyrase,0.25
3666,916.5,RNAP,RNAP,1.0
3666,916.5,mRNA,tetA,11.0
3666,916.5,mRNA,Raspberry,2.0
3666,916.5,mRNA,mKalama1,1.0
3667,916.75,topo,topoI,0.25
3667,916.75,topo,gyrase,0.25
3667,916.75,RNAP,RNAP,1.0
3667,916.75,mRNA,tetA,11.0
3667,916.75,mRNA,Raspberry,2.0
3667,916.75,mRNA,mKalama1,1.0
3668,917.0,topo,topoI,0.25
3668,917.0,topo,gyrase,0.25
3668,917.0,RNAP,RNAP,1.0
3668,917.0,mRNA,tetA,11.0
3668,917.0,mRNA,Raspberry,2.0
3668,917.0,mRNA,mKalama1,1.0
3669,917.25,topo,topoI,0.25
3669,917.25,topo,gyrase,0.25
3669,917.25,RNAP,RNAP,1.0
3669,917.25,mRNA,tetA,11.0
3669,917.25,mRNA,Raspberry,2.0
3669,917.25,mRNA,mKalama1,1.0
3670,917.5,topo,topoI,0.25
3670,917.5,topo,gyrase,0.25
3670,917.5,RNAP,RNAP,1.0
3670,917.5,mRNA,tetA,11.0
3670,917.5,mRNA,Raspberry,2.0
3670,917.5,mRNA,mKalama1,1.0
3671,917.75,topo,topoI,0.25
3671,917.75,topo,gyrase,0.25
3671,917.75,RNAP,RNAP,1.0
3671,917.75,mRNA,tetA,11.0
3671,917.75,mRNA,Raspberry,2.0
3671,917.75,mRNA,mKalama1,1.0
3672,918.0,topo,topoI,0.25
3672,918.0,topo,gyrase,0.25
3672,918.0,RNAP,RNAP,1.0
3672,918.0,mRNA,tetA,11.0
3672,918.0,mRNA,Raspberry,2.0
3672,918.0,mRNA,mKalama1,1.0
3673,918.25,topo,topoI,0.25
3673,918.25,topo,gyrase,0.25
3673,918.25,RNAP,RNAP,1.0
3673,918.25,mRNA,tetA,11.0
3673,918.25,mRNA,Raspberry,2.0
3673,918.25,mRNA,mKalama1,1.0
3674,918.5,topo,topoI,0.25
3674,918.5,topo,gyrase,0.25
3674,918.5,RNAP,RNAP,1.0
3674,918.5,mRNA,tetA,11.0
3674,918.5,mRNA,Raspberry,2.0
3674,918.5,mRNA,mKalama1,1.0
3675,918.75,topo,topoI,0.25
3675,918.75,topo,gyrase,0.25
3675,918.75,RNAP,RNAP,1.0
3675,918.75,mRNA,tetA,11.0
3675,918.75,mRNA,Raspberry,2.0
3675,918.75,mRNA,mKalama1,1.0
3676,919.0,topo,topoI,0.25
3676,919.0,topo,gyrase,0.25
3676,919.0,RNAP,RNAP,1.0
3676,919.0,mRNA,tetA,11.0
3676,919.0,mRNA,Raspberry,2.0
3676,919.0,mRNA,mKalama1,1.0
3677,919.25,topo,topoI,0.25
3677,919.25,topo,gyrase,0.25
3677,919.25,RNAP,RNAP,1.0
3677,919.25,mRNA,tetA,11.0
3677,919.25,mRNA,Raspberry,2.0
3677,919.25,mRNA,mKalama1,1.0
3678,919.5,topo,topoI,0.25
3678,919.5,topo,gyrase,0.25
3678,919.5,RNAP,RNAP,1.0
3678,919.5,mRNA,tetA,11.0
3678,919.5,mRNA,Raspberry,2.0
3678,919.5,mRNA,mKalama1,1.0
3679,919.75,topo,topoI,0.25
3679,919.75,topo,gyrase,0.25
3679,919.75,RNAP,RNAP,1.0
3679,919.75,mRNA,tetA,11.0
3679,919.75,mRNA,Raspberry,2.0
3679,919.75,mRNA,mKalama1,1.0
3680,920.0,topo,topoI,0.25
3680,920.0,topo,gyrase,0.25
3680,920.0,RNAP,RNAP,1.0
3680,920.0,mRNA,tetA,11.0
3680,920.0,mRNA,Raspberry,2.0
3680,920.0,mRNA,mKalama1,1.0
3681,920.25,topo,topoI,0.25
3681,920.25,topo,gyrase,0.25
3681,920.25,RNAP,RNAP,1.0
3681,920.25,mRNA,tetA,11.0
3681,920.25,mRNA,Raspberry,2.0
3681,920.25,mRNA,mKalama1,1.0
3682,920.5,topo,topoI,0.25
3682,920.5,topo,gyrase,0.25
3682,920.5,RNAP,RNAP,1.0
3682,920.5,mRNA,tetA,11.0
3682,920.5,mRNA,Raspberry,2.0
3682,920.5,mRNA,mKalama1,1.0
3683,920.75,topo,topoI,0.25
3683,920.75,topo,gyrase,0.25
3683,920.75,RNAP,RNAP,1.0
3683,920.75,mRNA,tetA,11.0
3683,920.75,mRNA,Raspberry,2.0
3683,920.75,mRNA,mKalama1,1.0
3684,921.0,topo,topoI,0.25
3684,921.0,topo,gyrase,0.25
3684,921.0,RNAP,RNAP,1.0
3684,921.0,mRNA,tetA,11.0
3684,921.0,mRNA,Raspberry,2.0
3684,921.0,mRNA,mKalama1,1.0
3685,921.25,topo,topoI,0.25
3685,921.25,topo,gyrase,0.25
3685,921.25,RNAP,RNAP,1.0
3685,921.25,mRNA,tetA,11.0
3685,921.25,mRNA,Raspberry,2.0
3685,921.25,mRNA,mKalama1,1.0
3686,921.5,topo,topoI,0.25
3686,921.5,topo,gyrase,0.25
3686,921.5,RNAP,RNAP,1.0
3686,921.5,mRNA,tetA,11.0
3686,921.5,mRNA,Raspberry,2.0
3686,921.5,mRNA,mKalama1,1.0
3687,921.75,topo,topoI,0.25
3687,921.75,topo,gyrase,0.25
3687,921.75,RNAP,RNAP,1.0
3687,921.75,mRNA,tetA,11.0
3687,921.75,mRNA,Raspberry,2.0
3687,921.75,mRNA,mKalama1,1.0
3688,922.0,topo,topoI,0.25
3688,922.0,topo,gyrase,0.25
3688,922.0,RNAP,RNAP,1.0
3688,922.0,mRNA,tetA,11.0
3688,922.0,mRNA,Raspberry,2.0
3688,922.0,mRNA,mKalama1,1.0
3689,922.25,topo,topoI,0.25
3689,922.25,topo,gyrase,0.25
3689,922.25,RNAP,RNAP,1.0
3689,922.25,mRNA,tetA,11.0
3689,922.25,mRNA,Raspberry,2.0
3689,922.25,mRNA,mKalama1,1.0
3690,922.5,topo,topoI,0.25
3690,922.5,topo,gyrase,0.25
3690,922.5,RNAP,RNAP,1.0
3690,922.5,mRNA,tetA,11.0
3690,922.5,mRNA,Raspberry,2.0
3690,922.5,mRNA,mKalama1,1.0
3691,922.75,topo,topoI,0.25
3691,922.75,topo,gyrase,0.25
3691,922.75,RNAP,RNAP,1.0
3691,922.75,mRNA,tetA,11.0
3691,922.75,mRNA,Raspberry,2.0
3691,922.75,mRNA,mKalama1,1.0
3692,923.0,topo,topoI,0.25
3692,923.0,topo,gyrase,0.25
3692,923.0,RNAP,RNAP,1.0
3692,923.0,mRNA,tetA,11.0
3692,923.0,mRNA,Raspberry,2.0
3692,923.0,mRNA,mKalama1,1.0
3693,923.25,topo,topoI,0.25
3693,923.25,topo,gyrase,0.25
3693,923.25,RNAP,RNAP,1.0
3693,923.25,mRNA,tetA,11.0
3693,923.25,mRNA,Raspberry,2.0
3693,923.25,mRNA,mKalama1,1.0
3694,923.5,topo,topoI,0.25
3694,923.5,topo,gyrase,0.25
3694,923.5,RNAP,RNAP,1.0
3694,923.5,mRNA,tetA,11.0
3694,923.5,mRNA,Raspberry,2.0
3694,923.5,mRNA,mKalama1,1.0
3695,923.75,topo,topoI,0.25
3695,923.75,topo,gyrase,0.25
3695,923.75,RNAP,RNAP,1.0
3695,923.75,mRNA,tetA,11.0
3695,923.75,mRNA,Raspberry,2.0
3695,923.75,mRNA,mKalama1,1.0
3696,924.0,topo,topoI,0.25
3696,924.0,topo,gyrase,0.25
3696,924.0,RNAP,RNAP,1.0
3696,924.0,mRNA,tetA,11.0
3696,924.0,mRNA,Raspberry,2.0
3696,924.0,mRNA,mKalama1,1.0
3697,924.25,topo,topoI,0.25
3697,924.25,topo,gyrase,0.25
3697,924.25,RNAP,RNAP,1.0
3697,924.25,mRNA,tetA,11.0
3697,924.25,mRNA,Raspberry,2.0
3697,924.25,mRNA,mKalama1,1.0
3698,924.5,topo,topoI,0.25
3698,924.5,topo,gyrase,0.25
3698,924.5,RNAP,RNAP,1.0
3698,924.5,mRNA,tetA,11.0
3698,924.5,mRNA,Raspberry,2.0
3698,924.5,mRNA,mKalama1,1.0
3699,924.75,topo,topoI,0.25
3699,924.75,topo,gyrase,0.25
3699,924.75,RNAP,RNAP,1.0
3699,924.75,mRNA,tetA,11.0
3699,924.75,mRNA,Raspberry,2.0
3699,924.75,mRNA,mKalama1,1.0
3700,925.0,topo,topoI,0.25
3700,925.0,topo,gyrase,0.25
3700,925.0,RNAP,RNAP,1.0
3700,925.0,mRNA,tetA,11.0
3700,925.0,mRNA,Raspberry,2.0
3700,925.0,mRNA,mKalama1,1.0
3701,925.25,topo,topoI,0.25
3701,925.25,topo,gyrase,0.25
3701,925.25,RNAP,RNAP,1.0
3701,925.25,mRNA,tetA,11.0
3701,925.25,mRNA,Raspberry,2.0
3701,925.25,mRNA,mKalama1,1.0
3702,925.5,topo,topoI,0.25
3702,925.5,topo,gyrase,0.25
3702,925.5,RNAP,RNAP,1.0
3702,925.5,mRNA,tetA,11.0
3702,925.5,mRNA,Raspberry,2.0
3702,925.5,mRNA,mKalama1,1.0
3703,925.75,topo,topoI,0.25
3703,925.75,topo,gyrase,0.25
3703,925.75,RNAP,RNAP,1.0
3703,925.75,mRNA,tetA,11.0
3703,925.75,mRNA,Raspberry,2.0
3703,925.75,mRNA,mKalama1,1.0
3704,926.0,topo,topoI,0.25
3704,926.0,topo,gyrase,0.25
3704,926.0,RNAP,RNAP,1.0
3704,926.0,mRNA,tetA,11.0
3704,926.0,mRNA,Raspberry,2.0
3704,926.0,mRNA,mKalama1,1.0
3705,926.25,topo,topoI,0.25
3705,926.25,topo,gyrase,0.25
3705,926.25,RNAP,RNAP,1.0
3705,926.25,mRNA,tetA,11.0
3705,926.25,mRNA,Raspberry,2.0
3705,926.25,mRNA,mKalama1,1.0
3706,926.5,topo,topoI,0.25
3706,926.5,topo,gyrase,0.25
3706,926.5,RNAP,RNAP,1.0
3706,926.5,mRNA,tetA,11.0
3706,926.5,mRNA,Raspberry,2.0
3706,926.5,mRNA,mKalama1,1.0
3707,926.75,topo,topoI,0.25
3707,926.75,topo,gyrase,0.25
3707,926.75,RNAP,RNAP,1.0
3707,926.75,mRNA,tetA,11.0
3707,926.75,mRNA,Raspberry,2.0
3707,926.75,mRNA,mKalama1,1.0
3708,927.0,topo,topoI,0.25
3708,927.0,topo,gyrase,0.25
3708,927.0,RNAP,RNAP,1.0
3708,927.0,mRNA,tetA,11.0
3708,927.0,mRNA,Raspberry,2.0
3708,927.0,mRNA,mKalama1,1.0
3709,927.25,topo,topoI,0.25
3709,927.25,topo,gyrase,0.25
3709,927.25,RNAP,RNAP,1.0
3709,927.25,mRNA,tetA,11.0
3709,927.25,mRNA,Raspberry,2.0
3709,927.25,mRNA,mKalama1,1.0
3710,927.5,topo,topoI,0.25
3710,927.5,topo,gyrase,0.25
3710,927.5,RNAP,RNAP,1.0
3710,927.5,mRNA,tetA,11.0
3710,927.5,mRNA,Raspberry,2.0
3710,927.5,mRNA,mKalama1,1.0
3711,927.75,topo,topoI,0.25
3711,927.75,topo,gyrase,0.25
3711,927.75,RNAP,RNAP,1.0
3711,927.75,mRNA,tetA,11.0
3711,927.75,mRNA,Raspberry,2.0
3711,927.75,mRNA,mKalama1,1.0
3712,928.0,topo,topoI,0.25
3712,928.0,topo,gyrase,0.25
3712,928.0,RNAP,RNAP,1.0
3712,928.0,mRNA,tetA,11.0
3712,928.0,mRNA,Raspberry,2.0
3712,928.0,mRNA,mKalama1,1.0
3713,928.25,topo,topoI,0.25
3713,928.25,topo,gyrase,0.25
3713,928.25,RNAP,RNAP,1.0
3713,928.25,mRNA,tetA,11.0
3713,928.25,mRNA,Raspberry,2.0
3713,928.25,mRNA,mKalama1,1.0
3714,928.5,topo,topoI,0.25
3714,928.5,topo,gyrase,0.25
3714,928.5,RNAP,RNAP,1.0
3714,928.5,mRNA,tetA,11.0
3714,928.5,mRNA,Raspberry,2.0
3714,928.5,mRNA,mKalama1,1.0
3715,928.75,topo,topoI,0.25
3715,928.75,topo,gyrase,0.25
3715,928.75,RNAP,RNAP,1.0
3715,928.75,mRNA,tetA,11.0
3715,928.75,mRNA,Raspberry,2.0
3715,928.75,mRNA,mKalama1,1.0
3716,929.0,topo,topoI,0.25
3716,929.0,topo,gyrase,0.25
3716,929.0,RNAP,RNAP,1.0
3716,929.0,mRNA,tetA,11.0
3716,929.0,mRNA,Raspberry,2.0
3716,929.0,mRNA,mKalama1,1.0
3717,929.25,topo,topoI,0.25
3717,929.25,topo,gyrase,0.25
3717,929.25,RNAP,RNAP,1.0
3717,929.25,mRNA,tetA,11.0
3717,929.25,mRNA,Raspberry,2.0
3717,929.25,mRNA,mKalama1,1.0
3718,929.5,topo,topoI,0.25
3718,929.5,topo,gyrase,0.25
3718,929.5,RNAP,RNAP,1.0
3718,929.5,mRNA,tetA,11.0
3718,929.5,mRNA,Raspberry,2.0
3718,929.5,mRNA,mKalama1,1.0
3719,929.75,topo,topoI,0.25
3719,929.75,topo,gyrase,0.25
3719,929.75,RNAP,RNAP,1.0
3719,929.75,mRNA,tetA,11.0
3719,929.75,mRNA,Raspberry,2.0
3719,929.75,mRNA,mKalama1,1.0
3720,930.0,topo,topoI,0.25
3720,930.0,topo,gyrase,0.25
3720,930.0,RNAP,RNAP,1.0
3720,930.0,mRNA,tetA,11.0
3720,930.0,mRNA,Raspberry,2.0
3720,930.0,mRNA,mKalama1,1.0
3721,930.25,topo,topoI,0.25
3721,930.25,topo,gyrase,0.25
3721,930.25,RNAP,RNAP,1.0
3721,930.25,mRNA,tetA,11.0
3721,930.25,mRNA,Raspberry,2.0
3721,930.25,mRNA,mKalama1,1.0
3722,930.5,topo,topoI,0.25
3722,930.5,topo,gyrase,0.25
3722,930.5,RNAP,RNAP,1.0
3722,930.5,mRNA,tetA,11.0
3722,930.5,mRNA,Raspberry,2.0
3722,930.5,mRNA,mKalama1,1.0
3723,930.75,topo,topoI,0.25
3723,930.75,topo,gyrase,0.25
3723,930.75,RNAP,RNAP,1.0
3723,930.75,mRNA,tetA,11.0
3723,930.75,mRNA,Raspberry,2.0
3723,930.75,mRNA,mKalama1,1.0
3724,931.0,topo,topoI,0.25
3724,931.0,topo,gyrase,0.25
3724,931.0,RNAP,RNAP,1.0
3724,931.0,mRNA,tetA,11.0
3724,931.0,mRNA,Raspberry,2.0
3724,931.0,mRNA,mKalama1,1.0
3725,931.25,topo,topoI,0.25
3725,931.25,topo,gyrase,0.25
3725,931.25,RNAP,RNAP,1.0
3725,931.25,mRNA,tetA,11.0
3725,931.25,mRNA,Raspberry,2.0
3725,931.25,mRNA,mKalama1,1.0
3726,931.5,topo,topoI,0.25
3726,931.5,topo,gyrase,0.25
3726,931.5,RNAP,RNAP,1.0
3726,931.5,mRNA,tetA,11.0
3726,931.5,mRNA,Raspberry,2.0
3726,931.5,mRNA,mKalama1,1.0
3727,931.75,topo,topoI,0.25
3727,931.75,topo,gyrase,0.25
3727,931.75,RNAP,RNAP,1.0
3727,931.75,mRNA,tetA,11.0
3727,931.75,mRNA,Raspberry,2.0
3727,931.75,mRNA,mKalama1,1.0
3728,932.0,topo,topoI,0.25
3728,932.0,topo,gyrase,0.25
3728,932.0,RNAP,RNAP,1.0
3728,932.0,mRNA,tetA,11.0
3728,932.0,mRNA,Raspberry,2.0
3728,932.0,mRNA,mKalama1,1.0
3729,932.25,topo,topoI,0.25
3729,932.25,topo,gyrase,0.25
3729,932.25,RNAP,RNAP,1.0
3729,932.25,mRNA,tetA,11.0
3729,932.25,mRNA,Raspberry,2.0
3729,932.25,mRNA,mKalama1,1.0
3730,932.5,topo,topoI,0.25
3730,932.5,topo,gyrase,0.25
3730,932.5,RNAP,RNAP,1.0
3730,932.5,mRNA,tetA,11.0
3730,932.5,mRNA,Raspberry,2.0
3730,932.5,mRNA,mKalama1,1.0
3731,932.75,topo,topoI,0.25
3731,932.75,topo,gyrase,0.25
3731,932.75,RNAP,RNAP,1.0
3731,932.75,mRNA,tetA,11.0
3731,932.75,mRNA,Raspberry,2.0
3731,932.75,mRNA,mKalama1,1.0
3732,933.0,topo,topoI,0.25
3732,933.0,topo,gyrase,0.25
3732,933.0,RNAP,RNAP,1.0
3732,933.0,mRNA,tetA,11.0
3732,933.0,mRNA,Raspberry,2.0
3732,933.0,mRNA,mKalama1,1.0
3733,933.25,topo,topoI,0.25
3733,933.25,topo,gyrase,0.25
3733,933.25,RNAP,RNAP,1.0
3733,933.25,mRNA,tetA,11.0
3733,933.25,mRNA,Raspberry,2.0
3733,933.25,mRNA,mKalama1,1.0
3734,933.5,topo,topoI,0.25
3734,933.5,topo,gyrase,0.25
3734,933.5,RNAP,RNAP,1.0
3734,933.5,mRNA,tetA,11.0
3734,933.5,mRNA,Raspberry,2.0
3734,933.5,mRNA,mKalama1,1.0
3735,933.75,topo,topoI,0.25
3735,933.75,topo,gyrase,0.25
3735,933.75,RNAP,RNAP,1.0
3735,933.75,mRNA,tetA,11.0
3735,933.75,mRNA,Raspberry,2.0
3735,933.75,mRNA,mKalama1,1.0
3736,934.0,topo,topoI,0.25
3736,934.0,topo,gyrase,0.25
3736,934.0,RNAP,RNAP,1.0
3736,934.0,mRNA,tetA,11.0
3736,934.0,mRNA,Raspberry,2.0
3736,934.0,mRNA,mKalama1,1.0
3737,934.25,topo,topoI,0.25
3737,934.25,topo,gyrase,0.25
3737,934.25,RNAP,RNAP,1.0
3737,934.25,mRNA,tetA,11.0
3737,934.25,mRNA,Raspberry,2.0
3737,934.25,mRNA,mKalama1,1.0
3738,934.5,topo,topoI,0.25
3738,934.5,topo,gyrase,0.25
3738,934.5,RNAP,RNAP,1.0
3738,934.5,mRNA,tetA,11.0
3738,934.5,mRNA,Raspberry,2.0
3738,934.5,mRNA,mKalama1,1.0
3739,934.75,topo,topoI,0.25
3739,934.75,topo,gyrase,0.25
3739,934.75,RNAP,RNAP,1.0
3739,934.75,mRNA,tetA,11.0
3739,934.75,mRNA,Raspberry,2.0
3739,934.75,mRNA,mKalama1,1.0
3740,935.0,topo,topoI,0.25
3740,935.0,topo,gyrase,0.25
3740,935.0,RNAP,RNAP,1.0
3740,935.0,mRNA,tetA,11.0
3740,935.0,mRNA,Raspberry,2.0
3740,935.0,mRNA,mKalama1,1.0
3741,935.25,topo,topoI,0.25
3741,935.25,topo,gyrase,0.25
3741,935.25,RNAP,RNAP,1.0
3741,935.25,mRNA,tetA,11.0
3741,935.25,mRNA,Raspberry,2.0
3741,935.25,mRNA,mKalama1,1.0
3742,935.5,topo,topoI,0.25
3742,935.5,topo,gyrase,0.25
3742,935.5,RNAP,RNAP,1.0
3742,935.5,mRNA,tetA,11.0
3742,935.5,mRNA,Raspberry,2.0
3742,935.5,mRNA,mKalama1,1.0
3743,935.75,topo,topoI,0.25
3743,935.75,topo,gyrase,0.25
3743,935.75,RNAP,RNAP,1.0
3743,935.75,mRNA,tetA,11.0
3743,935.75,mRNA,Raspberry,2.0
3743,935.75,mRNA,mKalama1,1.0
3744,936.0,topo,topoI,0.25
3744,936.0,topo,gyrase,0.25
3744,936.0,RNAP,RNAP,1.0
3744,936.0,mRNA,tetA,11.0
3744,936.0,mRNA,Raspberry,2.0
3744,936.0,mRNA,mKalama1,1.0
3745,936.25,topo,topoI,0.25
3745,936.25,topo,gyrase,0.25
3745,936.25,RNAP,RNAP,1.0
3745,936.25,mRNA,tetA,11.0
3745,936.25,mRNA,Raspberry,2.0
3745,936.25,mRNA,mKalama1,1.0
3746,936.5,topo,topoI,0.25
3746,936.5,topo,gyrase,0.25
3746,936.5,RNAP,RNAP,1.0
3746,936.5,mRNA,tetA,11.0
3746,936.5,mRNA,Raspberry,2.0
3746,936.5,mRNA,mKalama1,1.0
3747,936.75,topo,topoI,0.25
3747,936.75,topo,gyrase,0.25
3747,936.75,RNAP,RNAP,1.0
3747,936.75,mRNA,tetA,11.0
3747,936.75,mRNA,Raspberry,2.0
3747,936.75,mRNA,mKalama1,1.0
3748,937.0,topo,topoI,0.25
3748,937.0,topo,gyrase,0.25
3748,937.0,RNAP,RNAP,1.0
3748,937.0,mRNA,tetA,11.0
3748,937.0,mRNA,Raspberry,2.0
3748,937.0,mRNA,mKalama1,1.0
3749,937.25,topo,topoI,0.25
3749,937.25,topo,gyrase,0.25
3749,937.25,RNAP,RNAP,1.0
3749,937.25,mRNA,tetA,11.0
3749,937.25,mRNA,Raspberry,2.0
3749,937.25,mRNA,mKalama1,1.0
3750,937.5,topo,topoI,0.25
3750,937.5,topo,gyrase,0.25
3750,937.5,RNAP,RNAP,1.0
3750,937.5,mRNA,tetA,11.0
3750,937.5,mRNA,Raspberry,2.0
3750,937.5,mRNA,mKalama1,1.0
3751,937.75,topo,topoI,0.25
3751,937.75,topo,gyrase,0.25
3751,937.75,RNAP,RNAP,1.0
3751,937.75,mRNA,tetA,11.0
3751,937.75,mRNA,Raspberry,2.0
3751,937.75,mRNA,mKalama1,1.0
3752,938.0,topo,topoI,0.25
3752,938.0,topo,gyrase,0.25
3752,938.0,RNAP,RNAP,1.0
3752,938.0,mRNA,tetA,11.0
3752,938.0,mRNA,Raspberry,2.0
3752,938.0,mRNA,mKalama1,1.0
3753,938.25,topo,topoI,0.25
3753,938.25,topo,gyrase,0.25
3753,938.25,RNAP,RNAP,1.0
3753,938.25,mRNA,tetA,11.0
3753,938.25,mRNA,Raspberry,2.0
3753,938.25,mRNA,mKalama1,1.0
3754,938.5,topo,topoI,0.25
3754,938.5,topo,gyrase,0.25
3754,938.5,RNAP,RNAP,1.0
3754,938.5,mRNA,tetA,11.0
3754,938.5,mRNA,Raspberry,2.0
3754,938.5,mRNA,mKalama1,1.0
3755,938.75,topo,topoI,0.25
3755,938.75,topo,gyrase,0.25
3755,938.75,RNAP,RNAP,1.0
3755,938.75,mRNA,tetA,11.0
3755,938.75,mRNA,Raspberry,2.0
3755,938.75,mRNA,mKalama1,1.0
3756,939.0,topo,topoI,0.25
3756,939.0,topo,gyrase,0.25
3756,939.0,RNAP,RNAP,1.0
3756,939.0,mRNA,tetA,11.0
3756,939.0,mRNA,Raspberry,2.0
3756,939.0,mRNA,mKalama1,1.0
3757,939.25,topo,topoI,0.25
3757,939.25,topo,gyrase,0.25
3757,939.25,RNAP,RNAP,1.0
3757,939.25,mRNA,tetA,11.0
3757,939.25,mRNA,Raspberry,2.0
3757,939.25,mRNA,mKalama1,1.0
3758,939.5,topo,topoI,0.25
3758,939.5,topo,gyrase,0.25
3758,939.5,RNAP,RNAP,1.0
3758,939.5,mRNA,tetA,11.0
3758,939.5,mRNA,Raspberry,2.0
3758,939.5,mRNA,mKalama1,1.0
3759,939.75,topo,topoI,0.25
3759,939.75,topo,gyrase,0.25
3759,939.75,RNAP,RNAP,1.0
3759,939.75,mRNA,tetA,11.0
3759,939.75,mRNA,Raspberry,2.0
3759,939.75,mRNA,mKalama1,1.0
3760,940.0,topo,topoI,0.25
3760,940.0,topo,gyrase,0.25
3760,940.0,RNAP,RNAP,1.0
3760,940.0,mRNA,tetA,11.0
3760,940.0,mRNA,Raspberry,2.0
3760,940.0,mRNA,mKalama1,1.0
3761,940.25,topo,topoI,0.25
3761,940.25,topo,gyrase,0.25
3761,940.25,RNAP,RNAP,1.0
3761,940.25,mRNA,tetA,11.0
3761,940.25,mRNA,Raspberry,2.0
3761,940.25,mRNA,mKalama1,1.0
3762,940.5,topo,topoI,0.25
3762,940.5,topo,gyrase,0.25
3762,940.5,RNAP,RNAP,1.0
3762,940.5,mRNA,tetA,11.0
3762,940.5,mRNA,Raspberry,2.0
3762,940.5,mRNA,mKalama1,1.0
3763,940.75,topo,topoI,0.25
3763,940.75,topo,gyrase,0.25
3763,940.75,RNAP,RNAP,1.0
3763,940.75,mRNA,tetA,11.0
3763,940.75,mRNA,Raspberry,2.0
3763,940.75,mRNA,mKalama1,1.0
3764,941.0,topo,topoI,0.25
3764,941.0,topo,gyrase,0.25
3764,941.0,RNAP,RNAP,1.0
3764,941.0,mRNA,tetA,11.0
3764,941.0,mRNA,Raspberry,2.0
3764,941.0,mRNA,mKalama1,1.0
3765,941.25,topo,topoI,0.25
3765,941.25,topo,gyrase,0.25
3765,941.25,RNAP,RNAP,1.0
3765,941.25,mRNA,tetA,11.0
3765,941.25,mRNA,Raspberry,2.0
3765,941.25,mRNA,mKalama1,1.0
3766,941.5,topo,topoI,0.25
3766,941.5,topo,gyrase,0.25
3766,941.5,RNAP,RNAP,1.0
3766,941.5,mRNA,tetA,11.0
3766,941.5,mRNA,Raspberry,2.0
3766,941.5,mRNA,mKalama1,1.0
3767,941.75,topo,topoI,0.25
3767,941.75,topo,gyrase,0.25
3767,941.75,RNAP,RNAP,1.0
3767,941.75,mRNA,tetA,11.0
3767,941.75,mRNA,Raspberry,2.0
3767,941.75,mRNA,mKalama1,1.0
3768,942.0,topo,topoI,0.25
3768,942.0,topo,gyrase,0.25
3768,942.0,RNAP,RNAP,1.0
3768,942.0,mRNA,tetA,11.0
3768,942.0,mRNA,Raspberry,2.0
3768,942.0,mRNA,mKalama1,1.0
3769,942.25,topo,topoI,0.25
3769,942.25,topo,gyrase,0.25
3769,942.25,RNAP,RNAP,1.0
3769,942.25,mRNA,tetA,11.0
3769,942.25,mRNA,Raspberry,2.0
3769,942.25,mRNA,mKalama1,1.0
3770,942.5,topo,topoI,0.25
3770,942.5,topo,gyrase,0.25
3770,942.5,RNAP,RNAP,1.0
3770,942.5,mRNA,tetA,11.0
3770,942.5,mRNA,Raspberry,2.0
3770,942.5,mRNA,mKalama1,1.0
3771,942.75,topo,topoI,0.25
3771,942.75,topo,gyrase,0.25
3771,942.75,RNAP,RNAP,1.0
3771,942.75,mRNA,tetA,11.0
3771,942.75,mRNA,Raspberry,2.0
3771,942.75,mRNA,mKalama1,1.0
3772,943.0,topo,topoI,0.25
3772,943.0,topo,gyrase,0.25
3772,943.0,RNAP,RNAP,1.0
3772,943.0,mRNA,tetA,11.0
3772,943.0,mRNA,Raspberry,2.0
3772,943.0,mRNA,mKalama1,1.0
3773,943.25,topo,topoI,0.25
3773,943.25,topo,gyrase,0.25
3773,943.25,RNAP,RNAP,1.0
3773,943.25,mRNA,tetA,11.0
3773,943.25,mRNA,Raspberry,2.0
3773,943.25,mRNA,mKalama1,1.0
3774,943.5,topo,topoI,0.25
3774,943.5,topo,gyrase,0.25
3774,943.5,RNAP,RNAP,1.0
3774,943.5,mRNA,tetA,11.0
3774,943.5,mRNA,Raspberry,2.0
3774,943.5,mRNA,mKalama1,1.0
3775,943.75,topo,topoI,0.25
3775,943.75,topo,gyrase,0.25
3775,943.75,RNAP,RNAP,1.0
3775,943.75,mRNA,tetA,11.0
3775,943.75,mRNA,Raspberry,2.0
3775,943.75,mRNA,mKalama1,1.0
3776,944.0,topo,topoI,0.25
3776,944.0,topo,gyrase,0.25
3776,944.0,RNAP,RNAP,1.0
3776,944.0,mRNA,tetA,11.0
3776,944.0,mRNA,Raspberry,2.0
3776,944.0,mRNA,mKalama1,1.0
3777,944.25,topo,topoI,0.25
3777,944.25,topo,gyrase,0.25
3777,944.25,RNAP,RNAP,1.0
3777,944.25,mRNA,tetA,11.0
3777,944.25,mRNA,Raspberry,2.0
3777,944.25,mRNA,mKalama1,1.0
3778,944.5,topo,topoI,0.25
3778,944.5,topo,gyrase,0.25
3778,944.5,RNAP,RNAP,1.0
3778,944.5,mRNA,tetA,11.0
3778,944.5,mRNA,Raspberry,2.0
3778,944.5,mRNA,mKalama1,1.0
3779,944.75,topo,topoI,0.25
3779,944.75,topo,gyrase,0.25
3779,944.75,RNAP,RNAP,1.0
3779,944.75,mRNA,tetA,11.0
3779,944.75,mRNA,Raspberry,2.0
3779,944.75,mRNA,mKalama1,1.0
3780,945.0,topo,topoI,0.25
3780,945.0,topo,gyrase,0.25
3780,945.0,RNAP,RNAP,1.0
3780,945.0,mRNA,tetA,11.0
3780,945.0,mRNA,Raspberry,2.0
3780,945.0,mRNA,mKalama1,1.0
3781,945.25,topo,topoI,0.25
3781,945.25,topo,gyrase,0.25
3781,945.25,RNAP,RNAP,1.0
3781,945.25,mRNA,tetA,11.0
3781,945.25,mRNA,Raspberry,2.0
3781,945.25,mRNA,mKalama1,1.0
3782,945.5,topo,topoI,0.25
3782,945.5,topo,gyrase,0.25
3782,945.5,RNAP,RNAP,1.0
3782,945.5,mRNA,tetA,11.0
3782,945.5,mRNA,Raspberry,2.0
3782,945.5,mRNA,mKalama1,1.0
3783,945.75,topo,topoI,0.25
3783,945.75,topo,gyrase,0.25
3783,945.75,RNAP,RNAP,1.0
3783,945.75,mRNA,tetA,11.0
3783,945.75,mRNA,Raspberry,2.0
3783,945.75,mRNA,mKalama1,1.0
3784,946.0,topo,topoI,0.25
3784,946.0,topo,gyrase,0.25
3784,946.0,RNAP,RNAP,1.0
3784,946.0,mRNA,tetA,11.0
3784,946.0,mRNA,Raspberry,2.0
3784,946.0,mRNA,mKalama1,1.0
3785,946.25,topo,topoI,0.25
3785,946.25,topo,gyrase,0.25
3785,946.25,RNAP,RNAP,1.0
3785,946.25,mRNA,tetA,11.0
3785,946.25,mRNA,Raspberry,2.0
3785,946.25,mRNA,mKalama1,1.0
3786,946.5,topo,topoI,0.25
3786,946.5,topo,gyrase,0.25
3786,946.5,RNAP,RNAP,1.0
3786,946.5,mRNA,tetA,11.0
3786,946.5,mRNA,Raspberry,2.0
3786,946.5,mRNA,mKalama1,1.0
3787,946.75,topo,topoI,0.25
3787,946.75,topo,gyrase,0.25
3787,946.75,RNAP,RNAP,1.0
3787,946.75,mRNA,tetA,11.0
3787,946.75,mRNA,Raspberry,2.0
3787,946.75,mRNA,mKalama1,1.0
3788,947.0,topo,topoI,0.25
3788,947.0,topo,gyrase,0.25
3788,947.0,RNAP,RNAP,1.0
3788,947.0,mRNA,tetA,11.0
3788,947.0,mRNA,Raspberry,2.0
3788,947.0,mRNA,mKalama1,1.0
3789,947.25,topo,topoI,0.25
3789,947.25,topo,gyrase,0.25
3789,947.25,RNAP,RNAP,1.0
3789,947.25,mRNA,tetA,11.0
3789,947.25,mRNA,Raspberry,2.0
3789,947.25,mRNA,mKalama1,1.0
3790,947.5,topo,topoI,0.25
3790,947.5,topo,gyrase,0.25
3790,947.5,RNAP,RNAP,1.0
3790,947.5,mRNA,tetA,11.0
3790,947.5,mRNA,Raspberry,2.0
3790,947.5,mRNA,mKalama1,1.0
3791,947.75,topo,topoI,0.25
3791,947.75,topo,gyrase,0.25
3791,947.75,RNAP,RNAP,1.0
3791,947.75,mRNA,tetA,11.0
3791,947.75,mRNA,Raspberry,2.0
3791,947.75,mRNA,mKalama1,1.0
3792,948.0,topo,topoI,0.25
3792,948.0,topo,gyrase,0.25
3792,948.0,RNAP,RNAP,1.0
3792,948.0,mRNA,tetA,11.0
3792,948.0,mRNA,Raspberry,2.0
3792,948.0,mRNA,mKalama1,1.0
3793,948.25,topo,topoI,0.25
3793,948.25,topo,gyrase,0.25
3793,948.25,RNAP,RNAP,1.0
3793,948.25,mRNA,tetA,11.0
3793,948.25,mRNA,Raspberry,2.0
3793,948.25,mRNA,mKalama1,1.0
3794,948.5,topo,topoI,0.25
3794,948.5,topo,gyrase,0.25
3794,948.5,RNAP,RNAP,1.0
3794,948.5,mRNA,tetA,11.0
3794,948.5,mRNA,Raspberry,2.0
3794,948.5,mRNA,mKalama1,1.0
3795,948.75,topo,topoI,0.25
3795,948.75,topo,gyrase,0.25
3795,948.75,RNAP,RNAP,1.0
3795,948.75,mRNA,tetA,11.0
3795,948.75,mRNA,Raspberry,2.0
3795,948.75,mRNA,mKalama1,1.0
3796,949.0,topo,topoI,0.25
3796,949.0,topo,gyrase,0.25
3796,949.0,RNAP,RNAP,1.0
3796,949.0,mRNA,tetA,11.0
3796,949.0,mRNA,Raspberry,2.0
3796,949.0,mRNA,mKalama1,1.0
3797,949.25,topo,topoI,0.25
3797,949.25,topo,gyrase,0.25
3797,949.25,RNAP,RNAP,1.0
3797,949.25,mRNA,tetA,11.0
3797,949.25,mRNA,Raspberry,2.0
3797,949.25,mRNA,mKalama1,1.0
3798,949.5,topo,topoI,0.25
3798,949.5,topo,gyrase,0.25
3798,949.5,RNAP,RNAP,1.0
3798,949.5,mRNA,tetA,11.0
3798,949.5,mRNA,Raspberry,2.0
3798,949.5,mRNA,mKalama1,1.0
3799,949.75,topo,topoI,0.25
3799,949.75,topo,gyrase,0.25
3799,949.75,RNAP,RNAP,1.0
3799,949.75,mRNA,tetA,11.0
3799,949.75,mRNA,Raspberry,2.0
3799,949.75,mRNA,mKalama1,1.0
3800,950.0,topo,topoI,0.25
3800,950.0,topo,gyrase,0.25
3800,950.0,RNAP,RNAP,1.0
3800,950.0,mRNA,tetA,11.0
3800,950.0,mRNA,Raspberry,2.0
3800,950.0,mRNA,mKalama1,1.0
3801,950.25,topo,topoI,0.25
3801,950.25,topo,gyrase,0.25
3801,950.25,RNAP,RNAP,1.0
3801,950.25,mRNA,tetA,11.0
3801,950.25,mRNA,Raspberry,2.0
3801,950.25,mRNA,mKalama1,1.0
3802,950.5,topo,topoI,0.25
3802,950.5,topo,gyrase,0.25
3802,950.5,RNAP,RNAP,1.0
3802,950.5,mRNA,tetA,11.0
3802,950.5,mRNA,Raspberry,2.0
3802,950.5,mRNA,mKalama1,1.0
3803,950.75,topo,topoI,0.25
3803,950.75,topo,gyrase,0.25
3803,950.75,RNAP,RNAP,1.0
3803,950.75,mRNA,tetA,11.0
3803,950.75,mRNA,Raspberry,2.0
3803,950.75,mRNA,mKalama1,1.0
3804,951.0,topo,topoI,0.25
3804,951.0,topo,gyrase,0.25
3804,951.0,RNAP,RNAP,1.0
3804,951.0,mRNA,tetA,11.0
3804,951.0,mRNA,Raspberry,2.0
3804,951.0,mRNA,mKalama1,1.0
3805,951.25,topo,topoI,0.25
3805,951.25,topo,gyrase,0.25
3805,951.25,RNAP,RNAP,1.0
3805,951.25,mRNA,tetA,11.0
3805,951.25,mRNA,Raspberry,2.0
3805,951.25,mRNA,mKalama1,1.0
3806,951.5,topo,topoI,0.25
3806,951.5,topo,gyrase,0.25
3806,951.5,RNAP,RNAP,1.0
3806,951.5,mRNA,tetA,11.0
3806,951.5,mRNA,Raspberry,2.0
3806,951.5,mRNA,mKalama1,1.0
3807,951.75,topo,topoI,0.25
3807,951.75,topo,gyrase,0.25
3807,951.75,RNAP,RNAP,1.0
3807,951.75,mRNA,tetA,11.0
3807,951.75,mRNA,Raspberry,2.0
3807,951.75,mRNA,mKalama1,1.0
3808,952.0,topo,topoI,0.25
3808,952.0,topo,gyrase,0.25
3808,952.0,RNAP,RNAP,1.0
3808,952.0,mRNA,tetA,11.0
3808,952.0,mRNA,Raspberry,2.0
3808,952.0,mRNA,mKalama1,1.0
3809,952.25,topo,topoI,0.25
3809,952.25,topo,gyrase,0.25
3809,952.25,RNAP,RNAP,1.0
3809,952.25,mRNA,tetA,11.0
3809,952.25,mRNA,Raspberry,2.0
3809,952.25,mRNA,mKalama1,1.0
3810,952.5,topo,topoI,0.25
3810,952.5,topo,gyrase,0.25
3810,952.5,RNAP,RNAP,1.0
3810,952.5,mRNA,tetA,11.0
3810,952.5,mRNA,Raspberry,2.0
3810,952.5,mRNA,mKalama1,1.0
3811,952.75,topo,topoI,0.25
3811,952.75,topo,gyrase,0.25
3811,952.75,RNAP,RNAP,1.0
3811,952.75,mRNA,tetA,11.0
3811,952.75,mRNA,Raspberry,2.0
3811,952.75,mRNA,mKalama1,1.0
3812,953.0,topo,topoI,0.25
3812,953.0,topo,gyrase,0.25
3812,953.0,RNAP,RNAP,1.0
3812,953.0,mRNA,tetA,11.0
3812,953.0,mRNA,Raspberry,2.0
3812,953.0,mRNA,mKalama1,1.0
3813,953.25,topo,topoI,0.25
3813,953.25,topo,gyrase,0.25
3813,953.25,RNAP,RNAP,1.0
3813,953.25,mRNA,tetA,11.0
3813,953.25,mRNA,Raspberry,2.0
3813,953.25,mRNA,mKalama1,1.0
3814,953.5,topo,topoI,0.25
3814,953.5,topo,gyrase,0.25
3814,953.5,RNAP,RNAP,1.0
3814,953.5,mRNA,tetA,11.0
3814,953.5,mRNA,Raspberry,2.0
3814,953.5,mRNA,mKalama1,1.0
3815,953.75,topo,topoI,0.25
3815,953.75,topo,gyrase,0.25
3815,953.75,RNAP,RNAP,1.0
3815,953.75,mRNA,tetA,11.0
3815,953.75,mRNA,Raspberry,2.0
3815,953.75,mRNA,mKalama1,1.0
3816,954.0,topo,topoI,0.25
3816,954.0,topo,gyrase,0.25
3816,954.0,RNAP,RNAP,1.0
3816,954.0,mRNA,tetA,11.0
3816,954.0,mRNA,Raspberry,2.0
3816,954.0,mRNA,mKalama1,1.0
3817,954.25,topo,topoI,0.25
3817,954.25,topo,gyrase,0.25
3817,954.25,RNAP,RNAP,1.0
3817,954.25,mRNA,tetA,11.0
3817,954.25,mRNA,Raspberry,2.0
3817,954.25,mRNA,mKalama1,1.0
3818,954.5,topo,topoI,0.25
3818,954.5,topo,gyrase,0.25
3818,954.5,RNAP,RNAP,1.0
3818,954.5,mRNA,tetA,11.0
3818,954.5,mRNA,Raspberry,2.0
3818,954.5,mRNA,mKalama1,1.0
3819,954.75,topo,topoI,0.25
3819,954.75,topo,gyrase,0.25
3819,954.75,RNAP,RNAP,1.0
3819,954.75,mRNA,tetA,11.0
3819,954.75,mRNA,Raspberry,2.0
3819,954.75,mRNA,mKalama1,1.0
3820,955.0,topo,topoI,0.25
3820,955.0,topo,gyrase,0.25
3820,955.0,RNAP,RNAP,1.0
3820,955.0,mRNA,tetA,11.0
3820,955.0,mRNA,Raspberry,2.0
3820,955.0,mRNA,mKalama1,1.0
3821,955.25,topo,topoI,0.25
3821,955.25,topo,gyrase,0.25
3821,955.25,RNAP,RNAP,1.0
3821,955.25,mRNA,tetA,11.0
3821,955.25,mRNA,Raspberry,2.0
3821,955.25,mRNA,mKalama1,1.0
3822,955.5,topo,topoI,0.25
3822,955.5,topo,gyrase,0.25
3822,955.5,RNAP,RNAP,1.0
3822,955.5,mRNA,tetA,11.0
3822,955.5,mRNA,Raspberry,2.0
3822,955.5,mRNA,mKalama1,1.0
3823,955.75,topo,topoI,0.25
3823,955.75,topo,gyrase,0.25
3823,955.75,RNAP,RNAP,1.0
3823,955.75,mRNA,tetA,11.0
3823,955.75,mRNA,Raspberry,2.0
3823,955.75,mRNA,mKalama1,1.0
3824,956.0,topo,topoI,0.25
3824,956.0,topo,gyrase,0.25
3824,956.0,RNAP,RNAP,1.0
3824,956.0,mRNA,tetA,11.0
3824,956.0,mRNA,Raspberry,2.0
3824,956.0,mRNA,mKalama1,1.0
3825,956.25,topo,topoI,0.25
3825,956.25,topo,gyrase,0.25
3825,956.25,RNAP,RNAP,1.0
3825,956.25,mRNA,tetA,11.0
3825,956.25,mRNA,Raspberry,2.0
3825,956.25,mRNA,mKalama1,1.0
3826,956.5,topo,topoI,0.25
3826,956.5,topo,gyrase,0.25
3826,956.5,RNAP,RNAP,1.0
3826,956.5,mRNA,tetA,11.0
3826,956.5,mRNA,Raspberry,2.0
3826,956.5,mRNA,mKalama1,1.0
3827,956.75,topo,topoI,0.25
3827,956.75,topo,gyrase,0.25
3827,956.75,RNAP,RNAP,1.0
3827,956.75,mRNA,tetA,11.0
3827,956.75,mRNA,Raspberry,2.0
3827,956.75,mRNA,mKalama1,1.0
3828,957.0,topo,topoI,0.25
3828,957.0,topo,gyrase,0.25
3828,957.0,RNAP,RNAP,1.0
3828,957.0,mRNA,tetA,11.0
3828,957.0,mRNA,Raspberry,2.0
3828,957.0,mRNA,mKalama1,1.0
3829,957.25,topo,topoI,0.25
3829,957.25,topo,gyrase,0.25
3829,957.25,RNAP,RNAP,1.0
3829,957.25,mRNA,tetA,11.0
3829,957.25,mRNA,Raspberry,2.0
3829,957.25,mRNA,mKalama1,1.0
3830,957.5,topo,topoI,0.25
3830,957.5,topo,gyrase,0.25
3830,957.5,RNAP,RNAP,1.0
3830,957.5,mRNA,tetA,11.0
3830,957.5,mRNA,Raspberry,2.0
3830,957.5,mRNA,mKalama1,1.0
3831,957.75,topo,topoI,0.25
3831,957.75,topo,gyrase,0.25
3831,957.75,RNAP,RNAP,1.0
3831,957.75,mRNA,tetA,11.0
3831,957.75,mRNA,Raspberry,2.0
3831,957.75,mRNA,mKalama1,1.0
3832,958.0,topo,topoI,0.25
3832,958.0,topo,gyrase,0.25
3832,958.0,RNAP,RNAP,1.0
3832,958.0,mRNA,tetA,11.0
3832,958.0,mRNA,Raspberry,2.0
3832,958.0,mRNA,mKalama1,1.0
3833,958.25,topo,topoI,0.25
3833,958.25,topo,gyrase,0.25
3833,958.25,RNAP,RNAP,1.0
3833,958.25,mRNA,tetA,11.0
3833,958.25,mRNA,Raspberry,2.0
3833,958.25,mRNA,mKalama1,1.0
3834,958.5,topo,topoI,0.25
3834,958.5,topo,gyrase,0.25
3834,958.5,RNAP,RNAP,1.0
3834,958.5,mRNA,tetA,11.0
3834,958.5,mRNA,Raspberry,2.0
3834,958.5,mRNA,mKalama1,1.0
3835,958.75,topo,topoI,0.25
3835,958.75,topo,gyrase,0.25
3835,958.75,RNAP,RNAP,1.0
3835,958.75,mRNA,tetA,11.0
3835,958.75,mRNA,Raspberry,2.0
3835,958.75,mRNA,mKalama1,1.0
3836,959.0,topo,topoI,0.25
3836,959.0,topo,gyrase,0.25
3836,959.0,RNAP,RNAP,1.0
3836,959.0,mRNA,tetA,11.0
3836,959.0,mRNA,Raspberry,2.0
3836,959.0,mRNA,mKalama1,1.0
3837,959.25,topo,topoI,0.25
3837,959.25,topo,gyrase,0.25
3837,959.25,RNAP,RNAP,1.0
3837,959.25,mRNA,tetA,11.0
3837,959.25,mRNA,Raspberry,2.0
3837,959.25,mRNA,mKalama1,1.0
3838,959.5,topo,topoI,0.25
3838,959.5,topo,gyrase,0.25
3838,959.5,RNAP,RNAP,1.0
3838,959.5,mRNA,tetA,11.0
3838,959.5,mRNA,Raspberry,2.0
3838,959.5,mRNA,mKalama1,1.0
3839,959.75,topo,topoI,0.25
3839,959.75,topo,gyrase,0.25
3839,959.75,RNAP,RNAP,1.0
3839,959.75,mRNA,tetA,11.0
3839,959.75,mRNA,Raspberry,2.0
3839,959.75,mRNA,mKalama1,1.0
3840,960.0,topo,topoI,0.25
3840,960.0,topo,gyrase,0.25
3840,960.0,RNAP,RNAP,1.0
3840,960.0,mRNA,tetA,11.0
3840,960.0,mRNA,Raspberry,2.0
3840,960.0,mRNA,mKalama1,1.0
3841,960.25,topo,topoI,0.25
3841,960.25,topo,gyrase,0.25
3841,960.25,RNAP,RNAP,1.0
3841,960.25,mRNA,tetA,11.0
3841,960.25,mRNA,Raspberry,2.0
3841,960.25,mRNA,mKalama1,1.0
3842,960.5,topo,topoI,0.25
3842,960.5,topo,gyrase,0.25
3842,960.5,RNAP,RNAP,1.0
3842,960.5,mRNA,tetA,11.0
3842,960.5,mRNA,Raspberry,2.0
3842,960.5,mRNA,mKalama1,1.0
3843,960.75,topo,topoI,0.25
3843,960.75,topo,gyrase,0.25
3843,960.75,RNAP,RNAP,1.0
3843,960.75,mRNA,tetA,11.0
3843,960.75,mRNA,Raspberry,2.0
3843,960.75,mRNA,mKalama1,1.0
3844,961.0,topo,topoI,0.25
3844,961.0,topo,gyrase,0.25
3844,961.0,RNAP,RNAP,1.0
3844,961.0,mRNA,tetA,11.0
3844,961.0,mRNA,Raspberry,2.0
3844,961.0,mRNA,mKalama1,1.0
3845,961.25,topo,topoI,0.25
3845,961.25,topo,gyrase,0.25
3845,961.25,RNAP,RNAP,1.0
3845,961.25,mRNA,tetA,11.0
3845,961.25,mRNA,Raspberry,2.0
3845,961.25,mRNA,mKalama1,1.0
3846,961.5,topo,topoI,0.25
3846,961.5,topo,gyrase,0.25
3846,961.5,RNAP,RNAP,1.0
3846,961.5,mRNA,tetA,11.0
3846,961.5,mRNA,Raspberry,2.0
3846,961.5,mRNA,mKalama1,1.0
3847,961.75,topo,topoI,0.25
3847,961.75,topo,gyrase,0.25
3847,961.75,RNAP,RNAP,1.0
3847,961.75,mRNA,tetA,11.0
3847,961.75,mRNA,Raspberry,2.0
3847,961.75,mRNA,mKalama1,1.0
3848,962.0,topo,topoI,0.25
3848,962.0,topo,gyrase,0.25
3848,962.0,RNAP,RNAP,1.0
3848,962.0,mRNA,tetA,11.0
3848,962.0,mRNA,Raspberry,2.0
3848,962.0,mRNA,mKalama1,1.0
3849,962.25,topo,topoI,0.25
3849,962.25,topo,gyrase,0.25
3849,962.25,RNAP,RNAP,1.0
3849,962.25,mRNA,tetA,11.0
3849,962.25,mRNA,Raspberry,2.0
3849,962.25,mRNA,mKalama1,1.0
3850,962.5,topo,topoI,0.25
3850,962.5,topo,gyrase,0.25
3850,962.5,RNAP,RNAP,1.0
3850,962.5,mRNA,tetA,11.0
3850,962.5,mRNA,Raspberry,2.0
3850,962.5,mRNA,mKalama1,1.0
3851,962.75,topo,topoI,0.25
3851,962.75,topo,gyrase,0.25
3851,962.75,RNAP,RNAP,1.0
3851,962.75,mRNA,tetA,11.0
3851,962.75,mRNA,Raspberry,2.0
3851,962.75,mRNA,mKalama1,1.0
3852,963.0,topo,topoI,0.25
3852,963.0,topo,gyrase,0.25
3852,963.0,RNAP,RNAP,1.0
3852,963.0,mRNA,tetA,11.0
3852,963.0,mRNA,Raspberry,2.0
3852,963.0,mRNA,mKalama1,1.0
3853,963.25,topo,topoI,0.25
3853,963.25,topo,gyrase,0.25
3853,963.25,RNAP,RNAP,1.0
3853,963.25,mRNA,tetA,11.0
3853,963.25,mRNA,Raspberry,2.0
3853,963.25,mRNA,mKalama1,1.0
3854,963.5,topo,topoI,0.25
3854,963.5,topo,gyrase,0.25
3854,963.5,RNAP,RNAP,1.0
3854,963.5,mRNA,tetA,11.0
3854,963.5,mRNA,Raspberry,2.0
3854,963.5,mRNA,mKalama1,1.0
3855,963.75,topo,topoI,0.25
3855,963.75,topo,gyrase,0.25
3855,963.75,RNAP,RNAP,1.0
3855,963.75,mRNA,tetA,11.0
3855,963.75,mRNA,Raspberry,2.0
3855,963.75,mRNA,mKalama1,1.0
3856,964.0,topo,topoI,0.25
3856,964.0,topo,gyrase,0.25
3856,964.0,RNAP,RNAP,1.0
3856,964.0,mRNA,tetA,11.0
3856,964.0,mRNA,Raspberry,2.0
3856,964.0,mRNA,mKalama1,1.0
3857,964.25,topo,topoI,0.25
3857,964.25,topo,gyrase,0.25
3857,964.25,RNAP,RNAP,1.0
3857,964.25,mRNA,tetA,11.0
3857,964.25,mRNA,Raspberry,2.0
3857,964.25,mRNA,mKalama1,1.0
3858,964.5,topo,topoI,0.25
3858,964.5,topo,gyrase,0.25
3858,964.5,RNAP,RNAP,1.0
3858,964.5,mRNA,tetA,11.0
3858,964.5,mRNA,Raspberry,2.0
3858,964.5,mRNA,mKalama1,1.0
3859,964.75,topo,topoI,0.25
3859,964.75,topo,gyrase,0.25
3859,964.75,RNAP,RNAP,1.0
3859,964.75,mRNA,tetA,11.0
3859,964.75,mRNA,Raspberry,2.0
3859,964.75,mRNA,mKalama1,1.0
3860,965.0,topo,topoI,0.25
3860,965.0,topo,gyrase,0.25
3860,965.0,RNAP,RNAP,1.0
3860,965.0,mRNA,tetA,11.0
3860,965.0,mRNA,Raspberry,2.0
3860,965.0,mRNA,mKalama1,1.0
3861,965.25,topo,topoI,0.25
3861,965.25,topo,gyrase,0.25
3861,965.25,RNAP,RNAP,1.0
3861,965.25,mRNA,tetA,11.0
3861,965.25,mRNA,Raspberry,2.0
3861,965.25,mRNA,mKalama1,1.0
3862,965.5,topo,topoI,0.25
3862,965.5,topo,gyrase,0.25
3862,965.5,RNAP,RNAP,1.0
3862,965.5,mRNA,tetA,11.0
3862,965.5,mRNA,Raspberry,2.0
3862,965.5,mRNA,mKalama1,1.0
3863,965.75,topo,topoI,0.25
3863,965.75,topo,gyrase,0.25
3863,965.75,RNAP,RNAP,1.0
3863,965.75,mRNA,tetA,11.0
3863,965.75,mRNA,Raspberry,2.0
3863,965.75,mRNA,mKalama1,1.0
3864,966.0,topo,topoI,0.25
3864,966.0,topo,gyrase,0.25
3864,966.0,RNAP,RNAP,1.0
3864,966.0,mRNA,tetA,11.0
3864,966.0,mRNA,Raspberry,2.0
3864,966.0,mRNA,mKalama1,1.0
3865,966.25,topo,topoI,0.25
3865,966.25,topo,gyrase,0.25
3865,966.25,RNAP,RNAP,1.0
3865,966.25,mRNA,tetA,11.0
3865,966.25,mRNA,Raspberry,2.0
3865,966.25,mRNA,mKalama1,1.0
3866,966.5,topo,topoI,0.25
3866,966.5,topo,gyrase,0.25
3866,966.5,RNAP,RNAP,1.0
3866,966.5,mRNA,tetA,11.0
3866,966.5,mRNA,Raspberry,2.0
3866,966.5,mRNA,mKalama1,1.0
3867,966.75,topo,topoI,0.25
3867,966.75,topo,gyrase,0.25
3867,966.75,RNAP,RNAP,1.0
3867,966.75,mRNA,tetA,11.0
3867,966.75,mRNA,Raspberry,2.0
3867,966.75,mRNA,mKalama1,1.0
3868,967.0,topo,topoI,0.25
3868,967.0,topo,gyrase,0.25
3868,967.0,RNAP,RNAP,1.0
3868,967.0,mRNA,tetA,11.0
3868,967.0,mRNA,Raspberry,2.0
3868,967.0,mRNA,mKalama1,1.0
3869,967.25,topo,topoI,0.25
3869,967.25,topo,gyrase,0.25
3869,967.25,RNAP,RNAP,1.0
3869,967.25,mRNA,tetA,11.0
3869,967.25,mRNA,Raspberry,2.0
3869,967.25,mRNA,mKalama1,1.0
3870,967.5,topo,topoI,0.25
3870,967.5,topo,gyrase,0.25
3870,967.5,RNAP,RNAP,1.0
3870,967.5,mRNA,tetA,11.0
3870,967.5,mRNA,Raspberry,2.0
3870,967.5,mRNA,mKalama1,1.0
3871,967.75,topo,topoI,0.25
3871,967.75,topo,gyrase,0.25
3871,967.75,RNAP,RNAP,1.0
3871,967.75,mRNA,tetA,11.0
3871,967.75,mRNA,Raspberry,2.0
3871,967.75,mRNA,mKalama1,1.0
3872,968.0,topo,topoI,0.25
3872,968.0,topo,gyrase,0.25
3872,968.0,RNAP,RNAP,1.0
3872,968.0,mRNA,tetA,11.0
3872,968.0,mRNA,Raspberry,2.0
3872,968.0,mRNA,mKalama1,1.0
3873,968.25,topo,topoI,0.25
3873,968.25,topo,gyrase,0.25
3873,968.25,RNAP,RNAP,1.0
3873,968.25,mRNA,tetA,11.0
3873,968.25,mRNA,Raspberry,2.0
3873,968.25,mRNA,mKalama1,1.0
3874,968.5,topo,topoI,0.25
3874,968.5,topo,gyrase,0.25
3874,968.5,RNAP,RNAP,1.0
3874,968.5,mRNA,tetA,11.0
3874,968.5,mRNA,Raspberry,2.0
3874,968.5,mRNA,mKalama1,1.0
3875,968.75,topo,topoI,0.25
3875,968.75,topo,gyrase,0.25
3875,968.75,RNAP,RNAP,1.0
3875,968.75,mRNA,tetA,11.0
3875,968.75,mRNA,Raspberry,2.0
3875,968.75,mRNA,mKalama1,1.0
3876,969.0,topo,topoI,0.25
3876,969.0,topo,gyrase,0.25
3876,969.0,RNAP,RNAP,1.0
3876,969.0,mRNA,tetA,11.0
3876,969.0,mRNA,Raspberry,2.0
3876,969.0,mRNA,mKalama1,1.0
3877,969.25,topo,topoI,0.25
3877,969.25,topo,gyrase,0.25
3877,969.25,RNAP,RNAP,1.0
3877,969.25,mRNA,tetA,11.0
3877,969.25,mRNA,Raspberry,2.0
3877,969.25,mRNA,mKalama1,1.0
3878,969.5,topo,topoI,0.25
3878,969.5,topo,gyrase,0.25
3878,969.5,RNAP,RNAP,1.0
3878,969.5,mRNA,tetA,11.0
3878,969.5,mRNA,Raspberry,2.0
3878,969.5,mRNA,mKalama1,1.0
3879,969.75,topo,topoI,0.25
3879,969.75,topo,gyrase,0.25
3879,969.75,RNAP,RNAP,1.0
3879,969.75,mRNA,tetA,11.0
3879,969.75,mRNA,Raspberry,2.0
3879,969.75,mRNA,mKalama1,1.0
3880,970.0,topo,topoI,0.25
3880,970.0,topo,gyrase,0.25
3880,970.0,RNAP,RNAP,1.0
3880,970.0,mRNA,tetA,11.0
3880,970.0,mRNA,Raspberry,2.0
3880,970.0,mRNA,mKalama1,1.0
3881,970.25,topo,topoI,0.25
3881,970.25,topo,gyrase,0.25
3881,970.25,RNAP,RNAP,1.0
3881,970.25,mRNA,tetA,11.0
3881,970.25,mRNA,Raspberry,2.0
3881,970.25,mRNA,mKalama1,1.0
3882,970.5,topo,topoI,0.25
3882,970.5,topo,gyrase,0.25
3882,970.5,RNAP,RNAP,1.0
3882,970.5,mRNA,tetA,11.0
3882,970.5,mRNA,Raspberry,2.0
3882,970.5,mRNA,mKalama1,1.0
3883,970.75,topo,topoI,0.25
3883,970.75,topo,gyrase,0.25
3883,970.75,RNAP,RNAP,1.0
3883,970.75,mRNA,tetA,11.0
3883,970.75,mRNA,Raspberry,2.0
3883,970.75,mRNA,mKalama1,1.0
3884,971.0,topo,topoI,0.25
3884,971.0,topo,gyrase,0.25
3884,971.0,RNAP,RNAP,1.0
3884,971.0,mRNA,tetA,11.0
3884,971.0,mRNA,Raspberry,2.0
3884,971.0,mRNA,mKalama1,1.0
3885,971.25,topo,topoI,0.25
3885,971.25,topo,gyrase,0.25
3885,971.25,RNAP,RNAP,1.0
3885,971.25,mRNA,tetA,11.0
3885,971.25,mRNA,Raspberry,2.0
3885,971.25,mRNA,mKalama1,1.0
3886,971.5,topo,topoI,0.25
3886,971.5,topo,gyrase,0.25
3886,971.5,RNAP,RNAP,1.0
3886,971.5,mRNA,tetA,11.0
3886,971.5,mRNA,Raspberry,2.0
3886,971.5,mRNA,mKalama1,1.0
3887,971.75,topo,topoI,0.25
3887,971.75,topo,gyrase,0.25
3887,971.75,RNAP,RNAP,1.0
3887,971.75,mRNA,tetA,11.0
3887,971.75,mRNA,Raspberry,2.0
3887,971.75,mRNA,mKalama1,1.0
3888,972.0,topo,topoI,0.25
3888,972.0,topo,gyrase,0.25
3888,972.0,RNAP,RNAP,1.0
3888,972.0,mRNA,tetA,11.0
3888,972.0,mRNA,Raspberry,2.0
3888,972.0,mRNA,mKalama1,1.0
3889,972.25,topo,topoI,0.25
3889,972.25,topo,gyrase,0.25
3889,972.25,RNAP,RNAP,1.0
3889,972.25,mRNA,tetA,11.0
3889,972.25,mRNA,Raspberry,2.0
3889,972.25,mRNA,mKalama1,1.0
3890,972.5,topo,topoI,0.25
3890,972.5,topo,gyrase,0.25
3890,972.5,RNAP,RNAP,1.0
3890,972.5,mRNA,tetA,11.0
3890,972.5,mRNA,Raspberry,2.0
3890,972.5,mRNA,mKalama1,1.0
3891,972.75,topo,topoI,0.25
3891,972.75,topo,gyrase,0.25
3891,972.75,RNAP,RNAP,1.0
3891,972.75,mRNA,tetA,11.0
3891,972.75,mRNA,Raspberry,2.0
3891,972.75,mRNA,mKalama1,1.0
3892,973.0,topo,topoI,0.25
3892,973.0,topo,gyrase,0.25
3892,973.0,RNAP,RNAP,1.0
3892,973.0,mRNA,tetA,11.0
3892,973.0,mRNA,Raspberry,2.0
3892,973.0,mRNA,mKalama1,1.0
3893,973.25,topo,topoI,0.25
3893,973.25,topo,gyrase,0.25
3893,973.25,RNAP,RNAP,1.0
3893,973.25,mRNA,tetA,11.0
3893,973.25,mRNA,Raspberry,2.0
3893,973.25,mRNA,mKalama1,1.0
3894,973.5,topo,topoI,0.25
3894,973.5,topo,gyrase,0.25
3894,973.5,RNAP,RNAP,1.0
3894,973.5,mRNA,tetA,11.0
3894,973.5,mRNA,Raspberry,2.0
3894,973.5,mRNA,mKalama1,1.0
3895,973.75,topo,topoI,0.25
3895,973.75,topo,gyrase,0.25
3895,973.75,RNAP,RNAP,1.0
3895,973.75,mRNA,tetA,11.0
3895,973.75,mRNA,Raspberry,2.0
3895,973.75,mRNA,mKalama1,1.0
3896,974.0,topo,topoI,0.25
3896,974.0,topo,gyrase,0.25
3896,974.0,RNAP,RNAP,1.0
3896,974.0,mRNA,tetA,11.0
3896,974.0,mRNA,Raspberry,2.0
3896,974.0,mRNA,mKalama1,1.0
3897,974.25,topo,topoI,0.25
3897,974.25,topo,gyrase,0.25
3897,974.25,RNAP,RNAP,1.0
3897,974.25,mRNA,tetA,11.0
3897,974.25,mRNA,Raspberry,2.0
3897,974.25,mRNA,mKalama1,1.0
3898,974.5,topo,topoI,0.25
3898,974.5,topo,gyrase,0.25
3898,974.5,RNAP,RNAP,1.0
3898,974.5,mRNA,tetA,11.0
3898,974.5,mRNA,Raspberry,2.0
3898,974.5,mRNA,mKalama1,1.0
3899,974.75,topo,topoI,0.25
3899,974.75,topo,gyrase,0.25
3899,974.75,RNAP,RNAP,1.0
3899,974.75,mRNA,tetA,11.0
3899,974.75,mRNA,Raspberry,2.0
3899,974.75,mRNA,mKalama1,1.0
3900,975.0,topo,topoI,0.25
3900,975.0,topo,gyrase,0.25
3900,975.0,RNAP,RNAP,1.0
3900,975.0,mRNA,tetA,11.0
3900,975.0,mRNA,Raspberry,2.0
3900,975.0,mRNA,mKalama1,1.0
3901,975.25,topo,topoI,0.25
3901,975.25,topo,gyrase,0.25
3901,975.25,RNAP,RNAP,1.0
3901,975.25,mRNA,tetA,11.0
3901,975.25,mRNA,Raspberry,2.0
3901,975.25,mRNA,mKalama1,1.0
3902,975.5,topo,topoI,0.25
3902,975.5,topo,gyrase,0.25
3902,975.5,RNAP,RNAP,1.0
3902,975.5,mRNA,tetA,11.0
3902,975.5,mRNA,Raspberry,2.0
3902,975.5,mRNA,mKalama1,1.0
3903,975.75,topo,topoI,0.25
3903,975.75,topo,gyrase,0.25
3903,975.75,RNAP,RNAP,1.0
3903,975.75,mRNA,tetA,11.0
3903,975.75,mRNA,Raspberry,2.0
3903,975.75,mRNA,mKalama1,1.0
3904,976.0,topo,topoI,0.25
3904,976.0,topo,gyrase,0.25
3904,976.0,RNAP,RNAP,1.0
3904,976.0,mRNA,tetA,11.0
3904,976.0,mRNA,Raspberry,2.0
3904,976.0,mRNA,mKalama1,1.0
3905,976.25,topo,topoI,0.25
3905,976.25,topo,gyrase,0.25
3905,976.25,RNAP,RNAP,1.0
3905,976.25,mRNA,tetA,11.0
3905,976.25,mRNA,Raspberry,2.0
3905,976.25,mRNA,mKalama1,1.0
3906,976.5,topo,topoI,0.25
3906,976.5,topo,gyrase,0.25
3906,976.5,RNAP,RNAP,1.0
3906,976.5,mRNA,tetA,11.0
3906,976.5,mRNA,Raspberry,2.0
3906,976.5,mRNA,mKalama1,1.0
3907,976.75,topo,topoI,0.25
3907,976.75,topo,gyrase,0.25
3907,976.75,RNAP,RNAP,1.0
3907,976.75,mRNA,tetA,11.0
3907,976.75,mRNA,Raspberry,2.0
3907,976.75,mRNA,mKalama1,1.0
3908,977.0,topo,topoI,0.25
3908,977.0,topo,gyrase,0.25
3908,977.0,RNAP,RNAP,1.0
3908,977.0,mRNA,tetA,11.0
3908,977.0,mRNA,Raspberry,2.0
3908,977.0,mRNA,mKalama1,1.0
3909,977.25,topo,topoI,0.25
3909,977.25,topo,gyrase,0.25
3909,977.25,RNAP,RNAP,1.0
3909,977.25,mRNA,tetA,11.0
3909,977.25,mRNA,Raspberry,2.0
3909,977.25,mRNA,mKalama1,1.0
3910,977.5,topo,topoI,0.25
3910,977.5,topo,gyrase,0.25
3910,977.5,RNAP,RNAP,1.0
3910,977.5,mRNA,tetA,11.0
3910,977.5,mRNA,Raspberry,2.0
3910,977.5,mRNA,mKalama1,1.0
3911,977.75,topo,topoI,0.25
3911,977.75,topo,gyrase,0.25
3911,977.75,RNAP,RNAP,1.0
3911,977.75,mRNA,tetA,11.0
3911,977.75,mRNA,Raspberry,2.0
3911,977.75,mRNA,mKalama1,1.0
3912,978.0,topo,topoI,0.25
3912,978.0,topo,gyrase,0.25
3912,978.0,RNAP,RNAP,1.0
3912,978.0,mRNA,tetA,11.0
3912,978.0,mRNA,Raspberry,2.0
3912,978.0,mRNA,mKalama1,1.0
3913,978.25,topo,topoI,0.25
3913,978.25,topo,gyrase,0.25
3913,978.25,RNAP,RNAP,1.0
3913,978.25,mRNA,tetA,11.0
3913,978.25,mRNA,Raspberry,2.0
3913,978.25,mRNA,mKalama1,1.0
3914,978.5,topo,topoI,0.25
3914,978.5,topo,gyrase,0.25
3914,978.5,RNAP,RNAP,1.0
3914,978.5,mRNA,tetA,11.0
3914,978.5,mRNA,Raspberry,2.0
3914,978.5,mRNA,mKalama1,1.0
3915,978.75,topo,topoI,0.25
3915,978.75,topo,gyrase,0.25
3915,978.75,RNAP,RNAP,1.0
3915,978.75,mRNA,tetA,11.0
3915,978.75,mRNA,Raspberry,2.0
3915,978.75,mRNA,mKalama1,1.0
3916,979.0,topo,topoI,0.25
3916,979.0,topo,gyrase,0.25
3916,979.0,RNAP,RNAP,1.0
3916,979.0,mRNA,tetA,11.0
3916,979.0,mRNA,Raspberry,2.0
3916,979.0,mRNA,mKalama1,1.0
3917,979.25,topo,topoI,0.25
3917,979.25,topo,gyrase,0.25
3917,979.25,RNAP,RNAP,1.0
3917,979.25,mRNA,tetA,11.0
3917,979.25,mRNA,Raspberry,2.0
3917,979.25,mRNA,mKalama1,1.0
3918,979.5,topo,topoI,0.25
3918,979.5,topo,gyrase,0.25
3918,979.5,RNAP,RNAP,1.0
3918,979.5,mRNA,tetA,11.0
3918,979.5,mRNA,Raspberry,2.0
3918,979.5,mRNA,mKalama1,1.0
3919,979.75,topo,topoI,0.25
3919,979.75,topo,gyrase,0.25
3919,979.75,RNAP,RNAP,1.0
3919,979.75,mRNA,tetA,11.0
3919,979.75,mRNA,Raspberry,2.0
3919,979.75,mRNA,mKalama1,1.0
3920,980.0,topo,topoI,0.25
3920,980.0,topo,gyrase,0.25
3920,980.0,RNAP,RNAP,1.0
3920,980.0,mRNA,tetA,11.0
3920,980.0,mRNA,Raspberry,2.0
3920,980.0,mRNA,mKalama1,1.0
3921,980.25,topo,topoI,0.25
3921,980.25,topo,gyrase,0.25
3921,980.25,RNAP,RNAP,1.0
3921,980.25,mRNA,tetA,11.0
3921,980.25,mRNA,Raspberry,2.0
3921,980.25,mRNA,mKalama1,1.0
3922,980.5,topo,topoI,0.25
3922,980.5,topo,gyrase,0.25
3922,980.5,RNAP,RNAP,1.0
3922,980.5,mRNA,tetA,11.0
3922,980.5,mRNA,Raspberry,2.0
3922,980.5,mRNA,mKalama1,1.0
3923,980.75,topo,topoI,0.25
3923,980.75,topo,gyrase,0.25
3923,980.75,RNAP,RNAP,1.0
3923,980.75,mRNA,tetA,11.0
3923,980.75,mRNA,Raspberry,2.0
3923,980.75,mRNA,mKalama1,1.0
3924,981.0,topo,topoI,0.25
3924,981.0,topo,gyrase,0.25
3924,981.0,RNAP,RNAP,1.0
3924,981.0,mRNA,tetA,11.0
3924,981.0,mRNA,Raspberry,2.0
3924,981.0,mRNA,mKalama1,1.0
3925,981.25,topo,topoI,0.25
3925,981.25,topo,gyrase,0.25
3925,981.25,RNAP,RNAP,1.0
3925,981.25,mRNA,tetA,11.0
3925,981.25,mRNA,Raspberry,2.0
3925,981.25,mRNA,mKalama1,1.0
3926,981.5,topo,topoI,0.25
3926,981.5,topo,gyrase,0.25
3926,981.5,RNAP,RNAP,1.0
3926,981.5,mRNA,tetA,11.0
3926,981.5,mRNA,Raspberry,2.0
3926,981.5,mRNA,mKalama1,1.0
3927,981.75,topo,topoI,0.25
3927,981.75,topo,gyrase,0.25
3927,981.75,RNAP,RNAP,1.0
3927,981.75,mRNA,tetA,11.0
3927,981.75,mRNA,Raspberry,2.0
3927,981.75,mRNA,mKalama1,1.0
3928,982.0,topo,topoI,0.25
3928,982.0,topo,gyrase,0.25
3928,982.0,RNAP,RNAP,1.0
3928,982.0,mRNA,tetA,11.0
3928,982.0,mRNA,Raspberry,2.0
3928,982.0,mRNA,mKalama1,1.0
3929,982.25,topo,topoI,0.25
3929,982.25,topo,gyrase,0.25
3929,982.25,RNAP,RNAP,1.0
3929,982.25,mRNA,tetA,11.0
3929,982.25,mRNA,Raspberry,2.0
3929,982.25,mRNA,mKalama1,1.0
3930,982.5,topo,topoI,0.25
3930,982.5,topo,gyrase,0.25
3930,982.5,RNAP,RNAP,1.0
3930,982.5,mRNA,tetA,11.0
3930,982.5,mRNA,Raspberry,2.0
3930,982.5,mRNA,mKalama1,1.0
3931,982.75,topo,topoI,0.25
3931,982.75,topo,gyrase,0.25
3931,982.75,RNAP,RNAP,1.0
3931,982.75,mRNA,tetA,11.0
3931,982.75,mRNA,Raspberry,2.0
3931,982.75,mRNA,mKalama1,1.0
3932,983.0,topo,topoI,0.25
3932,983.0,topo,gyrase,0.25
3932,983.0,RNAP,RNAP,1.0
3932,983.0,mRNA,tetA,11.0
3932,983.0,mRNA,Raspberry,2.0
3932,983.0,mRNA,mKalama1,1.0
3933,983.25,topo,topoI,0.25
3933,983.25,topo,gyrase,0.25
3933,983.25,RNAP,RNAP,1.0
3933,983.25,mRNA,tetA,11.0
3933,983.25,mRNA,Raspberry,2.0
3933,983.25,mRNA,mKalama1,1.0
3934,983.5,topo,topoI,0.25
3934,983.5,topo,gyrase,0.25
3934,983.5,RNAP,RNAP,1.0
3934,983.5,mRNA,tetA,11.0
3934,983.5,mRNA,Raspberry,2.0
3934,983.5,mRNA,mKalama1,1.0
3935,983.75,topo,topoI,0.25
3935,983.75,topo,gyrase,0.25
3935,983.75,RNAP,RNAP,1.0
3935,983.75,mRNA,tetA,11.0
3935,983.75,mRNA,Raspberry,2.0
3935,983.75,mRNA,mKalama1,1.0
3936,984.0,topo,topoI,0.25
3936,984.0,topo,gyrase,0.25
3936,984.0,RNAP,RNAP,1.0
3936,984.0,mRNA,tetA,11.0
3936,984.0,mRNA,Raspberry,2.0
3936,984.0,mRNA,mKalama1,1.0
3937,984.25,topo,topoI,0.25
3937,984.25,topo,gyrase,0.25
3937,984.25,RNAP,RNAP,1.0
3937,984.25,mRNA,tetA,11.0
3937,984.25,mRNA,Raspberry,2.0
3937,984.25,mRNA,mKalama1,1.0
3938,984.5,topo,topoI,0.25
3938,984.5,topo,gyrase,0.25
3938,984.5,RNAP,RNAP,1.0
3938,984.5,mRNA,tetA,11.0
3938,984.5,mRNA,Raspberry,2.0
3938,984.5,mRNA,mKalama1,1.0
3939,984.75,topo,topoI,0.25
3939,984.75,topo,gyrase,0.25
3939,984.75,RNAP,RNAP,1.0
3939,984.75,mRNA,tetA,11.0
3939,984.75,mRNA,Raspberry,2.0
3939,984.75,mRNA,mKalama1,1.0
3940,985.0,topo,topoI,0.25
3940,985.0,topo,gyrase,0.25
3940,985.0,RNAP,RNAP,1.0
3940,985.0,mRNA,tetA,11.0
3940,985.0,mRNA,Raspberry,2.0
3940,985.0,mRNA,mKalama1,1.0
3941,985.25,topo,topoI,0.25
3941,985.25,topo,gyrase,0.25
3941,985.25,RNAP,RNAP,1.0
3941,985.25,mRNA,tetA,11.0
3941,985.25,mRNA,Raspberry,2.0
3941,985.25,mRNA,mKalama1,1.0
3942,985.5,topo,topoI,0.25
3942,985.5,topo,gyrase,0.25
3942,985.5,RNAP,RNAP,1.0
3942,985.5,mRNA,tetA,11.0
3942,985.5,mRNA,Raspberry,2.0
3942,985.5,mRNA,mKalama1,1.0
3943,985.75,topo,topoI,0.25
3943,985.75,topo,gyrase,0.25
3943,985.75,RNAP,RNAP,1.0
3943,985.75,mRNA,tetA,11.0
3943,985.75,mRNA,Raspberry,2.0
3943,985.75,mRNA,mKalama1,1.0
3944,986.0,topo,topoI,0.25
3944,986.0,topo,gyrase,0.25
3944,986.0,RNAP,RNAP,1.0
3944,986.0,mRNA,tetA,11.0
3944,986.0,mRNA,Raspberry,2.0
3944,986.0,mRNA,mKalama1,1.0
3945,986.25,topo,topoI,0.25
3945,986.25,topo,gyrase,0.25
3945,986.25,RNAP,RNAP,1.0
3945,986.25,mRNA,tetA,11.0
3945,986.25,mRNA,Raspberry,2.0
3945,986.25,mRNA,mKalama1,1.0
3946,986.5,topo,topoI,0.25
3946,986.5,topo,gyrase,0.25
3946,986.5,RNAP,RNAP,1.0
3946,986.5,mRNA,tetA,11.0
3946,986.5,mRNA,Raspberry,2.0
3946,986.5,mRNA,mKalama1,1.0
3947,986.75,topo,topoI,0.25
3947,986.75,topo,gyrase,0.25
3947,986.75,RNAP,RNAP,1.0
3947,986.75,mRNA,tetA,11.0
3947,986.75,mRNA,Raspberry,2.0
3947,986.75,mRNA,mKalama1,1.0
3948,987.0,topo,topoI,0.25
3948,987.0,topo,gyrase,0.25
3948,987.0,RNAP,RNAP,1.0
3948,987.0,mRNA,tetA,11.0
3948,987.0,mRNA,Raspberry,2.0
3948,987.0,mRNA,mKalama1,1.0
3949,987.25,topo,topoI,0.25
3949,987.25,topo,gyrase,0.25
3949,987.25,RNAP,RNAP,1.0
3949,987.25,mRNA,tetA,11.0
3949,987.25,mRNA,Raspberry,2.0
3949,987.25,mRNA,mKalama1,1.0
3950,987.5,topo,topoI,0.25
3950,987.5,topo,gyrase,0.25
3950,987.5,RNAP,RNAP,1.0
3950,987.5,mRNA,tetA,11.0
3950,987.5,mRNA,Raspberry,2.0
3950,987.5,mRNA,mKalama1,1.0
3951,987.75,topo,topoI,0.25
3951,987.75,topo,gyrase,0.25
3951,987.75,RNAP,RNAP,1.0
3951,987.75,mRNA,tetA,11.0
3951,987.75,mRNA,Raspberry,2.0
3951,987.75,mRNA,mKalama1,1.0
3952,988.0,topo,topoI,0.25
3952,988.0,topo,gyrase,0.25
3952,988.0,RNAP,RNAP,1.0
3952,988.0,mRNA,tetA,11.0
3952,988.0,mRNA,Raspberry,2.0
3952,988.0,mRNA,mKalama1,1.0
3953,988.25,topo,topoI,0.25
3953,988.25,topo,gyrase,0.25
3953,988.25,RNAP,RNAP,1.0
3953,988.25,mRNA,tetA,11.0
3953,988.25,mRNA,Raspberry,2.0
3953,988.25,mRNA,mKalama1,1.0
3954,988.5,topo,topoI,0.25
3954,988.5,topo,gyrase,0.25
3954,988.5,RNAP,RNAP,1.0
3954,988.5,mRNA,tetA,11.0
3954,988.5,mRNA,Raspberry,2.0
3954,988.5,mRNA,mKalama1,1.0
3955,988.75,topo,topoI,0.25
3955,988.75,topo,gyrase,0.25
3955,988.75,RNAP,RNAP,1.0
3955,988.75,mRNA,tetA,11.0
3955,988.75,mRNA,Raspberry,2.0
3955,988.75,mRNA,mKalama1,1.0
3956,989.0,topo,topoI,0.25
3956,989.0,topo,gyrase,0.25
3956,989.0,RNAP,RNAP,1.0
3956,989.0,mRNA,tetA,11.0
3956,989.0,mRNA,Raspberry,2.0
3956,989.0,mRNA,mKalama1,1.0
3957,989.25,topo,topoI,0.25
3957,989.25,topo,gyrase,0.25
3957,989.25,RNAP,RNAP,1.0
3957,989.25,mRNA,tetA,11.0
3957,989.25,mRNA,Raspberry,2.0
3957,989.25,mRNA,mKalama1,1.0
3958,989.5,topo,topoI,0.25
3958,989.5,topo,gyrase,0.25
3958,989.5,RNAP,RNAP,1.0
3958,989.5,mRNA,tetA,11.0
3958,989.5,mRNA,Raspberry,2.0
3958,989.5,mRNA,mKalama1,1.0
3959,989.75,topo,topoI,0.25
3959,989.75,topo,gyrase,0.25
3959,989.75,RNAP,RNAP,1.0
3959,989.75,mRNA,tetA,11.0
3959,989.75,mRNA,Raspberry,2.0
3959,989.75,mRNA,mKalama1,1.0
3960,990.0,topo,topoI,0.25
3960,990.0,topo,gyrase,0.25
3960,990.0,RNAP,RNAP,1.0
3960,990.0,mRNA,tetA,11.0
3960,990.0,mRNA,Raspberry,2.0
3960,990.0,mRNA,mKalama1,1.0
3961,990.25,topo,topoI,0.25
3961,990.25,topo,gyrase,0.25
3961,990.25,RNAP,RNAP,1.0
3961,990.25,mRNA,tetA,11.0
3961,990.25,mRNA,Raspberry,2.0
3961,990.25,mRNA,mKalama1,1.0
3962,990.5,topo,topoI,0.25
3962,990.5,topo,gyrase,0.25
3962,990.5,RNAP,RNAP,1.0
3962,990.5,mRNA,tetA,11.0
3962,990.5,mRNA,Raspberry,2.0
3962,990.5,mRNA,mKalama1,1.0
3963,990.75,topo,topoI,0.25
3963,990.75,topo,gyrase,0.25
3963,990.75,RNAP,RNAP,1.0
3963,990.75,mRNA,tetA,11.0
3963,990.75,mRNA,Raspberry,2.0
3963,990.75,mRNA,mKalama1,1.0
3964,991.0,topo,topoI,0.25
3964,991.0,topo,gyrase,0.25
3964,991.0,RNAP,RNAP,1.0
3964,991.0,mRNA,tetA,11.0
3964,991.0,mRNA,Raspberry,2.0
3964,991.0,mRNA,mKalama1,1.0
3965,991.25,topo,topoI,0.25
3965,991.25,topo,gyrase,0.25
3965,991.25,RNAP,RNAP,1.0
3965,991.25,mRNA,tetA,11.0
3965,991.25,mRNA,Raspberry,2.0
3965,991.25,mRNA,mKalama1,1.0
3966,991.5,topo,topoI,0.25
3966,991.5,topo,gyrase,0.25
3966,991.5,RNAP,RNAP,1.0
3966,991.5,mRNA,tetA,11.0
3966,991.5,mRNA,Raspberry,2.0
3966,991.5,mRNA,mKalama1,1.0
3967,991.75,topo,topoI,0.25
3967,991.75,topo,gyrase,0.25
3967,991.75,RNAP,RNAP,1.0
3967,991.75,mRNA,tetA,11.0
3967,991.75,mRNA,Raspberry,2.0
3967,991.75,mRNA,mKalama1,1.0
3968,992.0,topo,topoI,0.25
3968,992.0,topo,gyrase,0.25
3968,992.0,RNAP,RNAP,1.0
3968,992.0,mRNA,tetA,11.0
3968,992.0,mRNA,Raspberry,2.0
3968,992.0,mRNA,mKalama1,1.0
3969,992.25,topo,topoI,0.25
3969,992.25,topo,gyrase,0.25
3969,992.25,RNAP,RNAP,1.0
3969,992.25,mRNA,tetA,11.0
3969,992.25,mRNA,Raspberry,2.0
3969,992.25,mRNA,mKalama1,1.0
3970,992.5,topo,topoI,0.25
3970,992.5,topo,gyrase,0.25
3970,992.5,RNAP,RNAP,1.0
3970,992.5,mRNA,tetA,11.0
3970,992.5,mRNA,Raspberry,2.0
3970,992.5,mRNA,mKalama1,1.0
3971,992.75,topo,topoI,0.25
3971,992.75,topo,gyrase,0.25
3971,992.75,RNAP,RNAP,1.0
3971,992.75,mRNA,tetA,11.0
3971,992.75,mRNA,Raspberry,2.0
3971,992.75,mRNA,mKalama1,1.0
3972,993.0,topo,topoI,0.25
3972,993.0,topo,gyrase,0.25
3972,993.0,RNAP,RNAP,1.0
3972,993.0,mRNA,tetA,11.0
3972,993.0,mRNA,Raspberry,2.0
3972,993.0,mRNA,mKalama1,1.0
3973,993.25,topo,topoI,0.25
3973,993.25,topo,gyrase,0.25
3973,993.25,RNAP,RNAP,1.0
3973,993.25,mRNA,tetA,11.0
3973,993.25,mRNA,Raspberry,2.0
3973,993.25,mRNA,mKalama1,1.0
3974,993.5,topo,topoI,0.25
3974,993.5,topo,gyrase,0.25
3974,993.5,RNAP,RNAP,1.0
3974,993.5,mRNA,tetA,11.0
3974,993.5,mRNA,Raspberry,2.0
3974,993.5,mRNA,mKalama1,1.0
3975,993.75,topo,topoI,0.25
3975,993.75,topo,gyrase,0.25
3975,993.75,RNAP,RNAP,1.0
3975,993.75,mRNA,tetA,11.0
3975,993.75,mRNA,Raspberry,2.0
3975,993.75,mRNA,mKalama1,1.0
3976,994.0,topo,topoI,0.25
3976,994.0,topo,gyrase,0.25
3976,994.0,RNAP,RNAP,1.0
3976,994.0,mRNA,tetA,11.0
3976,994.0,mRNA,Raspberry,2.0
3976,994.0,mRNA,mKalama1,1.0
3977,994.25,topo,topoI,0.25
3977,994.25,topo,gyrase,0.25
3977,994.25,RNAP,RNAP,1.0
3977,994.25,mRNA,tetA,11.0
3977,994.25,mRNA,Raspberry,2.0
3977,994.25,mRNA,mKalama1,1.0
3978,994.5,topo,topoI,0.25
3978,994.5,topo,gyrase,0.25
3978,994.5,RNAP,RNAP,1.0
3978,994.5,mRNA,tetA,11.0
3978,994.5,mRNA,Raspberry,2.0
3978,994.5,mRNA,mKalama1,1.0
3979,994.75,topo,topoI,0.25
3979,994.75,topo,gyrase,0.25
3979,994.75,RNAP,RNAP,1.0
3979,994.75,mRNA,tetA,11.0
3979,994.75,mRNA,Raspberry,2.0
3979,994.75,mRNA,mKalama1,1.0
3980,995.0,topo,topoI,0.25
3980,995.0,topo,gyrase,0.25
3980,995.0,RNAP,RNAP,1.0
3980,995.0,mRNA,tetA,11.0
3980,995.0,mRNA,Raspberry,2.0
3980,995.0,mRNA,mKalama1,1.0
3981,995.25,topo,topoI,0.25
3981,995.25,topo,gyrase,0.25
3981,995.25,RNAP,RNAP,1.0
3981,995.25,mRNA,tetA,11.0
3981,995.25,mRNA,Raspberry,2.0
3981,995.25,mRNA,mKalama1,1.0
3982,995.5,topo,topoI,0.25
3982,995.5,topo,gyrase,0.25
3982,995.5,RNAP,RNAP,1.0
3982,995.5,mRNA,tetA,11.0
3982,995.5,mRNA,Raspberry,2.0
3982,995.5,mRNA,mKalama1,1.0
3983,995.75,topo,topoI,0.25
3983,995.75,topo,gyrase,0.25
3983,995.75,RNAP,RNAP,1.0
3983,995.75,mRNA,tetA,11.0
3983,995.75,mRNA,Raspberry,2.0
3983,995.75,mRNA,mKalama1,1.0
3984,996.0,topo,topoI,0.25
3984,996.0,topo,gyrase,0.25
3984,996.0,RNAP,RNAP,1.0
3984,996.0,mRNA,tetA,11.0
3984,996.0,mRNA,Raspberry,2.0
3984,996.0,mRNA,mKalama1,1.0
3985,996.25,topo,topoI,0.25
3985,996.25,topo,gyrase,0.25
3985,996.25,RNAP,RNAP,1.0
3985,996.25,mRNA,tetA,11.0
3985,996.25,mRNA,Raspberry,2.0
3985,996.25,mRNA,mKalama1,1.0
3986,996.5,topo,topoI,0.25
3986,996.5,topo,gyrase,0.25
3986,996.5,RNAP,RNAP,1.0
3986,996.5,mRNA,tetA,11.0
3986,996.5,mRNA,Raspberry,2.0
3986,996.5,mRNA,mKalama1,1.0
3987,996.75,topo,topoI,0.25
3987,996.75,topo,gyrase,0.25
3987,996.75,RNAP,RNAP,1.0
3987,996.75,mRNA,tetA,11.0
3987,996.75,mRNA,Raspberry,2.0
3987,996.75,mRNA,mKalama1,1.0
3988,997.0,topo,topoI,0.25
3988,997.0,topo,gyrase,0.25
3988,997.0,RNAP,RNAP,1.0
3988,997.0,mRNA,tetA,11.0
3988,997.0,mRNA,Raspberry,2.0
3988,997.0,mRNA,mKalama1,1.0
3989,997.25,topo,topoI,0.25
3989,997.25,topo,gyrase,0.25
3989,997.25,RNAP,RNAP,1.0
3989,997.25,mRNA,tetA,11.0
3989,997.25,mRNA,Raspberry,2.0
3989,997.25,mRNA,mKalama1,1.0
3990,997.5,topo,topoI,0.25
3990,997.5,topo,gyrase,0.25
3990,997.5,RNAP,RNAP,1.0
3990,997.5,mRNA,tetA,11.0
3990,997.5,mRNA,Raspberry,2.0
3990,997.5,mRNA,mKalama1,1.0
3991,997.75,topo,topoI,0.25
3991,997.75,topo,gyrase,0.25
3991,997.75,RNAP,RNAP,1.0
3991,997.75,mRNA,tetA,11.0
3991,997.75,mRNA,Raspberry,2.0
3991,997.75,mRNA,mKalama1,1.0
3992,998.0,topo,topoI,0.25
3992,998.0,topo,gyrase,0.25
3992,998.0,RNAP,RNAP,1.0
3992,998.0,mRNA,tetA,11.0
3992,998.0,mRNA,Raspberry,2.0
3992,998.0,mRNA,mKalama1,1.0
3993,998.25,topo,topoI,0.25
3993,998.25,topo,gyrase,0.25
3993,998.25,RNAP,RNAP,1.0
3993,998.25,mRNA,tetA,11.0
3993,998.25,mRNA,Raspberry,2.0
3993,998.25,mRNA,mKalama1,1.0
3994,998.5,topo,topoI,0.25
3994,998.5,topo,gyrase,0.25
3994,998.5,RNAP,RNAP,1.0
3994,998.5,mRNA,tetA,11.0
3994,998.5,mRNA,Raspberry,2.0
3994,998.5,mRNA,mKalama1,1.0
3995,998.75,topo,topoI,0.25
3995,998.75,topo,gyrase,0.25
3995,998.75,RNAP,RNAP,1.0
3995,998.75,mRNA,tetA,11.0
3995,998.75,mRNA,Raspberry,2.0
3995,998.75,mRNA,mKalama1,1.0
3996,999.0,topo,topoI,0.25
3996,999.0,topo,gyrase,0.25
3996,999.0,RNAP,RNAP,1.0
3996,999.0,mRNA,tetA,11.0
3996,999.0,mRNA,Raspberry,2.0
3996,999.0,mRNA,mKalama1,1.0
3997,999.25,topo,topoI,0.25
3997,999.25,topo,gyrase,0.25
3997,999.25,RNAP,RNAP,1.0
3997,999.25,mRNA,tetA,11.0
3997,999.25,mRNA,Raspberry,2.0
3997,999.25,mRNA,mKalama1,1.0
3998,999.5,topo,topoI,0.25
3998,999.5,topo,gyrase,0.25
3998,999.5,RNAP,RNAP,1.0
3998,999.5,mRNA,tetA,11.0
3998,999.5,mRNA,Raspberry,2.0
3998,999.5,mRNA,mKalama1,1.0
3999,999.75,topo,topoI,0.25
3999,999.75,topo,gyrase,0.25
3999,999.75,RNAP,RNAP,1.0
3999,999.75,mRNA,tetA,11.0
3999,999.75,mRNA,Raspberry,2.0
3999,999.75,mRNA,mKalama1,1.0
4000,1000.0,topo,topoI,0.25
4000,1000.0,topo,gyrase,0.25
4000,1000.0,RNAP,RNAP,1.0
4000,1000.0,mRNA,tetA,11.0
4000,1000.0,mRNA,Raspberry,2.0
4000,1000.0,mRNA,mKalama1,1.0
4001,1000.25,topo,topoI,0.25
4001,1000.25,topo,gyrase,0.25
4001,1000.25,RNAP,RNAP,1.0
4001,1000.25,mRNA,tetA,11.0
4001,1000.25,mRNA,Raspberry,2.0
4001,1000.25,mRNA,mKalama1,1.0
4002,1000.5,topo,topoI,0.25
4002,1000.5,topo,gyrase,0.25
4002,1000.5,RNAP,RNAP,1.0
4002,1000.5,mRNA,tetA,11.0
4002,1000.5,mRNA,Raspberry,2.0
4002,1000.5,mRNA,mKalama1,1.0
4003,1000.75,topo,topoI,0.25
4003,1000.75,topo,gyrase,0.25
4003,1000.75,RNAP,RNAP,1.0
4003,1000.75,mRNA,tetA,11.0
4003,1000.75,mRNA,Raspberry,2.0
4003,1000.75,mRNA,mKalama1,1.0
4004,1001.0,topo,topoI,0.25
4004,1001.0,topo,gyrase,0.25
4004,1001.0,RNAP,RNAP,1.0
4004,1001.0,mRNA,tetA,11.0
4004,1001.0,mRNA,Raspberry,2.0
4004,1001.0,mRNA,mKalama1,1.0
4005,1001.25,topo,topoI,0.25
4005,1001.25,topo,gyrase,0.25
4005,1001.25,RNAP,RNAP,1.0
4005,1001.25,mRNA,tetA,11.0
4005,1001.25,mRNA,Raspberry,2.0
4005,1001.25,mRNA,mKalama1,1.0
4006,1001.5,topo,topoI,0.25
4006,1001.5,topo,gyrase,0.25
4006,1001.5,RNAP,RNAP,1.0
4006,1001.5,mRNA,tetA,11.0
4006,1001.5,mRNA,Raspberry,2.0
4006,1001.5,mRNA,mKalama1,1.0
4007,1001.75,topo,topoI,0.25
4007,1001.75,topo,gyrase,0.25
4007,1001.75,RNAP,RNAP,1.0
4007,1001.75,mRNA,tetA,11.0
4007,1001.75,mRNA,Raspberry,2.0
4007,1001.75,mRNA,mKalama1,1.0
4008,1002.0,topo,topoI,0.25
4008,1002.0,topo,gyrase,0.25
4008,1002.0,RNAP,RNAP,1.0
4008,1002.0,mRNA,tetA,11.0
4008,1002.0,mRNA,Raspberry,2.0
4008,1002.0,mRNA,mKalama1,1.0
4009,1002.25,topo,topoI,0.25
4009,1002.25,topo,gyrase,0.25
4009,1002.25,RNAP,RNAP,1.0
4009,1002.25,mRNA,tetA,11.0
4009,1002.25,mRNA,Raspberry,2.0
4009,1002.25,mRNA,mKalama1,1.0
4010,1002.5,topo,topoI,0.25
4010,1002.5,topo,gyrase,0.25
4010,1002.5,RNAP,RNAP,1.0
4010,1002.5,mRNA,tetA,11.0
4010,1002.5,mRNA,Raspberry,2.0
4010,1002.5,mRNA,mKalama1,1.0
4011,1002.75,topo,topoI,0.25
4011,1002.75,topo,gyrase,0.25
4011,1002.75,RNAP,RNAP,1.0
4011,1002.75,mRNA,tetA,11.0
4011,1002.75,mRNA,Raspberry,2.0
4011,1002.75,mRNA,mKalama1,1.0
4012,1003.0,topo,topoI,0.25
4012,1003.0,topo,gyrase,0.25
4012,1003.0,RNAP,RNAP,1.0
4012,1003.0,mRNA,tetA,11.0
4012,1003.0,mRNA,Raspberry,2.0
4012,1003.0,mRNA,mKalama1,1.0
4013,1003.25,topo,topoI,0.25
4013,1003.25,topo,gyrase,0.25
4013,1003.25,RNAP,RNAP,1.0
4013,1003.25,mRNA,tetA,11.0
4013,1003.25,mRNA,Raspberry,2.0
4013,1003.25,mRNA,mKalama1,1.0
4014,1003.5,topo,topoI,0.25
4014,1003.5,topo,gyrase,0.25
4014,1003.5,RNAP,RNAP,1.0
4014,1003.5,mRNA,tetA,11.0
4014,1003.5,mRNA,Raspberry,2.0
4014,1003.5,mRNA,mKalama1,1.0
4015,1003.75,topo,topoI,0.25
4015,1003.75,topo,gyrase,0.25
4015,1003.75,RNAP,RNAP,1.0
4015,1003.75,mRNA,tetA,11.0
4015,1003.75,mRNA,Raspberry,2.0
4015,1003.75,mRNA,mKalama1,1.0
4016,1004.0,topo,topoI,0.25
4016,1004.0,topo,gyrase,0.25
4016,1004.0,RNAP,RNAP,1.0
4016,1004.0,mRNA,tetA,11.0
4016,1004.0,mRNA,Raspberry,2.0
4016,1004.0,mRNA,mKalama1,1.0
4017,1004.25,topo,topoI,0.25
4017,1004.25,topo,gyrase,0.25
4017,1004.25,RNAP,RNAP,1.0
4017,1004.25,mRNA,tetA,11.0
4017,1004.25,mRNA,Raspberry,2.0
4017,1004.25,mRNA,mKalama1,1.0
4018,1004.5,topo,topoI,0.25
4018,1004.5,topo,gyrase,0.25
4018,1004.5,RNAP,RNAP,1.0
4018,1004.5,mRNA,tetA,11.0
4018,1004.5,mRNA,Raspberry,2.0
4018,1004.5,mRNA,mKalama1,1.0
4019,1004.75,topo,topoI,0.25
4019,1004.75,topo,gyrase,0.25
4019,1004.75,RNAP,RNAP,1.0
4019,1004.75,mRNA,tetA,11.0
4019,1004.75,mRNA,Raspberry,2.0
4019,1004.75,mRNA,mKalama1,1.0
4020,1005.0,topo,topoI,0.25
4020,1005.0,topo,gyrase,0.25
4020,1005.0,RNAP,RNAP,1.0
4020,1005.0,mRNA,tetA,11.0
4020,1005.0,mRNA,Raspberry,2.0
4020,1005.0,mRNA,mKalama1,1.0
4021,1005.25,topo,topoI,0.25
4021,1005.25,topo,gyrase,0.25
4021,1005.25,RNAP,RNAP,1.0
4021,1005.25,mRNA,tetA,11.0
4021,1005.25,mRNA,Raspberry,2.0
4021,1005.25,mRNA,mKalama1,1.0
4022,1005.5,topo,topoI,0.25
4022,1005.5,topo,gyrase,0.25
4022,1005.5,RNAP,RNAP,1.0
4022,1005.5,mRNA,tetA,11.0
4022,1005.5,mRNA,Raspberry,2.0
4022,1005.5,mRNA,mKalama1,1.0
4023,1005.75,topo,topoI,0.25
4023,1005.75,topo,gyrase,0.25
4023,1005.75,RNAP,RNAP,1.0
4023,1005.75,mRNA,tetA,11.0
4023,1005.75,mRNA,Raspberry,2.0
4023,1005.75,mRNA,mKalama1,1.0
4024,1006.0,topo,topoI,0.25
4024,1006.0,topo,gyrase,0.25
4024,1006.0,RNAP,RNAP,1.0
4024,1006.0,mRNA,tetA,11.0
4024,1006.0,mRNA,Raspberry,2.0
4024,1006.0,mRNA,mKalama1,1.0
4025,1006.25,topo,topoI,0.25
4025,1006.25,topo,gyrase,0.25
4025,1006.25,RNAP,RNAP,1.0
4025,1006.25,mRNA,tetA,11.0
4025,1006.25,mRNA,Raspberry,2.0
4025,1006.25,mRNA,mKalama1,1.0
4026,1006.5,topo,topoI,0.25
4026,1006.5,topo,gyrase,0.25
4026,1006.5,RNAP,RNAP,1.0
4026,1006.5,mRNA,tetA,11.0
4026,1006.5,mRNA,Raspberry,2.0
4026,1006.5,mRNA,mKalama1,1.0
4027,1006.75,topo,topoI,0.25
4027,1006.75,topo,gyrase,0.25
4027,1006.75,RNAP,RNAP,1.0
4027,1006.75,mRNA,tetA,11.0
4027,1006.75,mRNA,Raspberry,2.0
4027,1006.75,mRNA,mKalama1,1.0
4028,1007.0,topo,topoI,0.25
4028,1007.0,topo,gyrase,0.25
4028,1007.0,RNAP,RNAP,1.0
4028,1007.0,mRNA,tetA,11.0
4028,1007.0,mRNA,Raspberry,2.0
4028,1007.0,mRNA,mKalama1,1.0
4029,1007.25,topo,topoI,0.25
4029,1007.25,topo,gyrase,0.25
4029,1007.25,RNAP,RNAP,1.0
4029,1007.25,mRNA,tetA,11.0
4029,1007.25,mRNA,Raspberry,2.0
4029,1007.25,mRNA,mKalama1,1.0
4030,1007.5,topo,topoI,0.25
4030,1007.5,topo,gyrase,0.25
4030,1007.5,RNAP,RNAP,1.0
4030,1007.5,mRNA,tetA,11.0
4030,1007.5,mRNA,Raspberry,2.0
4030,1007.5,mRNA,mKalama1,1.0
4031,1007.75,topo,topoI,0.25
4031,1007.75,topo,gyrase,0.25
4031,1007.75,RNAP,RNAP,1.0
4031,1007.75,mRNA,tetA,11.0
4031,1007.75,mRNA,Raspberry,2.0
4031,1007.75,mRNA,mKalama1,1.0
4032,1008.0,topo,topoI,0.25
4032,1008.0,topo,gyrase,0.25
4032,1008.0,RNAP,RNAP,1.0
4032,1008.0,mRNA,tetA,11.0
4032,1008.0,mRNA,Raspberry,2.0
4032,1008.0,mRNA,mKalama1,1.0
4033,1008.25,topo,topoI,0.25
4033,1008.25,topo,gyrase,0.25
4033,1008.25,RNAP,RNAP,1.0
4033,1008.25,mRNA,tetA,11.0
4033,1008.25,mRNA,Raspberry,2.0
4033,1008.25,mRNA,mKalama1,1.0
4034,1008.5,topo,topoI,0.25
4034,1008.5,topo,gyrase,0.25
4034,1008.5,RNAP,RNAP,1.0
4034,1008.5,mRNA,tetA,11.0
4034,1008.5,mRNA,Raspberry,2.0
4034,1008.5,mRNA,mKalama1,1.0
4035,1008.75,topo,topoI,0.25
4035,1008.75,topo,gyrase,0.25
4035,1008.75,RNAP,RNAP,1.0
4035,1008.75,mRNA,tetA,11.0
4035,1008.75,mRNA,Raspberry,2.0
4035,1008.75,mRNA,mKalama1,1.0
4036,1009.0,topo,topoI,0.25
4036,1009.0,topo,gyrase,0.25
4036,1009.0,RNAP,RNAP,1.0
4036,1009.0,mRNA,tetA,11.0
4036,1009.0,mRNA,Raspberry,2.0
4036,1009.0,mRNA,mKalama1,1.0
4037,1009.25,topo,topoI,0.25
4037,1009.25,topo,gyrase,0.25
4037,1009.25,RNAP,RNAP,1.0
4037,1009.25,mRNA,tetA,11.0
4037,1009.25,mRNA,Raspberry,2.0
4037,1009.25,mRNA,mKalama1,1.0
4038,1009.5,topo,topoI,0.25
4038,1009.5,topo,gyrase,0.25
4038,1009.5,RNAP,RNAP,1.0
4038,1009.5,mRNA,tetA,11.0
4038,1009.5,mRNA,Raspberry,2.0
4038,1009.5,mRNA,mKalama1,1.0
4039,1009.75,topo,topoI,0.25
4039,1009.75,topo,gyrase,0.25
4039,1009.75,RNAP,RNAP,1.0
4039,1009.75,mRNA,tetA,11.0
4039,1009.75,mRNA,Raspberry,2.0
4039,1009.75,mRNA,mKalama1,1.0
4040,1010.0,topo,topoI,0.25
4040,1010.0,topo,gyrase,0.25
4040,1010.0,RNAP,RNAP,1.0
4040,1010.0,mRNA,tetA,11.0
4040,1010.0,mRNA,Raspberry,2.0
4040,1010.0,mRNA,mKalama1,1.0
4041,1010.25,topo,topoI,0.25
4041,1010.25,topo,gyrase,0.25
4041,1010.25,RNAP,RNAP,1.0
4041,1010.25,mRNA,tetA,11.0
4041,1010.25,mRNA,Raspberry,2.0
4041,1010.25,mRNA,mKalama1,1.0
4042,1010.5,topo,topoI,0.25
4042,1010.5,topo,gyrase,0.25
4042,1010.5,RNAP,RNAP,1.0
4042,1010.5,mRNA,tetA,11.0
4042,1010.5,mRNA,Raspberry,2.0
4042,1010.5,mRNA,mKalama1,1.0
4043,1010.75,topo,topoI,0.25
4043,1010.75,topo,gyrase,0.25
4043,1010.75,RNAP,RNAP,1.0
4043,1010.75,mRNA,tetA,11.0
4043,1010.75,mRNA,Raspberry,2.0
4043,1010.75,mRNA,mKalama1,1.0
4044,1011.0,topo,topoI,0.25
4044,1011.0,topo,gyrase,0.25
4044,1011.0,RNAP,RNAP,1.0
4044,1011.0,mRNA,tetA,11.0
4044,1011.0,mRNA,Raspberry,2.0
4044,1011.0,mRNA,mKalama1,1.0
4045,1011.25,topo,topoI,0.25
4045,1011.25,topo,gyrase,0.25
4045,1011.25,RNAP,RNAP,1.0
4045,1011.25,mRNA,tetA,11.0
4045,1011.25,mRNA,Raspberry,2.0
4045,1011.25,mRNA,mKalama1,1.0
4046,1011.5,topo,topoI,0.25
4046,1011.5,topo,gyrase,0.25
4046,1011.5,RNAP,RNAP,1.0
4046,1011.5,mRNA,tetA,11.0
4046,1011.5,mRNA,Raspberry,2.0
4046,1011.5,mRNA,mKalama1,1.0
4047,1011.75,topo,topoI,0.25
4047,1011.75,topo,gyrase,0.25
4047,1011.75,RNAP,RNAP,1.0
4047,1011.75,mRNA,tetA,11.0
4047,1011.75,mRNA,Raspberry,2.0
4047,1011.75,mRNA,mKalama1,1.0
4048,1012.0,topo,topoI,0.25
4048,1012.0,topo,gyrase,0.25
4048,1012.0,RNAP,RNAP,1.0
4048,1012.0,mRNA,tetA,11.0
4048,1012.0,mRNA,Raspberry,2.0
4048,1012.0,mRNA,mKalama1,1.0
4049,1012.25,topo,topoI,0.25
4049,1012.25,topo,gyrase,0.25
4049,1012.25,RNAP,RNAP,1.0
4049,1012.25,mRNA,tetA,11.0
4049,1012.25,mRNA,Raspberry,2.0
4049,1012.25,mRNA,mKalama1,1.0
4050,1012.5,topo,topoI,0.25
4050,1012.5,topo,gyrase,0.25
4050,1012.5,RNAP,RNAP,1.0
4050,1012.5,mRNA,tetA,11.0
4050,1012.5,mRNA,Raspberry,2.0
4050,1012.5,mRNA,mKalama1,1.0
4051,1012.75,topo,topoI,0.25
4051,1012.75,topo,gyrase,0.25
4051,1012.75,RNAP,RNAP,1.0
4051,1012.75,mRNA,tetA,11.0
4051,1012.75,mRNA,Raspberry,2.0
4051,1012.75,mRNA,mKalama1,1.0
4052,1013.0,topo,topoI,0.25
4052,1013.0,topo,gyrase,0.25
4052,1013.0,RNAP,RNAP,1.0
4052,1013.0,mRNA,tetA,11.0
4052,1013.0,mRNA,Raspberry,2.0
4052,1013.0,mRNA,mKalama1,1.0
4053,1013.25,topo,topoI,0.25
4053,1013.25,topo,gyrase,0.25
4053,1013.25,RNAP,RNAP,1.0
4053,1013.25,mRNA,tetA,11.0
4053,1013.25,mRNA,Raspberry,2.0
4053,1013.25,mRNA,mKalama1,1.0
4054,1013.5,topo,topoI,0.25
4054,1013.5,topo,gyrase,0.25
4054,1013.5,RNAP,RNAP,1.0
4054,1013.5,mRNA,tetA,11.0
4054,1013.5,mRNA,Raspberry,2.0
4054,1013.5,mRNA,mKalama1,1.0
4055,1013.75,topo,topoI,0.25
4055,1013.75,topo,gyrase,0.25
4055,1013.75,RNAP,RNAP,1.0
4055,1013.75,mRNA,tetA,11.0
4055,1013.75,mRNA,Raspberry,2.0
4055,1013.75,mRNA,mKalama1,1.0
4056,1014.0,topo,topoI,0.25
4056,1014.0,topo,gyrase,0.25
4056,1014.0,RNAP,RNAP,1.0
4056,1014.0,mRNA,tetA,11.0
4056,1014.0,mRNA,Raspberry,2.0
4056,1014.0,mRNA,mKalama1,1.0
4057,1014.25,topo,topoI,0.25
4057,1014.25,topo,gyrase,0.25
4057,1014.25,RNAP,RNAP,1.0
4057,1014.25,mRNA,tetA,11.0
4057,1014.25,mRNA,Raspberry,2.0
4057,1014.25,mRNA,mKalama1,1.0
4058,1014.5,topo,topoI,0.25
4058,1014.5,topo,gyrase,0.25
4058,1014.5,RNAP,RNAP,1.0
4058,1014.5,mRNA,tetA,11.0
4058,1014.5,mRNA,Raspberry,2.0
4058,1014.5,mRNA,mKalama1,1.0
4059,1014.75,topo,topoI,0.25
4059,1014.75,topo,gyrase,0.25
4059,1014.75,RNAP,RNAP,1.0
4059,1014.75,mRNA,tetA,11.0
4059,1014.75,mRNA,Raspberry,2.0
4059,1014.75,mRNA,mKalama1,1.0
4060,1015.0,topo,topoI,0.25
4060,1015.0,topo,gyrase,0.25
4060,1015.0,RNAP,RNAP,1.0
4060,1015.0,mRNA,tetA,11.0
4060,1015.0,mRNA,Raspberry,2.0
4060,1015.0,mRNA,mKalama1,1.0
4061,1015.25,topo,topoI,0.25
4061,1015.25,topo,gyrase,0.25
4061,1015.25,RNAP,RNAP,1.0
4061,1015.25,mRNA,tetA,11.0
4061,1015.25,mRNA,Raspberry,2.0
4061,1015.25,mRNA,mKalama1,1.0
4062,1015.5,topo,topoI,0.25
4062,1015.5,topo,gyrase,0.25
4062,1015.5,RNAP,RNAP,1.0
4062,1015.5,mRNA,tetA,11.0
4062,1015.5,mRNA,Raspberry,2.0
4062,1015.5,mRNA,mKalama1,1.0
4063,1015.75,topo,topoI,0.25
4063,1015.75,topo,gyrase,0.25
4063,1015.75,RNAP,RNAP,1.0
4063,1015.75,mRNA,tetA,11.0
4063,1015.75,mRNA,Raspberry,2.0
4063,1015.75,mRNA,mKalama1,1.0
4064,1016.0,topo,topoI,0.25
4064,1016.0,topo,gyrase,0.25
4064,1016.0,RNAP,RNAP,1.0
4064,1016.0,mRNA,tetA,11.0
4064,1016.0,mRNA,Raspberry,2.0
4064,1016.0,mRNA,mKalama1,1.0
4065,1016.25,topo,topoI,0.25
4065,1016.25,topo,gyrase,0.25
4065,1016.25,RNAP,RNAP,1.0
4065,1016.25,mRNA,tetA,11.0
4065,1016.25,mRNA,Raspberry,2.0
4065,1016.25,mRNA,mKalama1,1.0
4066,1016.5,topo,topoI,0.25
4066,1016.5,topo,gyrase,0.25
4066,1016.5,RNAP,RNAP,1.0
4066,1016.5,mRNA,tetA,11.0
4066,1016.5,mRNA,Raspberry,2.0
4066,1016.5,mRNA,mKalama1,1.0
4067,1016.75,topo,topoI,0.25
4067,1016.75,topo,gyrase,0.25
4067,1016.75,RNAP,RNAP,1.0
4067,1016.75,mRNA,tetA,11.0
4067,1016.75,mRNA,Raspberry,2.0
4067,1016.75,mRNA,mKalama1,1.0
4068,1017.0,topo,topoI,0.25
4068,1017.0,topo,gyrase,0.25
4068,1017.0,RNAP,RNAP,1.0
4068,1017.0,mRNA,tetA,11.0
4068,1017.0,mRNA,Raspberry,2.0
4068,1017.0,mRNA,mKalama1,1.0
4069,1017.25,topo,topoI,0.25
4069,1017.25,topo,gyrase,0.25
4069,1017.25,RNAP,RNAP,1.0
4069,1017.25,mRNA,tetA,11.0
4069,1017.25,mRNA,Raspberry,2.0
4069,1017.25,mRNA,mKalama1,1.0
4070,1017.5,topo,topoI,0.25
4070,1017.5,topo,gyrase,0.25
4070,1017.5,RNAP,RNAP,1.0
4070,1017.5,mRNA,tetA,11.0
4070,1017.5,mRNA,Raspberry,2.0
4070,1017.5,mRNA,mKalama1,1.0
4071,1017.75,topo,topoI,0.25
4071,1017.75,topo,gyrase,0.25
4071,1017.75,RNAP,RNAP,1.0
4071,1017.75,mRNA,tetA,11.0
4071,1017.75,mRNA,Raspberry,2.0
4071,1017.75,mRNA,mKalama1,1.0
4072,1018.0,topo,topoI,0.25
4072,1018.0,topo,gyrase,0.25
4072,1018.0,RNAP,RNAP,1.0
4072,1018.0,mRNA,tetA,11.0
4072,1018.0,mRNA,Raspberry,2.0
4072,1018.0,mRNA,mKalama1,1.0
4073,1018.25,topo,topoI,0.25
4073,1018.25,topo,gyrase,0.25
4073,1018.25,RNAP,RNAP,1.0
4073,1018.25,mRNA,tetA,11.0
4073,1018.25,mRNA,Raspberry,2.0
4073,1018.25,mRNA,mKalama1,1.0
4074,1018.5,topo,topoI,0.25
4074,1018.5,topo,gyrase,0.25
4074,1018.5,RNAP,RNAP,1.0
4074,1018.5,mRNA,tetA,11.0
4074,1018.5,mRNA,Raspberry,2.0
4074,1018.5,mRNA,mKalama1,1.0
4075,1018.75,topo,topoI,0.25
4075,1018.75,topo,gyrase,0.25
4075,1018.75,RNAP,RNAP,1.0
4075,1018.75,mRNA,tetA,11.0
4075,1018.75,mRNA,Raspberry,2.0
4075,1018.75,mRNA,mKalama1,1.0
4076,1019.0,topo,topoI,0.25
4076,1019.0,topo,gyrase,0.25
4076,1019.0,RNAP,RNAP,1.0
4076,1019.0,mRNA,tetA,11.0
4076,1019.0,mRNA,Raspberry,2.0
4076,1019.0,mRNA,mKalama1,1.0
4077,1019.25,topo,topoI,0.25
4077,1019.25,topo,gyrase,0.25
4077,1019.25,RNAP,RNAP,1.0
4077,1019.25,mRNA,tetA,11.0
4077,1019.25,mRNA,Raspberry,2.0
4077,1019.25,mRNA,mKalama1,1.0
4078,1019.5,topo,topoI,0.25
4078,1019.5,topo,gyrase,0.25
4078,1019.5,RNAP,RNAP,1.0
4078,1019.5,mRNA,tetA,11.0
4078,1019.5,mRNA,Raspberry,2.0
4078,1019.5,mRNA,mKalama1,1.0
4079,1019.75,topo,topoI,0.25
4079,1019.75,topo,gyrase,0.25
4079,1019.75,RNAP,RNAP,1.0
4079,1019.75,mRNA,tetA,11.0
4079,1019.75,mRNA,Raspberry,2.0
4079,1019.75,mRNA,mKalama1,1.0
4080,1020.0,topo,topoI,0.25
4080,1020.0,topo,gyrase,0.25
4080,1020.0,RNAP,RNAP,1.0
4080,1020.0,mRNA,tetA,11.0
4080,1020.0,mRNA,Raspberry,2.0
4080,1020.0,mRNA,mKalama1,1.0
4081,1020.25,topo,topoI,0.25
4081,1020.25,topo,gyrase,0.25
4081,1020.25,RNAP,RNAP,1.0
4081,1020.25,mRNA,tetA,11.0
4081,1020.25,mRNA,Raspberry,2.0
4081,1020.25,mRNA,mKalama1,1.0
4082,1020.5,topo,topoI,0.25
4082,1020.5,topo,gyrase,0.25
4082,1020.5,RNAP,RNAP,1.0
4082,1020.5,mRNA,tetA,11.0
4082,1020.5,mRNA,Raspberry,2.0
4082,1020.5,mRNA,mKalama1,1.0
4083,1020.75,topo,topoI,0.25
4083,1020.75,topo,gyrase,0.25
4083,1020.75,RNAP,RNAP,1.0
4083,1020.75,mRNA,tetA,11.0
4083,1020.75,mRNA,Raspberry,2.0
4083,1020.75,mRNA,mKalama1,1.0
4084,1021.0,topo,topoI,0.25
4084,1021.0,topo,gyrase,0.25
4084,1021.0,RNAP,RNAP,1.0
4084,1021.0,mRNA,tetA,11.0
4084,1021.0,mRNA,Raspberry,2.0
4084,1021.0,mRNA,mKalama1,1.0
4085,1021.25,topo,topoI,0.25
4085,1021.25,topo,gyrase,0.25
4085,1021.25,RNAP,RNAP,1.0
4085,1021.25,mRNA,tetA,11.0
4085,1021.25,mRNA,Raspberry,2.0
4085,1021.25,mRNA,mKalama1,1.0
4086,1021.5,topo,topoI,0.25
4086,1021.5,topo,gyrase,0.25
4086,1021.5,RNAP,RNAP,1.0
4086,1021.5,mRNA,tetA,11.0
4086,1021.5,mRNA,Raspberry,2.0
4086,1021.5,mRNA,mKalama1,1.0
4087,1021.75,topo,topoI,0.25
4087,1021.75,topo,gyrase,0.25
4087,1021.75,RNAP,RNAP,1.0
4087,1021.75,mRNA,tetA,11.0
4087,1021.75,mRNA,Raspberry,2.0
4087,1021.75,mRNA,mKalama1,1.0
4088,1022.0,topo,topoI,0.25
4088,1022.0,topo,gyrase,0.25
4088,1022.0,RNAP,RNAP,1.0
4088,1022.0,mRNA,tetA,11.0
4088,1022.0,mRNA,Raspberry,2.0
4088,1022.0,mRNA,mKalama1,1.0
4089,1022.25,topo,topoI,0.25
4089,1022.25,topo,gyrase,0.25
4089,1022.25,RNAP,RNAP,1.0
4089,1022.25,mRNA,tetA,11.0
4089,1022.25,mRNA,Raspberry,2.0
4089,1022.25,mRNA,mKalama1,1.0
4090,1022.5,topo,topoI,0.25
4090,1022.5,topo,gyrase,0.25
4090,1022.5,RNAP,RNAP,1.0
4090,1022.5,mRNA,tetA,11.0
4090,1022.5,mRNA,Raspberry,2.0
4090,1022.5,mRNA,mKalama1,1.0
4091,1022.75,topo,topoI,0.25
4091,1022.75,topo,gyrase,0.25
4091,1022.75,RNAP,RNAP,1.0
4091,1022.75,mRNA,tetA,11.0
4091,1022.75,mRNA,Raspberry,2.0
4091,1022.75,mRNA,mKalama1,1.0
4092,1023.0,topo,topoI,0.25
4092,1023.0,topo,gyrase,0.25
4092,1023.0,RNAP,RNAP,1.0
4092,1023.0,mRNA,tetA,11.0
4092,1023.0,mRNA,Raspberry,2.0
4092,1023.0,mRNA,mKalama1,1.0
4093,1023.25,topo,topoI,0.25
4093,1023.25,topo,gyrase,0.25
4093,1023.25,RNAP,RNAP,1.0
4093,1023.25,mRNA,tetA,11.0
4093,1023.25,mRNA,Raspberry,2.0
4093,1023.25,mRNA,mKalama1,1.0
4094,1023.5,topo,topoI,0.25
4094,1023.5,topo,gyrase,0.25
4094,1023.5,RNAP,RNAP,1.0
4094,1023.5,mRNA,tetA,11.0
4094,1023.5,mRNA,Raspberry,2.0
4094,1023.5,mRNA,mKalama1,1.0
4095,1023.75,topo,topoI,0.25
4095,1023.75,topo,gyrase,0.25
4095,1023.75,RNAP,RNAP,1.0
4095,1023.75,mRNA,tetA,11.0
4095,1023.75,mRNA,Raspberry,2.0
4095,1023.75,mRNA,mKalama1,1.0
4096,1024.0,topo,topoI,0.25
4096,1024.0,topo,gyrase,0.25
4096,1024.0,RNAP,RNAP,1.0
4096,1024.0,mRNA,tetA,11.0
4096,1024.0,mRNA,Raspberry,2.0
4096,1024.0,mRNA,mKalama1,1.0
4097,1024.25,topo,topoI,0.25
4097,1024.25,topo,gyrase,0.25
4097,1024.25,RNAP,RNAP,1.0
4097,1024.25,mRNA,tetA,11.0
4097,1024.25,mRNA,Raspberry,2.0
4097,1024.25,mRNA,mKalama1,1.0
4098,1024.5,topo,topoI,0.25
4098,1024.5,topo,gyrase,0.25
4098,1024.5,RNAP,RNAP,1.0
4098,1024.5,mRNA,tetA,11.0
4098,1024.5,mRNA,Raspberry,2.0
4098,1024.5,mRNA,mKalama1,1.0
4099,1024.75,topo,topoI,0.25
4099,1024.75,topo,gyrase,0.25
4099,1024.75,RNAP,RNAP,1.0
4099,1024.75,mRNA,tetA,11.0
4099,1024.75,mRNA,Raspberry,2.0
4099,1024.75,mRNA,mKalama1,1.0
4100,1025.0,topo,topoI,0.25
4100,1025.0,topo,gyrase,0.25
4100,1025.0,RNAP,RNAP,1.0
4100,1025.0,mRNA,tetA,11.0
4100,1025.0,mRNA,Raspberry,2.0
4100,1025.0,mRNA,mKalama1,1.0
4101,1025.25,topo,topoI,0.25
4101,1025.25,topo,gyrase,0.25
4101,1025.25,RNAP,RNAP,1.0
4101,1025.25,mRNA,tetA,11.0
4101,1025.25,mRNA,Raspberry,2.0
4101,1025.25,mRNA,mKalama1,1.0
4102,1025.5,topo,topoI,0.25
4102,1025.5,topo,gyrase,0.25
4102,1025.5,RNAP,RNAP,1.0
4102,1025.5,mRNA,tetA,11.0
4102,1025.5,mRNA,Raspberry,2.0
4102,1025.5,mRNA,mKalama1,1.0
4103,1025.75,topo,topoI,0.25
4103,1025.75,topo,gyrase,0.25
4103,1025.75,RNAP,RNAP,1.0
4103,1025.75,mRNA,tetA,11.0
4103,1025.75,mRNA,Raspberry,2.0
4103,1025.75,mRNA,mKalama1,1.0
4104,1026.0,topo,topoI,0.25
4104,1026.0,topo,gyrase,0.25
4104,1026.0,RNAP,RNAP,1.0
4104,1026.0,mRNA,tetA,11.0
4104,1026.0,mRNA,Raspberry,2.0
4104,1026.0,mRNA,mKalama1,1.0
4105,1026.25,topo,topoI,0.25
4105,1026.25,topo,gyrase,0.25
4105,1026.25,RNAP,RNAP,1.0
4105,1026.25,mRNA,tetA,11.0
4105,1026.25,mRNA,Raspberry,2.0
4105,1026.25,mRNA,mKalama1,1.0
4106,1026.5,topo,topoI,0.25
4106,1026.5,topo,gyrase,0.25
4106,1026.5,RNAP,RNAP,1.0
4106,1026.5,mRNA,tetA,11.0
4106,1026.5,mRNA,Raspberry,2.0
4106,1026.5,mRNA,mKalama1,1.0
4107,1026.75,topo,topoI,0.25
4107,1026.75,topo,gyrase,0.25
4107,1026.75,RNAP,RNAP,1.0
4107,1026.75,mRNA,tetA,11.0
4107,1026.75,mRNA,Raspberry,2.0
4107,1026.75,mRNA,mKalama1,1.0
4108,1027.0,topo,topoI,0.25
4108,1027.0,topo,gyrase,0.25
4108,1027.0,RNAP,RNAP,1.0
4108,1027.0,mRNA,tetA,12.0
4108,1027.0,mRNA,Raspberry,2.0
4108,1027.0,mRNA,mKalama1,1.0
4109,1027.25,topo,topoI,0.25
4109,1027.25,topo,gyrase,0.25
4109,1027.25,RNAP,RNAP,1.0
4109,1027.25,mRNA,tetA,12.0
4109,1027.25,mRNA,Raspberry,2.0
4109,1027.25,mRNA,mKalama1,1.0
4110,1027.5,topo,topoI,0.25
4110,1027.5,topo,gyrase,0.25
4110,1027.5,RNAP,RNAP,1.0
4110,1027.5,mRNA,tetA,12.0
4110,1027.5,mRNA,Raspberry,2.0
4110,1027.5,mRNA,mKalama1,1.0
4111,1027.75,topo,topoI,0.25
4111,1027.75,topo,gyrase,0.25
4111,1027.75,RNAP,RNAP,1.0
4111,1027.75,mRNA,tetA,12.0
4111,1027.75,mRNA,Raspberry,2.0
4111,1027.75,mRNA,mKalama1,1.0
4112,1028.0,topo,topoI,0.25
4112,1028.0,topo,gyrase,0.25
4112,1028.0,RNAP,RNAP,1.0
4112,1028.0,mRNA,tetA,12.0
4112,1028.0,mRNA,Raspberry,2.0
4112,1028.0,mRNA,mKalama1,1.0
4113,1028.25,topo,topoI,0.25
4113,1028.25,topo,gyrase,0.25
4113,1028.25,RNAP,RNAP,1.0
4113,1028.25,mRNA,tetA,12.0
4113,1028.25,mRNA,Raspberry,2.0
4113,1028.25,mRNA,mKalama1,1.0
4114,1028.5,topo,topoI,0.25
4114,1028.5,topo,gyrase,0.25
4114,1028.5,RNAP,RNAP,1.0
4114,1028.5,mRNA,tetA,12.0
4114,1028.5,mRNA,Raspberry,2.0
4114,1028.5,mRNA,mKalama1,1.0
4115,1028.75,topo,topoI,0.25
4115,1028.75,topo,gyrase,0.25
4115,1028.75,RNAP,RNAP,1.0
4115,1028.75,mRNA,tetA,12.0
4115,1028.75,mRNA,Raspberry,2.0
4115,1028.75,mRNA,mKalama1,1.0
4116,1029.0,topo,topoI,0.25
4116,1029.0,topo,gyrase,0.25
4116,1029.0,RNAP,RNAP,1.0
4116,1029.0,mRNA,tetA,12.0
4116,1029.0,mRNA,Raspberry,2.0
4116,1029.0,mRNA,mKalama1,1.0
4117,1029.25,topo,topoI,0.25
4117,1029.25,topo,gyrase,0.25
4117,1029.25,RNAP,RNAP,1.0
4117,1029.25,mRNA,tetA,12.0
4117,1029.25,mRNA,Raspberry,2.0
4117,1029.25,mRNA,mKalama1,1.0
4118,1029.5,topo,topoI,0.25
4118,1029.5,topo,gyrase,0.25
4118,1029.5,RNAP,RNAP,1.0
4118,1029.5,mRNA,tetA,12.0
4118,1029.5,mRNA,Raspberry,2.0
4118,1029.5,mRNA,mKalama1,1.0
4119,1029.75,topo,topoI,0.25
4119,1029.75,topo,gyrase,0.25
4119,1029.75,RNAP,RNAP,1.0
4119,1029.75,mRNA,tetA,12.0
4119,1029.75,mRNA,Raspberry,2.0
4119,1029.75,mRNA,mKalama1,1.0
4120,1030.0,topo,topoI,0.25
4120,1030.0,topo,gyrase,0.25
4120,1030.0,RNAP,RNAP,1.0
4120,1030.0,mRNA,tetA,12.0
4120,1030.0,mRNA,Raspberry,2.0
4120,1030.0,mRNA,mKalama1,1.0
4121,1030.25,topo,topoI,0.25
4121,1030.25,topo,gyrase,0.25
4121,1030.25,RNAP,RNAP,1.0
4121,1030.25,mRNA,tetA,12.0
4121,1030.25,mRNA,Raspberry,2.0
4121,1030.25,mRNA,mKalama1,1.0
4122,1030.5,topo,topoI,0.25
4122,1030.5,topo,gyrase,0.25
4122,1030.5,RNAP,RNAP,1.0
4122,1030.5,mRNA,tetA,12.0
4122,1030.5,mRNA,Raspberry,2.0
4122,1030.5,mRNA,mKalama1,1.0
4123,1030.75,topo,topoI,0.25
4123,1030.75,topo,gyrase,0.25
4123,1030.75,RNAP,RNAP,1.0
4123,1030.75,mRNA,tetA,12.0
4123,1030.75,mRNA,Raspberry,2.0
4123,1030.75,mRNA,mKalama1,1.0
4124,1031.0,topo,topoI,0.25
4124,1031.0,topo,gyrase,0.25
4124,1031.0,RNAP,RNAP,1.0
4124,1031.0,mRNA,tetA,12.0
4124,1031.0,mRNA,Raspberry,2.0
4124,1031.0,mRNA,mKalama1,1.0
4125,1031.25,topo,topoI,0.25
4125,1031.25,topo,gyrase,0.25
4125,1031.25,RNAP,RNAP,1.0
4125,1031.25,mRNA,tetA,12.0
4125,1031.25,mRNA,Raspberry,2.0
4125,1031.25,mRNA,mKalama1,1.0
4126,1031.5,topo,topoI,0.25
4126,1031.5,topo,gyrase,0.25
4126,1031.5,RNAP,RNAP,1.0
4126,1031.5,mRNA,tetA,12.0
4126,1031.5,mRNA,Raspberry,2.0
4126,1031.5,mRNA,mKalama1,1.0
4127,1031.75,topo,topoI,0.25
4127,1031.75,topo,gyrase,0.25
4127,1031.75,RNAP,RNAP,1.0
4127,1031.75,mRNA,tetA,12.0
4127,1031.75,mRNA,Raspberry,2.0
4127,1031.75,mRNA,mKalama1,1.0
4128,1032.0,topo,topoI,0.25
4128,1032.0,topo,gyrase,0.25
4128,1032.0,RNAP,RNAP,1.0
4128,1032.0,mRNA,tetA,12.0
4128,1032.0,mRNA,Raspberry,2.0
4128,1032.0,mRNA,mKalama1,1.0
4129,1032.25,topo,topoI,0.25
4129,1032.25,topo,gyrase,0.25
4129,1032.25,RNAP,RNAP,1.0
4129,1032.25,mRNA,tetA,12.0
4129,1032.25,mRNA,Raspberry,2.0
4129,1032.25,mRNA,mKalama1,1.0
4130,1032.5,topo,topoI,0.25
4130,1032.5,topo,gyrase,0.25
4130,1032.5,RNAP,RNAP,1.0
4130,1032.5,mRNA,tetA,12.0
4130,1032.5,mRNA,Raspberry,2.0
4130,1032.5,mRNA,mKalama1,1.0
4131,1032.75,topo,topoI,0.25
4131,1032.75,topo,gyrase,0.25
4131,1032.75,RNAP,RNAP,1.0
4131,1032.75,mRNA,tetA,12.0
4131,1032.75,mRNA,Raspberry,2.0
4131,1032.75,mRNA,mKalama1,1.0
4132,1033.0,topo,topoI,0.25
4132,1033.0,topo,gyrase,0.25
4132,1033.0,RNAP,RNAP,1.0
4132,1033.0,mRNA,tetA,12.0
4132,1033.0,mRNA,Raspberry,2.0
4132,1033.0,mRNA,mKalama1,1.0
4133,1033.25,topo,topoI,0.25
4133,1033.25,topo,gyrase,0.25
4133,1033.25,RNAP,RNAP,1.0
4133,1033.25,mRNA,tetA,12.0
4133,1033.25,mRNA,Raspberry,2.0
4133,1033.25,mRNA,mKalama1,1.0
4134,1033.5,topo,topoI,0.25
4134,1033.5,topo,gyrase,0.25
4134,1033.5,RNAP,RNAP,1.0
4134,1033.5,mRNA,tetA,12.0
4134,1033.5,mRNA,Raspberry,2.0
4134,1033.5,mRNA,mKalama1,1.0
4135,1033.75,topo,topoI,0.25
4135,1033.75,topo,gyrase,0.25
4135,1033.75,RNAP,RNAP,1.0
4135,1033.75,mRNA,tetA,12.0
4135,1033.75,mRNA,Raspberry,2.0
4135,1033.75,mRNA,mKalama1,1.0
4136,1034.0,topo,topoI,0.25
4136,1034.0,topo,gyrase,0.25
4136,1034.0,RNAP,RNAP,1.0
4136,1034.0,mRNA,tetA,12.0
4136,1034.0,mRNA,Raspberry,2.0
4136,1034.0,mRNA,mKalama1,1.0
4137,1034.25,topo,topoI,0.25
4137,1034.25,topo,gyrase,0.25
4137,1034.25,RNAP,RNAP,1.0
4137,1034.25,mRNA,tetA,12.0
4137,1034.25,mRNA,Raspberry,2.0
4137,1034.25,mRNA,mKalama1,1.0
4138,1034.5,topo,topoI,0.25
4138,1034.5,topo,gyrase,0.25
4138,1034.5,RNAP,RNAP,1.0
4138,1034.5,mRNA,tetA,12.0
4138,1034.5,mRNA,Raspberry,2.0
4138,1034.5,mRNA,mKalama1,1.0
4139,1034.75,topo,topoI,0.25
4139,1034.75,topo,gyrase,0.25
4139,1034.75,RNAP,RNAP,1.0
4139,1034.75,mRNA,tetA,12.0
4139,1034.75,mRNA,Raspberry,2.0
4139,1034.75,mRNA,mKalama1,1.0
4140,1035.0,topo,topoI,0.25
4140,1035.0,topo,gyrase,0.25
4140,1035.0,RNAP,RNAP,1.0
4140,1035.0,mRNA,tetA,12.0
4140,1035.0,mRNA,Raspberry,2.0
4140,1035.0,mRNA,mKalama1,1.0
4141,1035.25,topo,topoI,0.25
4141,1035.25,topo,gyrase,0.25
4141,1035.25,RNAP,RNAP,1.0
4141,1035.25,mRNA,tetA,12.0
4141,1035.25,mRNA,Raspberry,2.0
4141,1035.25,mRNA,mKalama1,1.0
4142,1035.5,topo,topoI,0.25
4142,1035.5,topo,gyrase,0.25
4142,1035.5,RNAP,RNAP,1.0
4142,1035.5,mRNA,tetA,12.0
4142,1035.5,mRNA,Raspberry,2.0
4142,1035.5,mRNA,mKalama1,1.0
4143,1035.75,topo,topoI,0.25
4143,1035.75,topo,gyrase,0.25
4143,1035.75,RNAP,RNAP,1.0
4143,1035.75,mRNA,tetA,12.0
4143,1035.75,mRNA,Raspberry,2.0
4143,1035.75,mRNA,mKalama1,1.0
4144,1036.0,topo,topoI,0.25
4144,1036.0,topo,gyrase,0.25
4144,1036.0,RNAP,RNAP,1.0
4144,1036.0,mRNA,tetA,12.0
4144,1036.0,mRNA,Raspberry,2.0
4144,1036.0,mRNA,mKalama1,1.0
4145,1036.25,topo,topoI,0.25
4145,1036.25,topo,gyrase,0.25
4145,1036.25,RNAP,RNAP,1.0
4145,1036.25,mRNA,tetA,12.0
4145,1036.25,mRNA,Raspberry,2.0
4145,1036.25,mRNA,mKalama1,1.0
4146,1036.5,topo,topoI,0.25
4146,1036.5,topo,gyrase,0.25
4146,1036.5,RNAP,RNAP,1.0
4146,1036.5,mRNA,tetA,12.0
4146,1036.5,mRNA,Raspberry,2.0
4146,1036.5,mRNA,mKalama1,1.0
4147,1036.75,topo,topoI,0.25
4147,1036.75,topo,gyrase,0.25
4147,1036.75,RNAP,RNAP,1.0
4147,1036.75,mRNA,tetA,12.0
4147,1036.75,mRNA,Raspberry,2.0
4147,1036.75,mRNA,mKalama1,1.0
4148,1037.0,topo,topoI,0.25
4148,1037.0,topo,gyrase,0.25
4148,1037.0,RNAP,RNAP,1.0
4148,1037.0,mRNA,tetA,12.0
4148,1037.0,mRNA,Raspberry,2.0
4148,1037.0,mRNA,mKalama1,1.0
4149,1037.25,topo,topoI,0.25
4149,1037.25,topo,gyrase,0.25
4149,1037.25,RNAP,RNAP,1.0
4149,1037.25,mRNA,tetA,12.0
4149,1037.25,mRNA,Raspberry,2.0
4149,1037.25,mRNA,mKalama1,1.0
4150,1037.5,topo,topoI,0.25
4150,1037.5,topo,gyrase,0.25
4150,1037.5,RNAP,RNAP,1.0
4150,1037.5,mRNA,tetA,12.0
4150,1037.5,mRNA,Raspberry,2.0
4150,1037.5,mRNA,mKalama1,1.0
4151,1037.75,topo,topoI,0.25
4151,1037.75,topo,gyrase,0.25
4151,1037.75,RNAP,RNAP,1.0
4151,1037.75,mRNA,tetA,12.0
4151,1037.75,mRNA,Raspberry,2.0
4151,1037.75,mRNA,mKalama1,1.0
4152,1038.0,topo,topoI,0.25
4152,1038.0,topo,gyrase,0.25
4152,1038.0,RNAP,RNAP,1.0
4152,1038.0,mRNA,tetA,12.0
4152,1038.0,mRNA,Raspberry,2.0
4152,1038.0,mRNA,mKalama1,1.0
4153,1038.25,topo,topoI,0.25
4153,1038.25,topo,gyrase,0.25
4153,1038.25,RNAP,RNAP,1.0
4153,1038.25,mRNA,tetA,12.0
4153,1038.25,mRNA,Raspberry,2.0
4153,1038.25,mRNA,mKalama1,1.0
4154,1038.5,topo,topoI,0.25
4154,1038.5,topo,gyrase,0.25
4154,1038.5,RNAP,RNAP,1.0
4154,1038.5,mRNA,tetA,12.0
4154,1038.5,mRNA,Raspberry,2.0
4154,1038.5,mRNA,mKalama1,1.0
4155,1038.75,topo,topoI,0.25
4155,1038.75,topo,gyrase,0.25
4155,1038.75,RNAP,RNAP,1.0
4155,1038.75,mRNA,tetA,12.0
4155,1038.75,mRNA,Raspberry,2.0
4155,1038.75,mRNA,mKalama1,1.0
4156,1039.0,topo,topoI,0.25
4156,1039.0,topo,gyrase,0.25
4156,1039.0,RNAP,RNAP,1.0
4156,1039.0,mRNA,tetA,12.0
4156,1039.0,mRNA,Raspberry,2.0
4156,1039.0,mRNA,mKalama1,1.0
4157,1039.25,topo,topoI,0.25
4157,1039.25,topo,gyrase,0.25
4157,1039.25,RNAP,RNAP,1.0
4157,1039.25,mRNA,tetA,12.0
4157,1039.25,mRNA,Raspberry,2.0
4157,1039.25,mRNA,mKalama1,1.0
4158,1039.5,topo,topoI,0.25
4158,1039.5,topo,gyrase,0.25
4158,1039.5,RNAP,RNAP,1.0
4158,1039.5,mRNA,tetA,12.0
4158,1039.5,mRNA,Raspberry,2.0
4158,1039.5,mRNA,mKalama1,1.0
4159,1039.75,topo,topoI,0.25
4159,1039.75,topo,gyrase,0.25
4159,1039.75,RNAP,RNAP,1.0
4159,1039.75,mRNA,tetA,12.0
4159,1039.75,mRNA,Raspberry,2.0
4159,1039.75,mRNA,mKalama1,1.0
4160,1040.0,topo,topoI,0.25
4160,1040.0,topo,gyrase,0.25
4160,1040.0,RNAP,RNAP,1.0
4160,1040.0,mRNA,tetA,12.0
4160,1040.0,mRNA,Raspberry,2.0
4160,1040.0,mRNA,mKalama1,1.0
4161,1040.25,topo,topoI,0.25
4161,1040.25,topo,gyrase,0.25
4161,1040.25,RNAP,RNAP,1.0
4161,1040.25,mRNA,tetA,12.0
4161,1040.25,mRNA,Raspberry,2.0
4161,1040.25,mRNA,mKalama1,1.0
4162,1040.5,topo,topoI,0.25
4162,1040.5,topo,gyrase,0.25
4162,1040.5,RNAP,RNAP,1.0
4162,1040.5,mRNA,tetA,12.0
4162,1040.5,mRNA,Raspberry,2.0
4162,1040.5,mRNA,mKalama1,1.0
4163,1040.75,topo,topoI,0.25
4163,1040.75,topo,gyrase,0.25
4163,1040.75,RNAP,RNAP,1.0
4163,1040.75,mRNA,tetA,12.0
4163,1040.75,mRNA,Raspberry,2.0
4163,1040.75,mRNA,mKalama1,1.0
4164,1041.0,topo,topoI,0.25
4164,1041.0,topo,gyrase,0.25
4164,1041.0,RNAP,RNAP,1.0
4164,1041.0,mRNA,tetA,12.0
4164,1041.0,mRNA,Raspberry,2.0
4164,1041.0,mRNA,mKalama1,1.0
4165,1041.25,topo,topoI,0.25
4165,1041.25,topo,gyrase,0.25
4165,1041.25,RNAP,RNAP,1.0
4165,1041.25,mRNA,tetA,12.0
4165,1041.25,mRNA,Raspberry,2.0
4165,1041.25,mRNA,mKalama1,1.0
4166,1041.5,topo,topoI,0.25
4166,1041.5,topo,gyrase,0.25
4166,1041.5,RNAP,RNAP,1.0
4166,1041.5,mRNA,tetA,12.0
4166,1041.5,mRNA,Raspberry,2.0
4166,1041.5,mRNA,mKalama1,1.0
4167,1041.75,topo,topoI,0.25
4167,1041.75,topo,gyrase,0.25
4167,1041.75,RNAP,RNAP,1.0
4167,1041.75,mRNA,tetA,12.0
4167,1041.75,mRNA,Raspberry,2.0
4167,1041.75,mRNA,mKalama1,1.0
4168,1042.0,topo,topoI,0.25
4168,1042.0,topo,gyrase,0.25
4168,1042.0,RNAP,RNAP,1.0
4168,1042.0,mRNA,tetA,12.0
4168,1042.0,mRNA,Raspberry,2.0
4168,1042.0,mRNA,mKalama1,1.0
4169,1042.25,topo,topoI,0.25
4169,1042.25,topo,gyrase,0.25
4169,1042.25,RNAP,RNAP,1.0
4169,1042.25,mRNA,tetA,12.0
4169,1042.25,mRNA,Raspberry,2.0
4169,1042.25,mRNA,mKalama1,1.0
4170,1042.5,topo,topoI,0.25
4170,1042.5,topo,gyrase,0.25
4170,1042.5,RNAP,RNAP,1.0
4170,1042.5,mRNA,tetA,12.0
4170,1042.5,mRNA,Raspberry,2.0
4170,1042.5,mRNA,mKalama1,1.0
4171,1042.75,topo,topoI,0.25
4171,1042.75,topo,gyrase,0.25
4171,1042.75,RNAP,RNAP,1.0
4171,1042.75,mRNA,tetA,12.0
4171,1042.75,mRNA,Raspberry,2.0
4171,1042.75,mRNA,mKalama1,1.0
4172,1043.0,topo,topoI,0.25
4172,1043.0,topo,gyrase,0.25
4172,1043.0,RNAP,RNAP,1.0
4172,1043.0,mRNA,tetA,12.0
4172,1043.0,mRNA,Raspberry,2.0
4172,1043.0,mRNA,mKalama1,1.0
4173,1043.25,topo,topoI,0.25
4173,1043.25,topo,gyrase,0.25
4173,1043.25,RNAP,RNAP,1.0
4173,1043.25,mRNA,tetA,12.0
4173,1043.25,mRNA,Raspberry,2.0
4173,1043.25,mRNA,mKalama1,1.0
4174,1043.5,topo,topoI,0.25
4174,1043.5,topo,gyrase,0.25
4174,1043.5,RNAP,RNAP,1.0
4174,1043.5,mRNA,tetA,12.0
4174,1043.5,mRNA,Raspberry,2.0
4174,1043.5,mRNA,mKalama1,1.0
4175,1043.75,topo,topoI,0.25
4175,1043.75,topo,gyrase,0.25
4175,1043.75,RNAP,RNAP,1.0
4175,1043.75,mRNA,tetA,12.0
4175,1043.75,mRNA,Raspberry,2.0
4175,1043.75,mRNA,mKalama1,1.0
4176,1044.0,topo,topoI,0.25
4176,1044.0,topo,gyrase,0.25
4176,1044.0,RNAP,RNAP,1.0
4176,1044.0,mRNA,tetA,12.0
4176,1044.0,mRNA,Raspberry,2.0
4176,1044.0,mRNA,mKalama1,1.0
4177,1044.25,topo,topoI,0.25
4177,1044.25,topo,gyrase,0.25
4177,1044.25,RNAP,RNAP,1.0
4177,1044.25,mRNA,tetA,12.0
4177,1044.25,mRNA,Raspberry,2.0
4177,1044.25,mRNA,mKalama1,1.0
4178,1044.5,topo,topoI,0.25
4178,1044.5,topo,gyrase,0.25
4178,1044.5,RNAP,RNAP,1.0
4178,1044.5,mRNA,tetA,12.0
4178,1044.5,mRNA,Raspberry,2.0
4178,1044.5,mRNA,mKalama1,1.0
4179,1044.75,topo,topoI,0.25
4179,1044.75,topo,gyrase,0.25
4179,1044.75,RNAP,RNAP,1.0
4179,1044.75,mRNA,tetA,12.0
4179,1044.75,mRNA,Raspberry,2.0
4179,1044.75,mRNA,mKalama1,1.0
4180,1045.0,topo,topoI,0.25
4180,1045.0,topo,gyrase,0.25
4180,1045.0,RNAP,RNAP,1.0
4180,1045.0,mRNA,tetA,12.0
4180,1045.0,mRNA,Raspberry,2.0
4180,1045.0,mRNA,mKalama1,1.0
4181,1045.25,topo,topoI,0.25
4181,1045.25,topo,gyrase,0.25
4181,1045.25,RNAP,RNAP,1.0
4181,1045.25,mRNA,tetA,12.0
4181,1045.25,mRNA,Raspberry,2.0
4181,1045.25,mRNA,mKalama1,1.0
4182,1045.5,topo,topoI,0.25
4182,1045.5,topo,gyrase,0.25
4182,1045.5,RNAP,RNAP,1.0
4182,1045.5,mRNA,tetA,12.0
4182,1045.5,mRNA,Raspberry,2.0
4182,1045.5,mRNA,mKalama1,1.0
4183,1045.75,topo,topoI,0.25
4183,1045.75,topo,gyrase,0.25
4183,1045.75,RNAP,RNAP,1.0
4183,1045.75,mRNA,tetA,12.0
4183,1045.75,mRNA,Raspberry,2.0
4183,1045.75,mRNA,mKalama1,1.0
4184,1046.0,topo,topoI,0.25
4184,1046.0,topo,gyrase,0.25
4184,1046.0,RNAP,RNAP,1.0
4184,1046.0,mRNA,tetA,12.0
4184,1046.0,mRNA,Raspberry,2.0
4184,1046.0,mRNA,mKalama1,1.0
4185,1046.25,topo,topoI,0.25
4185,1046.25,topo,gyrase,0.25
4185,1046.25,RNAP,RNAP,1.0
4185,1046.25,mRNA,tetA,12.0
4185,1046.25,mRNA,Raspberry,2.0
4185,1046.25,mRNA,mKalama1,1.0
4186,1046.5,topo,topoI,0.25
4186,1046.5,topo,gyrase,0.25
4186,1046.5,RNAP,RNAP,1.0
4186,1046.5,mRNA,tetA,12.0
4186,1046.5,mRNA,Raspberry,2.0
4186,1046.5,mRNA,mKalama1,1.0
4187,1046.75,topo,topoI,0.25
4187,1046.75,topo,gyrase,0.25
4187,1046.75,RNAP,RNAP,1.0
4187,1046.75,mRNA,tetA,12.0
4187,1046.75,mRNA,Raspberry,2.0
4187,1046.75,mRNA,mKalama1,1.0
4188,1047.0,topo,topoI,0.25
4188,1047.0,topo,gyrase,0.25
4188,1047.0,RNAP,RNAP,1.0
4188,1047.0,mRNA,tetA,12.0
4188,1047.0,mRNA,Raspberry,2.0
4188,1047.0,mRNA,mKalama1,1.0
4189,1047.25,topo,topoI,0.25
4189,1047.25,topo,gyrase,0.25
4189,1047.25,RNAP,RNAP,1.0
4189,1047.25,mRNA,tetA,12.0
4189,1047.25,mRNA,Raspberry,2.0
4189,1047.25,mRNA,mKalama1,1.0
4190,1047.5,topo,topoI,0.25
4190,1047.5,topo,gyrase,0.25
4190,1047.5,RNAP,RNAP,1.0
4190,1047.5,mRNA,tetA,12.0
4190,1047.5,mRNA,Raspberry,2.0
4190,1047.5,mRNA,mKalama1,1.0
4191,1047.75,topo,topoI,0.25
4191,1047.75,topo,gyrase,0.25
4191,1047.75,RNAP,RNAP,1.0
4191,1047.75,mRNA,tetA,12.0
4191,1047.75,mRNA,Raspberry,2.0
4191,1047.75,mRNA,mKalama1,1.0
4192,1048.0,topo,topoI,0.25
4192,1048.0,topo,gyrase,0.25
4192,1048.0,RNAP,RNAP,1.0
4192,1048.0,mRNA,tetA,12.0
4192,1048.0,mRNA,Raspberry,2.0
4192,1048.0,mRNA,mKalama1,1.0
4193,1048.25,topo,topoI,0.25
4193,1048.25,topo,gyrase,0.25
4193,1048.25,RNAP,RNAP,1.0
4193,1048.25,mRNA,tetA,12.0
4193,1048.25,mRNA,Raspberry,2.0
4193,1048.25,mRNA,mKalama1,1.0
4194,1048.5,topo,topoI,0.25
4194,1048.5,topo,gyrase,0.25
4194,1048.5,RNAP,RNAP,1.0
4194,1048.5,mRNA,tetA,12.0
4194,1048.5,mRNA,Raspberry,2.0
4194,1048.5,mRNA,mKalama1,1.0
4195,1048.75,topo,topoI,0.25
4195,1048.75,topo,gyrase,0.25
4195,1048.75,RNAP,RNAP,1.0
4195,1048.75,mRNA,tetA,12.0
4195,1048.75,mRNA,Raspberry,2.0
4195,1048.75,mRNA,mKalama1,1.0
4196,1049.0,topo,topoI,0.25
4196,1049.0,topo,gyrase,0.25
4196,1049.0,RNAP,RNAP,1.0
4196,1049.0,mRNA,tetA,12.0
4196,1049.0,mRNA,Raspberry,2.0
4196,1049.0,mRNA,mKalama1,1.0
4197,1049.25,topo,topoI,0.25
4197,1049.25,topo,gyrase,0.25
4197,1049.25,RNAP,RNAP,1.0
4197,1049.25,mRNA,tetA,12.0
4197,1049.25,mRNA,Raspberry,2.0
4197,1049.25,mRNA,mKalama1,1.0
4198,1049.5,topo,topoI,0.25
4198,1049.5,topo,gyrase,0.25
4198,1049.5,RNAP,RNAP,1.0
4198,1049.5,mRNA,tetA,12.0
4198,1049.5,mRNA,Raspberry,2.0
4198,1049.5,mRNA,mKalama1,1.0
4199,1049.75,topo,topoI,0.25
4199,1049.75,topo,gyrase,0.25
4199,1049.75,RNAP,RNAP,1.0
4199,1049.75,mRNA,tetA,12.0
4199,1049.75,mRNA,Raspberry,2.0
4199,1049.75,mRNA,mKalama1,1.0
4200,1050.0,topo,topoI,0.25
4200,1050.0,topo,gyrase,0.25
4200,1050.0,RNAP,RNAP,1.0
4200,1050.0,mRNA,tetA,12.0
4200,1050.0,mRNA,Raspberry,2.0
4200,1050.0,mRNA,mKalama1,1.0
4201,1050.25,topo,topoI,0.25
4201,1050.25,topo,gyrase,0.25
4201,1050.25,RNAP,RNAP,1.0
4201,1050.25,mRNA,tetA,12.0
4201,1050.25,mRNA,Raspberry,2.0
4201,1050.25,mRNA,mKalama1,1.0
4202,1050.5,topo,topoI,0.25
4202,1050.5,topo,gyrase,0.25
4202,1050.5,RNAP,RNAP,1.0
4202,1050.5,mRNA,tetA,12.0
4202,1050.5,mRNA,Raspberry,2.0
4202,1050.5,mRNA,mKalama1,1.0
4203,1050.75,topo,topoI,0.25
4203,1050.75,topo,gyrase,0.25
4203,1050.75,RNAP,RNAP,1.0
4203,1050.75,mRNA,tetA,12.0
4203,1050.75,mRNA,Raspberry,2.0
4203,1050.75,mRNA,mKalama1,1.0
4204,1051.0,topo,topoI,0.25
4204,1051.0,topo,gyrase,0.25
4204,1051.0,RNAP,RNAP,1.0
4204,1051.0,mRNA,tetA,12.0
4204,1051.0,mRNA,Raspberry,2.0
4204,1051.0,mRNA,mKalama1,1.0
4205,1051.25,topo,topoI,0.25
4205,1051.25,topo,gyrase,0.25
4205,1051.25,RNAP,RNAP,1.0
4205,1051.25,mRNA,tetA,12.0
4205,1051.25,mRNA,Raspberry,2.0
4205,1051.25,mRNA,mKalama1,1.0
4206,1051.5,topo,topoI,0.25
4206,1051.5,topo,gyrase,0.25
4206,1051.5,RNAP,RNAP,1.0
4206,1051.5,mRNA,tetA,12.0
4206,1051.5,mRNA,Raspberry,2.0
4206,1051.5,mRNA,mKalama1,1.0
4207,1051.75,topo,topoI,0.25
4207,1051.75,topo,gyrase,0.25
4207,1051.75,RNAP,RNAP,1.0
4207,1051.75,mRNA,tetA,12.0
4207,1051.75,mRNA,Raspberry,2.0
4207,1051.75,mRNA,mKalama1,1.0
4208,1052.0,topo,topoI,0.25
4208,1052.0,topo,gyrase,0.25
4208,1052.0,RNAP,RNAP,1.0
4208,1052.0,mRNA,tetA,12.0
4208,1052.0,mRNA,Raspberry,2.0
4208,1052.0,mRNA,mKalama1,1.0
4209,1052.25,topo,topoI,0.25
4209,1052.25,topo,gyrase,0.25
4209,1052.25,RNAP,RNAP,1.0
4209,1052.25,mRNA,tetA,12.0
4209,1052.25,mRNA,Raspberry,2.0
4209,1052.25,mRNA,mKalama1,1.0
4210,1052.5,topo,topoI,0.25
4210,1052.5,topo,gyrase,0.25
4210,1052.5,RNAP,RNAP,1.0
4210,1052.5,mRNA,tetA,12.0
4210,1052.5,mRNA,Raspberry,2.0
4210,1052.5,mRNA,mKalama1,1.0
4211,1052.75,topo,topoI,0.25
4211,1052.75,topo,gyrase,0.25
4211,1052.75,RNAP,RNAP,1.0
4211,1052.75,mRNA,tetA,12.0
4211,1052.75,mRNA,Raspberry,2.0
4211,1052.75,mRNA,mKalama1,1.0
4212,1053.0,topo,topoI,0.25
4212,1053.0,topo,gyrase,0.25
4212,1053.0,RNAP,RNAP,1.0
4212,1053.0,mRNA,tetA,12.0
4212,1053.0,mRNA,Raspberry,2.0
4212,1053.0,mRNA,mKalama1,1.0
4213,1053.25,topo,topoI,0.25
4213,1053.25,topo,gyrase,0.25
4213,1053.25,RNAP,RNAP,1.0
4213,1053.25,mRNA,tetA,12.0
4213,1053.25,mRNA,Raspberry,2.0
4213,1053.25,mRNA,mKalama1,1.0
4214,1053.5,topo,topoI,0.25
4214,1053.5,topo,gyrase,0.25
4214,1053.5,RNAP,RNAP,1.0
4214,1053.5,mRNA,tetA,12.0
4214,1053.5,mRNA,Raspberry,2.0
4214,1053.5,mRNA,mKalama1,1.0
4215,1053.75,topo,topoI,0.25
4215,1053.75,topo,gyrase,0.25
4215,1053.75,RNAP,RNAP,1.0
4215,1053.75,mRNA,tetA,12.0
4215,1053.75,mRNA,Raspberry,2.0
4215,1053.75,mRNA,mKalama1,1.0
4216,1054.0,topo,topoI,0.25
4216,1054.0,topo,gyrase,0.25
4216,1054.0,RNAP,RNAP,1.0
4216,1054.0,mRNA,tetA,12.0
4216,1054.0,mRNA,Raspberry,2.0
4216,1054.0,mRNA,mKalama1,1.0
4217,1054.25,topo,topoI,0.25
4217,1054.25,topo,gyrase,0.25
4217,1054.25,RNAP,RNAP,1.0
4217,1054.25,mRNA,tetA,12.0
4217,1054.25,mRNA,Raspberry,2.0
4217,1054.25,mRNA,mKalama1,1.0
4218,1054.5,topo,topoI,0.25
4218,1054.5,topo,gyrase,0.25
4218,1054.5,RNAP,RNAP,1.0
4218,1054.5,mRNA,tetA,13.0
4218,1054.5,mRNA,Raspberry,2.0
4218,1054.5,mRNA,mKalama1,1.0
4219,1054.75,topo,topoI,0.25
4219,1054.75,topo,gyrase,0.25
4219,1054.75,RNAP,RNAP,1.0
4219,1054.75,mRNA,tetA,13.0
4219,1054.75,mRNA,Raspberry,2.0
4219,1054.75,mRNA,mKalama1,1.0
4220,1055.0,topo,topoI,0.25
4220,1055.0,topo,gyrase,0.25
4220,1055.0,RNAP,RNAP,1.0
4220,1055.0,mRNA,tetA,13.0
4220,1055.0,mRNA,Raspberry,2.0
4220,1055.0,mRNA,mKalama1,1.0
4221,1055.25,topo,topoI,0.25
4221,1055.25,topo,gyrase,0.25
4221,1055.25,RNAP,RNAP,1.0
4221,1055.25,mRNA,tetA,13.0
4221,1055.25,mRNA,Raspberry,2.0
4221,1055.25,mRNA,mKalama1,1.0
4222,1055.5,topo,topoI,0.25
4222,1055.5,topo,gyrase,0.25
4222,1055.5,RNAP,RNAP,1.0
4222,1055.5,mRNA,tetA,13.0
4222,1055.5,mRNA,Raspberry,2.0
4222,1055.5,mRNA,mKalama1,1.0
4223,1055.75,topo,topoI,0.25
4223,1055.75,topo,gyrase,0.25
4223,1055.75,RNAP,RNAP,1.0
4223,1055.75,mRNA,tetA,13.0
4223,1055.75,mRNA,Raspberry,2.0
4223,1055.75,mRNA,mKalama1,1.0
4224,1056.0,topo,topoI,0.25
4224,1056.0,topo,gyrase,0.25
4224,1056.0,RNAP,RNAP,1.0
4224,1056.0,mRNA,tetA,13.0
4224,1056.0,mRNA,Raspberry,2.0
4224,1056.0,mRNA,mKalama1,1.0
4225,1056.25,topo,topoI,0.25
4225,1056.25,topo,gyrase,0.25
4225,1056.25,RNAP,RNAP,1.0
4225,1056.25,mRNA,tetA,13.0
4225,1056.25,mRNA,Raspberry,2.0
4225,1056.25,mRNA,mKalama1,1.0
4226,1056.5,topo,topoI,0.25
4226,1056.5,topo,gyrase,0.25
4226,1056.5,RNAP,RNAP,1.0
4226,1056.5,mRNA,tetA,13.0
4226,1056.5,mRNA,Raspberry,2.0
4226,1056.5,mRNA,mKalama1,1.0
4227,1056.75,topo,topoI,0.25
4227,1056.75,topo,gyrase,0.25
4227,1056.75,RNAP,RNAP,1.0
4227,1056.75,mRNA,tetA,13.0
4227,1056.75,mRNA,Raspberry,2.0
4227,1056.75,mRNA,mKalama1,1.0
4228,1057.0,topo,topoI,0.25
4228,1057.0,topo,gyrase,0.25
4228,1057.0,RNAP,RNAP,1.0
4228,1057.0,mRNA,tetA,13.0
4228,1057.0,mRNA,Raspberry,2.0
4228,1057.0,mRNA,mKalama1,1.0
4229,1057.25,topo,topoI,0.25
4229,1057.25,topo,gyrase,0.25
4229,1057.25,RNAP,RNAP,1.0
4229,1057.25,mRNA,tetA,13.0
4229,1057.25,mRNA,Raspberry,2.0
4229,1057.25,mRNA,mKalama1,1.0
4230,1057.5,topo,topoI,0.25
4230,1057.5,topo,gyrase,0.25
4230,1057.5,RNAP,RNAP,1.0
4230,1057.5,mRNA,tetA,13.0
4230,1057.5,mRNA,Raspberry,2.0
4230,1057.5,mRNA,mKalama1,1.0
4231,1057.75,topo,topoI,0.25
4231,1057.75,topo,gyrase,0.25
4231,1057.75,RNAP,RNAP,1.0
4231,1057.75,mRNA,tetA,13.0
4231,1057.75,mRNA,Raspberry,2.0
4231,1057.75,mRNA,mKalama1,1.0
4232,1058.0,topo,topoI,0.25
4232,1058.0,topo,gyrase,0.25
4232,1058.0,RNAP,RNAP,1.0
4232,1058.0,mRNA,tetA,13.0
4232,1058.0,mRNA,Raspberry,2.0
4232,1058.0,mRNA,mKalama1,1.0
4233,1058.25,topo,topoI,0.25
4233,1058.25,topo,gyrase,0.25
4233,1058.25,RNAP,RNAP,1.0
4233,1058.25,mRNA,tetA,13.0
4233,1058.25,mRNA,Raspberry,2.0
4233,1058.25,mRNA,mKalama1,1.0
4234,1058.5,topo,topoI,0.25
4234,1058.5,topo,gyrase,0.25
4234,1058.5,RNAP,RNAP,1.0
4234,1058.5,mRNA,tetA,13.0
4234,1058.5,mRNA,Raspberry,2.0
4234,1058.5,mRNA,mKalama1,1.0
4235,1058.75,topo,topoI,0.25
4235,1058.75,topo,gyrase,0.25
4235,1058.75,RNAP,RNAP,1.0
4235,1058.75,mRNA,tetA,13.0
4235,1058.75,mRNA,Raspberry,2.0
4235,1058.75,mRNA,mKalama1,1.0
4236,1059.0,topo,topoI,0.25
4236,1059.0,topo,gyrase,0.25
4236,1059.0,RNAP,RNAP,1.0
4236,1059.0,mRNA,tetA,13.0
4236,1059.0,mRNA,Raspberry,2.0
4236,1059.0,mRNA,mKalama1,1.0
4237,1059.25,topo,topoI,0.25
4237,1059.25,topo,gyrase,0.25
4237,1059.25,RNAP,RNAP,1.0
4237,1059.25,mRNA,tetA,13.0
4237,1059.25,mRNA,Raspberry,2.0
4237,1059.25,mRNA,mKalama1,1.0
4238,1059.5,topo,topoI,0.25
4238,1059.5,topo,gyrase,0.25
4238,1059.5,RNAP,RNAP,1.0
4238,1059.5,mRNA,tetA,13.0
4238,1059.5,mRNA,Raspberry,2.0
4238,1059.5,mRNA,mKalama1,1.0
4239,1059.75,topo,topoI,0.25
4239,1059.75,topo,gyrase,0.25
4239,1059.75,RNAP,RNAP,1.0
4239,1059.75,mRNA,tetA,13.0
4239,1059.75,mRNA,Raspberry,2.0
4239,1059.75,mRNA,mKalama1,1.0
4240,1060.0,topo,topoI,0.25
4240,1060.0,topo,gyrase,0.25
4240,1060.0,RNAP,RNAP,1.0
4240,1060.0,mRNA,tetA,13.0
4240,1060.0,mRNA,Raspberry,2.0
4240,1060.0,mRNA,mKalama1,1.0
4241,1060.25,topo,topoI,0.25
4241,1060.25,topo,gyrase,0.25
4241,1060.25,RNAP,RNAP,1.0
4241,1060.25,mRNA,tetA,13.0
4241,1060.25,mRNA,Raspberry,2.0
4241,1060.25,mRNA,mKalama1,1.0
4242,1060.5,topo,topoI,0.25
4242,1060.5,topo,gyrase,0.25
4242,1060.5,RNAP,RNAP,1.0
4242,1060.5,mRNA,tetA,13.0
4242,1060.5,mRNA,Raspberry,2.0
4242,1060.5,mRNA,mKalama1,1.0
4243,1060.75,topo,topoI,0.25
4243,1060.75,topo,gyrase,0.25
4243,1060.75,RNAP,RNAP,1.0
4243,1060.75,mRNA,tetA,13.0
4243,1060.75,mRNA,Raspberry,2.0
4243,1060.75,mRNA,mKalama1,1.0
4244,1061.0,topo,topoI,0.25
4244,1061.0,topo,gyrase,0.25
4244,1061.0,RNAP,RNAP,1.0
4244,1061.0,mRNA,tetA,13.0
4244,1061.0,mRNA,Raspberry,2.0
4244,1061.0,mRNA,mKalama1,1.0
4245,1061.25,topo,topoI,0.25
4245,1061.25,topo,gyrase,0.25
4245,1061.25,RNAP,RNAP,1.0
4245,1061.25,mRNA,tetA,13.0
4245,1061.25,mRNA,Raspberry,2.0
4245,1061.25,mRNA,mKalama1,1.0
4246,1061.5,topo,topoI,0.25
4246,1061.5,topo,gyrase,0.25
4246,1061.5,RNAP,RNAP,1.0
4246,1061.5,mRNA,tetA,13.0
4246,1061.5,mRNA,Raspberry,2.0
4246,1061.5,mRNA,mKalama1,1.0
4247,1061.75,topo,topoI,0.25
4247,1061.75,topo,gyrase,0.25
4247,1061.75,RNAP,RNAP,1.0
4247,1061.75,mRNA,tetA,13.0
4247,1061.75,mRNA,Raspberry,2.0
4247,1061.75,mRNA,mKalama1,1.0
4248,1062.0,topo,topoI,0.25
4248,1062.0,topo,gyrase,0.25
4248,1062.0,RNAP,RNAP,1.0
4248,1062.0,mRNA,tetA,13.0
4248,1062.0,mRNA,Raspberry,2.0
4248,1062.0,mRNA,mKalama1,1.0
4249,1062.25,topo,topoI,0.25
4249,1062.25,topo,gyrase,0.25
4249,1062.25,RNAP,RNAP,1.0
4249,1062.25,mRNA,tetA,13.0
4249,1062.25,mRNA,Raspberry,2.0
4249,1062.25,mRNA,mKalama1,1.0
4250,1062.5,topo,topoI,0.25
4250,1062.5,topo,gyrase,0.25
4250,1062.5,RNAP,RNAP,1.0
4250,1062.5,mRNA,tetA,13.0
4250,1062.5,mRNA,Raspberry,2.0
4250,1062.5,mRNA,mKalama1,1.0
4251,1062.75,topo,topoI,0.25
4251,1062.75,topo,gyrase,0.25
4251,1062.75,RNAP,RNAP,1.0
4251,1062.75,mRNA,tetA,13.0
4251,1062.75,mRNA,Raspberry,2.0
4251,1062.75,mRNA,mKalama1,1.0
4252,1063.0,topo,topoI,0.25
4252,1063.0,topo,gyrase,0.25
4252,1063.0,RNAP,RNAP,1.0
4252,1063.0,mRNA,tetA,13.0
4252,1063.0,mRNA,Raspberry,2.0
4252,1063.0,mRNA,mKalama1,1.0
4253,1063.25,topo,topoI,0.25
4253,1063.25,topo,gyrase,0.25
4253,1063.25,RNAP,RNAP,1.0
4253,1063.25,mRNA,tetA,13.0
4253,1063.25,mRNA,Raspberry,2.0
4253,1063.25,mRNA,mKalama1,1.0
4254,1063.5,topo,topoI,0.25
4254,1063.5,topo,gyrase,0.25
4254,1063.5,RNAP,RNAP,1.0
4254,1063.5,mRNA,tetA,13.0
4254,1063.5,mRNA,Raspberry,2.0
4254,1063.5,mRNA,mKalama1,1.0
4255,1063.75,topo,topoI,0.25
4255,1063.75,topo,gyrase,0.25
4255,1063.75,RNAP,RNAP,1.0
4255,1063.75,mRNA,tetA,13.0
4255,1063.75,mRNA,Raspberry,2.0
4255,1063.75,mRNA,mKalama1,1.0
4256,1064.0,topo,topoI,0.25
4256,1064.0,topo,gyrase,0.25
4256,1064.0,RNAP,RNAP,1.0
4256,1064.0,mRNA,tetA,13.0
4256,1064.0,mRNA,Raspberry,2.0
4256,1064.0,mRNA,mKalama1,1.0
4257,1064.25,topo,topoI,0.25
4257,1064.25,topo,gyrase,0.25
4257,1064.25,RNAP,RNAP,1.0
4257,1064.25,mRNA,tetA,13.0
4257,1064.25,mRNA,Raspberry,2.0
4257,1064.25,mRNA,mKalama1,1.0
4258,1064.5,topo,topoI,0.25
4258,1064.5,topo,gyrase,0.25
4258,1064.5,RNAP,RNAP,1.0
4258,1064.5,mRNA,tetA,13.0
4258,1064.5,mRNA,Raspberry,2.0
4258,1064.5,mRNA,mKalama1,1.0
4259,1064.75,topo,topoI,0.25
4259,1064.75,topo,gyrase,0.25
4259,1064.75,RNAP,RNAP,1.0
4259,1064.75,mRNA,tetA,13.0
4259,1064.75,mRNA,Raspberry,2.0
4259,1064.75,mRNA,mKalama1,1.0
4260,1065.0,topo,topoI,0.25
4260,1065.0,topo,gyrase,0.25
4260,1065.0,RNAP,RNAP,1.0
4260,1065.0,mRNA,tetA,13.0
4260,1065.0,mRNA,Raspberry,2.0
4260,1065.0,mRNA,mKalama1,1.0
4261,1065.25,topo,topoI,0.25
4261,1065.25,topo,gyrase,0.25
4261,1065.25,RNAP,RNAP,1.0
4261,1065.25,mRNA,tetA,13.0
4261,1065.25,mRNA,Raspberry,2.0
4261,1065.25,mRNA,mKalama1,1.0
4262,1065.5,topo,topoI,0.25
4262,1065.5,topo,gyrase,0.25
4262,1065.5,RNAP,RNAP,1.0
4262,1065.5,mRNA,tetA,13.0
4262,1065.5,mRNA,Raspberry,2.0
4262,1065.5,mRNA,mKalama1,1.0
4263,1065.75,topo,topoI,0.25
4263,1065.75,topo,gyrase,0.25
4263,1065.75,RNAP,RNAP,1.0
4263,1065.75,mRNA,tetA,13.0
4263,1065.75,mRNA,Raspberry,2.0
4263,1065.75,mRNA,mKalama1,1.0
4264,1066.0,topo,topoI,0.25
4264,1066.0,topo,gyrase,0.25
4264,1066.0,RNAP,RNAP,1.0
4264,1066.0,mRNA,tetA,13.0
4264,1066.0,mRNA,Raspberry,2.0
4264,1066.0,mRNA,mKalama1,1.0
4265,1066.25,topo,topoI,0.25
4265,1066.25,topo,gyrase,0.25
4265,1066.25,RNAP,RNAP,1.0
4265,1066.25,mRNA,tetA,13.0
4265,1066.25,mRNA,Raspberry,2.0
4265,1066.25,mRNA,mKalama1,1.0
4266,1066.5,topo,topoI,0.25
4266,1066.5,topo,gyrase,0.25
4266,1066.5,RNAP,RNAP,1.0
4266,1066.5,mRNA,tetA,13.0
4266,1066.5,mRNA,Raspberry,2.0
4266,1066.5,mRNA,mKalama1,1.0
4267,1066.75,topo,topoI,0.25
4267,1066.75,topo,gyrase,0.25
4267,1066.75,RNAP,RNAP,1.0
4267,1066.75,mRNA,tetA,13.0
4267,1066.75,mRNA,Raspberry,2.0
4267,1066.75,mRNA,mKalama1,1.0
4268,1067.0,topo,topoI,0.25
4268,1067.0,topo,gyrase,0.25
4268,1067.0,RNAP,RNAP,1.0
4268,1067.0,mRNA,tetA,13.0
4268,1067.0,mRNA,Raspberry,2.0
4268,1067.0,mRNA,mKalama1,1.0
4269,1067.25,topo,topoI,0.25
4269,1067.25,topo,gyrase,0.25
4269,1067.25,RNAP,RNAP,1.0
4269,1067.25,mRNA,tetA,13.0
4269,1067.25,mRNA,Raspberry,2.0
4269,1067.25,mRNA,mKalama1,1.0
4270,1067.5,topo,topoI,0.25
4270,1067.5,topo,gyrase,0.25
4270,1067.5,RNAP,RNAP,1.0
4270,1067.5,mRNA,tetA,13.0
4270,1067.5,mRNA,Raspberry,2.0
4270,1067.5,mRNA,mKalama1,1.0
4271,1067.75,topo,topoI,0.25
4271,1067.75,topo,gyrase,0.25
4271,1067.75,RNAP,RNAP,1.0
4271,1067.75,mRNA,tetA,13.0
4271,1067.75,mRNA,Raspberry,2.0
4271,1067.75,mRNA,mKalama1,1.0
4272,1068.0,topo,topoI,0.25
4272,1068.0,topo,gyrase,0.25
4272,1068.0,RNAP,RNAP,1.0
4272,1068.0,mRNA,tetA,13.0
4272,1068.0,mRNA,Raspberry,2.0
4272,1068.0,mRNA,mKalama1,1.0
4273,1068.25,topo,topoI,0.25
4273,1068.25,topo,gyrase,0.25
4273,1068.25,RNAP,RNAP,1.0
4273,1068.25,mRNA,tetA,13.0
4273,1068.25,mRNA,Raspberry,2.0
4273,1068.25,mRNA,mKalama1,1.0
4274,1068.5,topo,topoI,0.25
4274,1068.5,topo,gyrase,0.25
4274,1068.5,RNAP,RNAP,1.0
4274,1068.5,mRNA,tetA,13.0
4274,1068.5,mRNA,Raspberry,2.0
4274,1068.5,mRNA,mKalama1,1.0
4275,1068.75,topo,topoI,0.25
4275,1068.75,topo,gyrase,0.25
4275,1068.75,RNAP,RNAP,1.0
4275,1068.75,mRNA,tetA,13.0
4275,1068.75,mRNA,Raspberry,2.0
4275,1068.75,mRNA,mKalama1,1.0
4276,1069.0,topo,topoI,0.25
4276,1069.0,topo,gyrase,0.25
4276,1069.0,RNAP,RNAP,1.0
4276,1069.0,mRNA,tetA,13.0
4276,1069.0,mRNA,Raspberry,2.0
4276,1069.0,mRNA,mKalama1,1.0
4277,1069.25,topo,topoI,0.25
4277,1069.25,topo,gyrase,0.25
4277,1069.25,RNAP,RNAP,1.0
4277,1069.25,mRNA,tetA,13.0
4277,1069.25,mRNA,Raspberry,2.0
4277,1069.25,mRNA,mKalama1,1.0
4278,1069.5,topo,topoI,0.25
4278,1069.5,topo,gyrase,0.25
4278,1069.5,RNAP,RNAP,1.0
4278,1069.5,mRNA,tetA,13.0
4278,1069.5,mRNA,Raspberry,2.0
4278,1069.5,mRNA,mKalama1,1.0
4279,1069.75,topo,topoI,0.25
4279,1069.75,topo,gyrase,0.25
4279,1069.75,RNAP,RNAP,1.0
4279,1069.75,mRNA,tetA,13.0
4279,1069.75,mRNA,Raspberry,2.0
4279,1069.75,mRNA,mKalama1,1.0
4280,1070.0,topo,topoI,0.25
4280,1070.0,topo,gyrase,0.25
4280,1070.0,RNAP,RNAP,1.0
4280,1070.0,mRNA,tetA,13.0
4280,1070.0,mRNA,Raspberry,2.0
4280,1070.0,mRNA,mKalama1,1.0
4281,1070.25,topo,topoI,0.25
4281,1070.25,topo,gyrase,0.25
4281,1070.25,RNAP,RNAP,1.0
4281,1070.25,mRNA,tetA,13.0
4281,1070.25,mRNA,Raspberry,2.0
4281,1070.25,mRNA,mKalama1,1.0
4282,1070.5,topo,topoI,0.25
4282,1070.5,topo,gyrase,0.25
4282,1070.5,RNAP,RNAP,1.0
4282,1070.5,mRNA,tetA,13.0
4282,1070.5,mRNA,Raspberry,2.0
4282,1070.5,mRNA,mKalama1,1.0
4283,1070.75,topo,topoI,0.25
4283,1070.75,topo,gyrase,0.25
4283,1070.75,RNAP,RNAP,1.0
4283,1070.75,mRNA,tetA,13.0
4283,1070.75,mRNA,Raspberry,2.0
4283,1070.75,mRNA,mKalama1,1.0
4284,1071.0,topo,topoI,0.25
4284,1071.0,topo,gyrase,0.25
4284,1071.0,RNAP,RNAP,1.0
4284,1071.0,mRNA,tetA,13.0
4284,1071.0,mRNA,Raspberry,2.0
4284,1071.0,mRNA,mKalama1,1.0
4285,1071.25,topo,topoI,0.25
4285,1071.25,topo,gyrase,0.25
4285,1071.25,RNAP,RNAP,1.0
4285,1071.25,mRNA,tetA,13.0
4285,1071.25,mRNA,Raspberry,2.0
4285,1071.25,mRNA,mKalama1,1.0
4286,1071.5,topo,topoI,0.25
4286,1071.5,topo,gyrase,0.25
4286,1071.5,RNAP,RNAP,1.0
4286,1071.5,mRNA,tetA,13.0
4286,1071.5,mRNA,Raspberry,2.0
4286,1071.5,mRNA,mKalama1,1.0
4287,1071.75,topo,topoI,0.25
4287,1071.75,topo,gyrase,0.25
4287,1071.75,RNAP,RNAP,1.0
4287,1071.75,mRNA,tetA,13.0
4287,1071.75,mRNA,Raspberry,2.0
4287,1071.75,mRNA,mKalama1,1.0
4288,1072.0,topo,topoI,0.25
4288,1072.0,topo,gyrase,0.25
4288,1072.0,RNAP,RNAP,1.0
4288,1072.0,mRNA,tetA,13.0
4288,1072.0,mRNA,Raspberry,2.0
4288,1072.0,mRNA,mKalama1,1.0
4289,1072.25,topo,topoI,0.25
4289,1072.25,topo,gyrase,0.25
4289,1072.25,RNAP,RNAP,1.0
4289,1072.25,mRNA,tetA,13.0
4289,1072.25,mRNA,Raspberry,2.0
4289,1072.25,mRNA,mKalama1,1.0
4290,1072.5,topo,topoI,0.25
4290,1072.5,topo,gyrase,0.25
4290,1072.5,RNAP,RNAP,1.0
4290,1072.5,mRNA,tetA,13.0
4290,1072.5,mRNA,Raspberry,2.0
4290,1072.5,mRNA,mKalama1,1.0
4291,1072.75,topo,topoI,0.25
4291,1072.75,topo,gyrase,0.25
4291,1072.75,RNAP,RNAP,1.0
4291,1072.75,mRNA,tetA,13.0
4291,1072.75,mRNA,Raspberry,2.0
4291,1072.75,mRNA,mKalama1,1.0
4292,1073.0,topo,topoI,0.25
4292,1073.0,topo,gyrase,0.25
4292,1073.0,RNAP,RNAP,1.0
4292,1073.0,mRNA,tetA,13.0
4292,1073.0,mRNA,Raspberry,2.0
4292,1073.0,mRNA,mKalama1,1.0
4293,1073.25,topo,topoI,0.25
4293,1073.25,topo,gyrase,0.25
4293,1073.25,RNAP,RNAP,1.0
4293,1073.25,mRNA,tetA,13.0
4293,1073.25,mRNA,Raspberry,2.0
4293,1073.25,mRNA,mKalama1,1.0
4294,1073.5,topo,topoI,0.25
4294,1073.5,topo,gyrase,0.25
4294,1073.5,RNAP,RNAP,1.0
4294,1073.5,mRNA,tetA,13.0
4294,1073.5,mRNA,Raspberry,2.0
4294,1073.5,mRNA,mKalama1,1.0
4295,1073.75,topo,topoI,0.25
4295,1073.75,topo,gyrase,0.25
4295,1073.75,RNAP,RNAP,1.0
4295,1073.75,mRNA,tetA,13.0
4295,1073.75,mRNA,Raspberry,2.0
4295,1073.75,mRNA,mKalama1,1.0
4296,1074.0,topo,topoI,0.25
4296,1074.0,topo,gyrase,0.25
4296,1074.0,RNAP,RNAP,1.0
4296,1074.0,mRNA,tetA,13.0
4296,1074.0,mRNA,Raspberry,2.0
4296,1074.0,mRNA,mKalama1,1.0
4297,1074.25,topo,topoI,0.25
4297,1074.25,topo,gyrase,0.25
4297,1074.25,RNAP,RNAP,1.0
4297,1074.25,mRNA,tetA,13.0
4297,1074.25,mRNA,Raspberry,2.0
4297,1074.25,mRNA,mKalama1,1.0
4298,1074.5,topo,topoI,0.25
4298,1074.5,topo,gyrase,0.25
4298,1074.5,RNAP,RNAP,1.0
4298,1074.5,mRNA,tetA,13.0
4298,1074.5,mRNA,Raspberry,2.0
4298,1074.5,mRNA,mKalama1,1.0
4299,1074.75,topo,topoI,0.25
4299,1074.75,topo,gyrase,0.25
4299,1074.75,RNAP,RNAP,1.0
4299,1074.75,mRNA,tetA,13.0
4299,1074.75,mRNA,Raspberry,2.0
4299,1074.75,mRNA,mKalama1,1.0
4300,1075.0,topo,topoI,0.25
4300,1075.0,topo,gyrase,0.25
4300,1075.0,RNAP,RNAP,1.0
4300,1075.0,mRNA,tetA,13.0
4300,1075.0,mRNA,Raspberry,2.0
4300,1075.0,mRNA,mKalama1,1.0
4301,1075.25,topo,topoI,0.25
4301,1075.25,topo,gyrase,0.25
4301,1075.25,RNAP,RNAP,1.0
4301,1075.25,mRNA,tetA,13.0
4301,1075.25,mRNA,Raspberry,2.0
4301,1075.25,mRNA,mKalama1,1.0
4302,1075.5,topo,topoI,0.25
4302,1075.5,topo,gyrase,0.25
4302,1075.5,RNAP,RNAP,1.0
4302,1075.5,mRNA,tetA,13.0
4302,1075.5,mRNA,Raspberry,2.0
4302,1075.5,mRNA,mKalama1,1.0
4303,1075.75,topo,topoI,0.25
4303,1075.75,topo,gyrase,0.25
4303,1075.75,RNAP,RNAP,1.0
4303,1075.75,mRNA,tetA,13.0
4303,1075.75,mRNA,Raspberry,2.0
4303,1075.75,mRNA,mKalama1,1.0
4304,1076.0,topo,topoI,0.25
4304,1076.0,topo,gyrase,0.25
4304,1076.0,RNAP,RNAP,1.0
4304,1076.0,mRNA,tetA,13.0
4304,1076.0,mRNA,Raspberry,2.0
4304,1076.0,mRNA,mKalama1,1.0
4305,1076.25,topo,topoI,0.25
4305,1076.25,topo,gyrase,0.25
4305,1076.25,RNAP,RNAP,1.0
4305,1076.25,mRNA,tetA,13.0
4305,1076.25,mRNA,Raspberry,2.0
4305,1076.25,mRNA,mKalama1,1.0
4306,1076.5,topo,topoI,0.25
4306,1076.5,topo,gyrase,0.25
4306,1076.5,RNAP,RNAP,1.0
4306,1076.5,mRNA,tetA,13.0
4306,1076.5,mRNA,Raspberry,2.0
4306,1076.5,mRNA,mKalama1,1.0
4307,1076.75,topo,topoI,0.25
4307,1076.75,topo,gyrase,0.25
4307,1076.75,RNAP,RNAP,1.0
4307,1076.75,mRNA,tetA,13.0
4307,1076.75,mRNA,Raspberry,2.0
4307,1076.75,mRNA,mKalama1,1.0
4308,1077.0,topo,topoI,0.25
4308,1077.0,topo,gyrase,0.25
4308,1077.0,RNAP,RNAP,1.0
4308,1077.0,mRNA,tetA,13.0
4308,1077.0,mRNA,Raspberry,2.0
4308,1077.0,mRNA,mKalama1,1.0
4309,1077.25,topo,topoI,0.25
4309,1077.25,topo,gyrase,0.25
4309,1077.25,RNAP,RNAP,1.0
4309,1077.25,mRNA,tetA,13.0
4309,1077.25,mRNA,Raspberry,2.0
4309,1077.25,mRNA,mKalama1,1.0
4310,1077.5,topo,topoI,0.25
4310,1077.5,topo,gyrase,0.25
4310,1077.5,RNAP,RNAP,1.0
4310,1077.5,mRNA,tetA,13.0
4310,1077.5,mRNA,Raspberry,2.0
4310,1077.5,mRNA,mKalama1,1.0
4311,1077.75,topo,topoI,0.25
4311,1077.75,topo,gyrase,0.25
4311,1077.75,RNAP,RNAP,1.0
4311,1077.75,mRNA,tetA,13.0
4311,1077.75,mRNA,Raspberry,2.0
4311,1077.75,mRNA,mKalama1,1.0
4312,1078.0,topo,topoI,0.25
4312,1078.0,topo,gyrase,0.25
4312,1078.0,RNAP,RNAP,1.0
4312,1078.0,mRNA,tetA,13.0
4312,1078.0,mRNA,Raspberry,2.0
4312,1078.0,mRNA,mKalama1,1.0
4313,1078.25,topo,topoI,0.25
4313,1078.25,topo,gyrase,0.25
4313,1078.25,RNAP,RNAP,1.0
4313,1078.25,mRNA,tetA,13.0
4313,1078.25,mRNA,Raspberry,2.0
4313,1078.25,mRNA,mKalama1,1.0
4314,1078.5,topo,topoI,0.25
4314,1078.5,topo,gyrase,0.25
4314,1078.5,RNAP,RNAP,1.0
4314,1078.5,mRNA,tetA,13.0
4314,1078.5,mRNA,Raspberry,2.0
4314,1078.5,mRNA,mKalama1,1.0
4315,1078.75,topo,topoI,0.25
4315,1078.75,topo,gyrase,0.25
4315,1078.75,RNAP,RNAP,1.0
4315,1078.75,mRNA,tetA,13.0
4315,1078.75,mRNA,Raspberry,2.0
4315,1078.75,mRNA,mKalama1,1.0
4316,1079.0,topo,topoI,0.25
4316,1079.0,topo,gyrase,0.25
4316,1079.0,RNAP,RNAP,1.0
4316,1079.0,mRNA,tetA,13.0
4316,1079.0,mRNA,Raspberry,2.0
4316,1079.0,mRNA,mKalama1,1.0
4317,1079.25,topo,topoI,0.25
4317,1079.25,topo,gyrase,0.25
4317,1079.25,RNAP,RNAP,1.0
4317,1079.25,mRNA,tetA,13.0
4317,1079.25,mRNA,Raspberry,2.0
4317,1079.25,mRNA,mKalama1,1.0
4318,1079.5,topo,topoI,0.25
4318,1079.5,topo,gyrase,0.25
4318,1079.5,RNAP,RNAP,1.0
4318,1079.5,mRNA,tetA,13.0
4318,1079.5,mRNA,Raspberry,2.0
4318,1079.5,mRNA,mKalama1,1.0
4319,1079.75,topo,topoI,0.25
4319,1079.75,topo,gyrase,0.25
4319,1079.75,RNAP,RNAP,1.0
4319,1079.75,mRNA,tetA,13.0
4319,1079.75,mRNA,Raspberry,2.0
4319,1079.75,mRNA,mKalama1,1.0
4320,1080.0,topo,topoI,0.25
4320,1080.0,topo,gyrase,0.25
4320,1080.0,RNAP,RNAP,1.0
4320,1080.0,mRNA,tetA,13.0
4320,1080.0,mRNA,Raspberry,2.0
4320,1080.0,mRNA,mKalama1,1.0
4321,1080.25,topo,topoI,0.25
4321,1080.25,topo,gyrase,0.25
4321,1080.25,RNAP,RNAP,1.0
4321,1080.25,mRNA,tetA,13.0
4321,1080.25,mRNA,Raspberry,2.0
4321,1080.25,mRNA,mKalama1,1.0
4322,1080.5,topo,topoI,0.25
4322,1080.5,topo,gyrase,0.25
4322,1080.5,RNAP,RNAP,1.0
4322,1080.5,mRNA,tetA,13.0
4322,1080.5,mRNA,Raspberry,2.0
4322,1080.5,mRNA,mKalama1,1.0
4323,1080.75,topo,topoI,0.25
4323,1080.75,topo,gyrase,0.25
4323,1080.75,RNAP,RNAP,1.0
4323,1080.75,mRNA,tetA,13.0
4323,1080.75,mRNA,Raspberry,2.0
4323,1080.75,mRNA,mKalama1,1.0
4324,1081.0,topo,topoI,0.25
4324,1081.0,topo,gyrase,0.25
4324,1081.0,RNAP,RNAP,1.0
4324,1081.0,mRNA,tetA,13.0
4324,1081.0,mRNA,Raspberry,2.0
4324,1081.0,mRNA,mKalama1,1.0
4325,1081.25,topo,topoI,0.25
4325,1081.25,topo,gyrase,0.25
4325,1081.25,RNAP,RNAP,1.0
4325,1081.25,mRNA,tetA,13.0
4325,1081.25,mRNA,Raspberry,2.0
4325,1081.25,mRNA,mKalama1,1.0
4326,1081.5,topo,topoI,0.25
4326,1081.5,topo,gyrase,0.25
4326,1081.5,RNAP,RNAP,1.0
4326,1081.5,mRNA,tetA,13.0
4326,1081.5,mRNA,Raspberry,2.0
4326,1081.5,mRNA,mKalama1,1.0
4327,1081.75,topo,topoI,0.25
4327,1081.75,topo,gyrase,0.25
4327,1081.75,RNAP,RNAP,1.0
4327,1081.75,mRNA,tetA,13.0
4327,1081.75,mRNA,Raspberry,2.0
4327,1081.75,mRNA,mKalama1,1.0
4328,1082.0,topo,topoI,0.25
4328,1082.0,topo,gyrase,0.25
4328,1082.0,RNAP,RNAP,1.0
4328,1082.0,mRNA,tetA,13.0
4328,1082.0,mRNA,Raspberry,2.0
4328,1082.0,mRNA,mKalama1,1.0
4329,1082.25,topo,topoI,0.25
4329,1082.25,topo,gyrase,0.25
4329,1082.25,RNAP,RNAP,1.0
4329,1082.25,mRNA,tetA,13.0
4329,1082.25,mRNA,Raspberry,2.0
4329,1082.25,mRNA,mKalama1,1.0
4330,1082.5,topo,topoI,0.25
4330,1082.5,topo,gyrase,0.25
4330,1082.5,RNAP,RNAP,1.0
4330,1082.5,mRNA,tetA,13.0
4330,1082.5,mRNA,Raspberry,2.0
4330,1082.5,mRNA,mKalama1,1.0
4331,1082.75,topo,topoI,0.25
4331,1082.75,topo,gyrase,0.25
4331,1082.75,RNAP,RNAP,1.0
4331,1082.75,mRNA,tetA,13.0
4331,1082.75,mRNA,Raspberry,2.0
4331,1082.75,mRNA,mKalama1,1.0
4332,1083.0,topo,topoI,0.25
4332,1083.0,topo,gyrase,0.25
4332,1083.0,RNAP,RNAP,1.0
4332,1083.0,mRNA,tetA,13.0
4332,1083.0,mRNA,Raspberry,2.0
4332,1083.0,mRNA,mKalama1,1.0
4333,1083.25,topo,topoI,0.25
4333,1083.25,topo,gyrase,0.25
4333,1083.25,RNAP,RNAP,1.0
4333,1083.25,mRNA,tetA,13.0
4333,1083.25,mRNA,Raspberry,2.0
4333,1083.25,mRNA,mKalama1,1.0
4334,1083.5,topo,topoI,0.25
4334,1083.5,topo,gyrase,0.25
4334,1083.5,RNAP,RNAP,1.0
4334,1083.5,mRNA,tetA,13.0
4334,1083.5,mRNA,Raspberry,2.0
4334,1083.5,mRNA,mKalama1,1.0
4335,1083.75,topo,topoI,0.25
4335,1083.75,topo,gyrase,0.25
4335,1083.75,RNAP,RNAP,1.0
4335,1083.75,mRNA,tetA,13.0
4335,1083.75,mRNA,Raspberry,2.0
4335,1083.75,mRNA,mKalama1,1.0
4336,1084.0,topo,topoI,0.25
4336,1084.0,topo,gyrase,0.25
4336,1084.0,RNAP,RNAP,1.0
4336,1084.0,mRNA,tetA,13.0
4336,1084.0,mRNA,Raspberry,2.0
4336,1084.0,mRNA,mKalama1,1.0
4337,1084.25,topo,topoI,0.25
4337,1084.25,topo,gyrase,0.25
4337,1084.25,RNAP,RNAP,1.0
4337,1084.25,mRNA,tetA,13.0
4337,1084.25,mRNA,Raspberry,2.0
4337,1084.25,mRNA,mKalama1,1.0
4338,1084.5,topo,topoI,0.25
4338,1084.5,topo,gyrase,0.25
4338,1084.5,RNAP,RNAP,1.0
4338,1084.5,mRNA,tetA,13.0
4338,1084.5,mRNA,Raspberry,2.0
4338,1084.5,mRNA,mKalama1,1.0
4339,1084.75,topo,topoI,0.25
4339,1084.75,topo,gyrase,0.25
4339,1084.75,RNAP,RNAP,1.0
4339,1084.75,mRNA,tetA,13.0
4339,1084.75,mRNA,Raspberry,2.0
4339,1084.75,mRNA,mKalama1,1.0
4340,1085.0,topo,topoI,0.25
4340,1085.0,topo,gyrase,0.25
4340,1085.0,RNAP,RNAP,1.0
4340,1085.0,mRNA,tetA,13.0
4340,1085.0,mRNA,Raspberry,2.0
4340,1085.0,mRNA,mKalama1,1.0
4341,1085.25,topo,topoI,0.25
4341,1085.25,topo,gyrase,0.25
4341,1085.25,RNAP,RNAP,1.0
4341,1085.25,mRNA,tetA,13.0
4341,1085.25,mRNA,Raspberry,2.0
4341,1085.25,mRNA,mKalama1,1.0
4342,1085.5,topo,topoI,0.25
4342,1085.5,topo,gyrase,0.25
4342,1085.5,RNAP,RNAP,1.0
4342,1085.5,mRNA,tetA,13.0
4342,1085.5,mRNA,Raspberry,2.0
4342,1085.5,mRNA,mKalama1,1.0
4343,1085.75,topo,topoI,0.25
4343,1085.75,topo,gyrase,0.25
4343,1085.75,RNAP,RNAP,1.0
4343,1085.75,mRNA,tetA,13.0
4343,1085.75,mRNA,Raspberry,2.0
4343,1085.75,mRNA,mKalama1,1.0
4344,1086.0,topo,topoI,0.25
4344,1086.0,topo,gyrase,0.25
4344,1086.0,RNAP,RNAP,1.0
4344,1086.0,mRNA,tetA,13.0
4344,1086.0,mRNA,Raspberry,2.0
4344,1086.0,mRNA,mKalama1,1.0
4345,1086.25,topo,topoI,0.25
4345,1086.25,topo,gyrase,0.25
4345,1086.25,RNAP,RNAP,1.0
4345,1086.25,mRNA,tetA,13.0
4345,1086.25,mRNA,Raspberry,2.0
4345,1086.25,mRNA,mKalama1,1.0
4346,1086.5,topo,topoI,0.25
4346,1086.5,topo,gyrase,0.25
4346,1086.5,RNAP,RNAP,1.0
4346,1086.5,mRNA,tetA,13.0
4346,1086.5,mRNA,Raspberry,2.0
4346,1086.5,mRNA,mKalama1,1.0
4347,1086.75,topo,topoI,0.25
4347,1086.75,topo,gyrase,0.25
4347,1086.75,RNAP,RNAP,1.0
4347,1086.75,mRNA,tetA,13.0
4347,1086.75,mRNA,Raspberry,2.0
4347,1086.75,mRNA,mKalama1,1.0
4348,1087.0,topo,topoI,0.25
4348,1087.0,topo,gyrase,0.25
4348,1087.0,RNAP,RNAP,1.0
4348,1087.0,mRNA,tetA,13.0
4348,1087.0,mRNA,Raspberry,2.0
4348,1087.0,mRNA,mKalama1,1.0
4349,1087.25,topo,topoI,0.25
4349,1087.25,topo,gyrase,0.25
4349,1087.25,RNAP,RNAP,1.0
4349,1087.25,mRNA,tetA,13.0
4349,1087.25,mRNA,Raspberry,2.0
4349,1087.25,mRNA,mKalama1,1.0
4350,1087.5,topo,topoI,0.25
4350,1087.5,topo,gyrase,0.25
4350,1087.5,RNAP,RNAP,1.0
4350,1087.5,mRNA,tetA,13.0
4350,1087.5,mRNA,Raspberry,2.0
4350,1087.5,mRNA,mKalama1,1.0
4351,1087.75,topo,topoI,0.25
4351,1087.75,topo,gyrase,0.25
4351,1087.75,RNAP,RNAP,1.0
4351,1087.75,mRNA,tetA,13.0
4351,1087.75,mRNA,Raspberry,2.0
4351,1087.75,mRNA,mKalama1,1.0
4352,1088.0,topo,topoI,0.25
4352,1088.0,topo,gyrase,0.25
4352,1088.0,RNAP,RNAP,1.0
4352,1088.0,mRNA,tetA,13.0
4352,1088.0,mRNA,Raspberry,2.0
4352,1088.0,mRNA,mKalama1,1.0
4353,1088.25,topo,topoI,0.25
4353,1088.25,topo,gyrase,0.25
4353,1088.25,RNAP,RNAP,1.0
4353,1088.25,mRNA,tetA,13.0
4353,1088.25,mRNA,Raspberry,2.0
4353,1088.25,mRNA,mKalama1,1.0
4354,1088.5,topo,topoI,0.25
4354,1088.5,topo,gyrase,0.25
4354,1088.5,RNAP,RNAP,1.0
4354,1088.5,mRNA,tetA,13.0
4354,1088.5,mRNA,Raspberry,2.0
4354,1088.5,mRNA,mKalama1,1.0
4355,1088.75,topo,topoI,0.25
4355,1088.75,topo,gyrase,0.25
4355,1088.75,RNAP,RNAP,1.0
4355,1088.75,mRNA,tetA,13.0
4355,1088.75,mRNA,Raspberry,2.0
4355,1088.75,mRNA,mKalama1,1.0
4356,1089.0,topo,topoI,0.25
4356,1089.0,topo,gyrase,0.25
4356,1089.0,RNAP,RNAP,1.0
4356,1089.0,mRNA,tetA,13.0
4356,1089.0,mRNA,Raspberry,2.0
4356,1089.0,mRNA,mKalama1,1.0
4357,1089.25,topo,topoI,0.25
4357,1089.25,topo,gyrase,0.25
4357,1089.25,RNAP,RNAP,1.0
4357,1089.25,mRNA,tetA,13.0
4357,1089.25,mRNA,Raspberry,2.0
4357,1089.25,mRNA,mKalama1,1.0
4358,1089.5,topo,topoI,0.25
4358,1089.5,topo,gyrase,0.25
4358,1089.5,RNAP,RNAP,1.0
4358,1089.5,mRNA,tetA,13.0
4358,1089.5,mRNA,Raspberry,2.0
4358,1089.5,mRNA,mKalama1,1.0
4359,1089.75,topo,topoI,0.25
4359,1089.75,topo,gyrase,0.25
4359,1089.75,RNAP,RNAP,1.0
4359,1089.75,mRNA,tetA,13.0
4359,1089.75,mRNA,Raspberry,2.0
4359,1089.75,mRNA,mKalama1,1.0
4360,1090.0,topo,topoI,0.25
4360,1090.0,topo,gyrase,0.25
4360,1090.0,RNAP,RNAP,1.0
4360,1090.0,mRNA,tetA,13.0
4360,1090.0,mRNA,Raspberry,2.0
4360,1090.0,mRNA,mKalama1,1.0
4361,1090.25,topo,topoI,0.25
4361,1090.25,topo,gyrase,0.25
4361,1090.25,RNAP,RNAP,1.0
4361,1090.25,mRNA,tetA,13.0
4361,1090.25,mRNA,Raspberry,2.0
4361,1090.25,mRNA,mKalama1,1.0
4362,1090.5,topo,topoI,0.25
4362,1090.5,topo,gyrase,0.25
4362,1090.5,RNAP,RNAP,1.0
4362,1090.5,mRNA,tetA,13.0
4362,1090.5,mRNA,Raspberry,2.0
4362,1090.5,mRNA,mKalama1,1.0
4363,1090.75,topo,topoI,0.25
4363,1090.75,topo,gyrase,0.25
4363,1090.75,RNAP,RNAP,1.0
4363,1090.75,mRNA,tetA,13.0
4363,1090.75,mRNA,Raspberry,2.0
4363,1090.75,mRNA,mKalama1,1.0
4364,1091.0,topo,topoI,0.25
4364,1091.0,topo,gyrase,0.25
4364,1091.0,RNAP,RNAP,1.0
4364,1091.0,mRNA,tetA,13.0
4364,1091.0,mRNA,Raspberry,2.0
4364,1091.0,mRNA,mKalama1,1.0
4365,1091.25,topo,topoI,0.25
4365,1091.25,topo,gyrase,0.25
4365,1091.25,RNAP,RNAP,1.0
4365,1091.25,mRNA,tetA,13.0
4365,1091.25,mRNA,Raspberry,2.0
4365,1091.25,mRNA,mKalama1,1.0
4366,1091.5,topo,topoI,0.25
4366,1091.5,topo,gyrase,0.25
4366,1091.5,RNAP,RNAP,1.0
4366,1091.5,mRNA,tetA,13.0
4366,1091.5,mRNA,Raspberry,2.0
4366,1091.5,mRNA,mKalama1,1.0
4367,1091.75,topo,topoI,0.25
4367,1091.75,topo,gyrase,0.25
4367,1091.75,RNAP,RNAP,1.0
4367,1091.75,mRNA,tetA,13.0
4367,1091.75,mRNA,Raspberry,2.0
4367,1091.75,mRNA,mKalama1,1.0
4368,1092.0,topo,topoI,0.25
4368,1092.0,topo,gyrase,0.25
4368,1092.0,RNAP,RNAP,1.0
4368,1092.0,mRNA,tetA,13.0
4368,1092.0,mRNA,Raspberry,2.0
4368,1092.0,mRNA,mKalama1,1.0
4369,1092.25,topo,topoI,0.25
4369,1092.25,topo,gyrase,0.25
4369,1092.25,RNAP,RNAP,1.0
4369,1092.25,mRNA,tetA,13.0
4369,1092.25,mRNA,Raspberry,2.0
4369,1092.25,mRNA,mKalama1,1.0
4370,1092.5,topo,topoI,0.25
4370,1092.5,topo,gyrase,0.25
4370,1092.5,RNAP,RNAP,1.0
4370,1092.5,mRNA,tetA,13.0
4370,1092.5,mRNA,Raspberry,2.0
4370,1092.5,mRNA,mKalama1,1.0
4371,1092.75,topo,topoI,0.25
4371,1092.75,topo,gyrase,0.25
4371,1092.75,RNAP,RNAP,1.0
4371,1092.75,mRNA,tetA,13.0
4371,1092.75,mRNA,Raspberry,2.0
4371,1092.75,mRNA,mKalama1,1.0
4372,1093.0,topo,topoI,0.25
4372,1093.0,topo,gyrase,0.25
4372,1093.0,RNAP,RNAP,1.0
4372,1093.0,mRNA,tetA,13.0
4372,1093.0,mRNA,Raspberry,2.0
4372,1093.0,mRNA,mKalama1,1.0
4373,1093.25,topo,topoI,0.25
4373,1093.25,topo,gyrase,0.25
4373,1093.25,RNAP,RNAP,1.0
4373,1093.25,mRNA,tetA,13.0
4373,1093.25,mRNA,Raspberry,2.0
4373,1093.25,mRNA,mKalama1,1.0
4374,1093.5,topo,topoI,0.25
4374,1093.5,topo,gyrase,0.25
4374,1093.5,RNAP,RNAP,1.0
4374,1093.5,mRNA,tetA,13.0
4374,1093.5,mRNA,Raspberry,2.0
4374,1093.5,mRNA,mKalama1,1.0
4375,1093.75,topo,topoI,0.25
4375,1093.75,topo,gyrase,0.25
4375,1093.75,RNAP,RNAP,1.0
4375,1093.75,mRNA,tetA,13.0
4375,1093.75,mRNA,Raspberry,2.0
4375,1093.75,mRNA,mKalama1,1.0
4376,1094.0,topo,topoI,0.25
4376,1094.0,topo,gyrase,0.25
4376,1094.0,RNAP,RNAP,1.0
4376,1094.0,mRNA,tetA,13.0
4376,1094.0,mRNA,Raspberry,2.0
4376,1094.0,mRNA,mKalama1,1.0
4377,1094.25,topo,topoI,0.25
4377,1094.25,topo,gyrase,0.25
4377,1094.25,RNAP,RNAP,1.0
4377,1094.25,mRNA,tetA,13.0
4377,1094.25,mRNA,Raspberry,2.0
4377,1094.25,mRNA,mKalama1,1.0
4378,1094.5,topo,topoI,0.25
4378,1094.5,topo,gyrase,0.25
4378,1094.5,RNAP,RNAP,1.0
4378,1094.5,mRNA,tetA,13.0
4378,1094.5,mRNA,Raspberry,2.0
4378,1094.5,mRNA,mKalama1,1.0
4379,1094.75,topo,topoI,0.25
4379,1094.75,topo,gyrase,0.25
4379,1094.75,RNAP,RNAP,1.0
4379,1094.75,mRNA,tetA,13.0
4379,1094.75,mRNA,Raspberry,2.0
4379,1094.75,mRNA,mKalama1,1.0
4380,1095.0,topo,topoI,0.25
4380,1095.0,topo,gyrase,0.25
4380,1095.0,RNAP,RNAP,1.0
4380,1095.0,mRNA,tetA,13.0
4380,1095.0,mRNA,Raspberry,2.0
4380,1095.0,mRNA,mKalama1,1.0
4381,1095.25,topo,topoI,0.25
4381,1095.25,topo,gyrase,0.25
4381,1095.25,RNAP,RNAP,1.0
4381,1095.25,mRNA,tetA,13.0
4381,1095.25,mRNA,Raspberry,2.0
4381,1095.25,mRNA,mKalama1,1.0
4382,1095.5,topo,topoI,0.25
4382,1095.5,topo,gyrase,0.25
4382,1095.5,RNAP,RNAP,1.0
4382,1095.5,mRNA,tetA,13.0
4382,1095.5,mRNA,Raspberry,2.0
4382,1095.5,mRNA,mKalama1,1.0
4383,1095.75,topo,topoI,0.25
4383,1095.75,topo,gyrase,0.25
4383,1095.75,RNAP,RNAP,1.0
4383,1095.75,mRNA,tetA,13.0
4383,1095.75,mRNA,Raspberry,2.0
4383,1095.75,mRNA,mKalama1,1.0
4384,1096.0,topo,topoI,0.25
4384,1096.0,topo,gyrase,0.25
4384,1096.0,RNAP,RNAP,1.0
4384,1096.0,mRNA,tetA,13.0
4384,1096.0,mRNA,Raspberry,2.0
4384,1096.0,mRNA,mKalama1,1.0
4385,1096.25,topo,topoI,0.25
4385,1096.25,topo,gyrase,0.25
4385,1096.25,RNAP,RNAP,1.0
4385,1096.25,mRNA,tetA,13.0
4385,1096.25,mRNA,Raspberry,2.0
4385,1096.25,mRNA,mKalama1,1.0
4386,1096.5,topo,topoI,0.25
4386,1096.5,topo,gyrase,0.25
4386,1096.5,RNAP,RNAP,1.0
4386,1096.5,mRNA,tetA,13.0
4386,1096.5,mRNA,Raspberry,2.0
4386,1096.5,mRNA,mKalama1,1.0
4387,1096.75,topo,topoI,0.25
4387,1096.75,topo,gyrase,0.25
4387,1096.75,RNAP,RNAP,1.0
4387,1096.75,mRNA,tetA,13.0
4387,1096.75,mRNA,Raspberry,2.0
4387,1096.75,mRNA,mKalama1,1.0
4388,1097.0,topo,topoI,0.25
4388,1097.0,topo,gyrase,0.25
4388,1097.0,RNAP,RNAP,1.0
4388,1097.0,mRNA,tetA,13.0
4388,1097.0,mRNA,Raspberry,2.0
4388,1097.0,mRNA,mKalama1,1.0
4389,1097.25,topo,topoI,0.25
4389,1097.25,topo,gyrase,0.25
4389,1097.25,RNAP,RNAP,1.0
4389,1097.25,mRNA,tetA,13.0
4389,1097.25,mRNA,Raspberry,2.0
4389,1097.25,mRNA,mKalama1,1.0
4390,1097.5,topo,topoI,0.25
4390,1097.5,topo,gyrase,0.25
4390,1097.5,RNAP,RNAP,1.0
4390,1097.5,mRNA,tetA,13.0
4390,1097.5,mRNA,Raspberry,2.0
4390,1097.5,mRNA,mKalama1,1.0
4391,1097.75,topo,topoI,0.25
4391,1097.75,topo,gyrase,0.25
4391,1097.75,RNAP,RNAP,1.0
4391,1097.75,mRNA,tetA,13.0
4391,1097.75,mRNA,Raspberry,2.0
4391,1097.75,mRNA,mKalama1,1.0
4392,1098.0,topo,topoI,0.25
4392,1098.0,topo,gyrase,0.25
4392,1098.0,RNAP,RNAP,1.0
4392,1098.0,mRNA,tetA,13.0
4392,1098.0,mRNA,Raspberry,2.0
4392,1098.0,mRNA,mKalama1,1.0
4393,1098.25,topo,topoI,0.25
4393,1098.25,topo,gyrase,0.25
4393,1098.25,RNAP,RNAP,1.0
4393,1098.25,mRNA,tetA,13.0
4393,1098.25,mRNA,Raspberry,2.0
4393,1098.25,mRNA,mKalama1,1.0
4394,1098.5,topo,topoI,0.25
4394,1098.5,topo,gyrase,0.25
4394,1098.5,RNAP,RNAP,1.0
4394,1098.5,mRNA,tetA,13.0
4394,1098.5,mRNA,Raspberry,2.0
4394,1098.5,mRNA,mKalama1,1.0
4395,1098.75,topo,topoI,0.25
4395,1098.75,topo,gyrase,0.25
4395,1098.75,RNAP,RNAP,1.0
4395,1098.75,mRNA,tetA,13.0
4395,1098.75,mRNA,Raspberry,2.0
4395,1098.75,mRNA,mKalama1,1.0
4396,1099.0,topo,topoI,0.25
4396,1099.0,topo,gyrase,0.25
4396,1099.0,RNAP,RNAP,1.0
4396,1099.0,mRNA,tetA,13.0
4396,1099.0,mRNA,Raspberry,2.0
4396,1099.0,mRNA,mKalama1,1.0
4397,1099.25,topo,topoI,0.25
4397,1099.25,topo,gyrase,0.25
4397,1099.25,RNAP,RNAP,1.0
4397,1099.25,mRNA,tetA,13.0
4397,1099.25,mRNA,Raspberry,2.0
4397,1099.25,mRNA,mKalama1,1.0
4398,1099.5,topo,topoI,0.25
4398,1099.5,topo,gyrase,0.25
4398,1099.5,RNAP,RNAP,1.0
4398,1099.5,mRNA,tetA,13.0
4398,1099.5,mRNA,Raspberry,2.0
4398,1099.5,mRNA,mKalama1,1.0
4399,1099.75,topo,topoI,0.25
4399,1099.75,topo,gyrase,0.25
4399,1099.75,RNAP,RNAP,1.0
4399,1099.75,mRNA,tetA,13.0
4399,1099.75,mRNA,Raspberry,2.0
4399,1099.75,mRNA,mKalama1,1.0
4400,1100.0,topo,topoI,0.25
4400,1100.0,topo,gyrase,0.25
4400,1100.0,RNAP,RNAP,1.0
4400,1100.0,mRNA,tetA,13.0
4400,1100.0,mRNA,Raspberry,2.0
4400,1100.0,mRNA,mKalama1,1.0
4401,1100.25,topo,topoI,0.25
4401,1100.25,topo,gyrase,0.25
4401,1100.25,RNAP,RNAP,1.0
4401,1100.25,mRNA,tetA,13.0
4401,1100.25,mRNA,Raspberry,2.0
4401,1100.25,mRNA,mKalama1,1.0
4402,1100.5,topo,topoI,0.25
4402,1100.5,topo,gyrase,0.25
4402,1100.5,RNAP,RNAP,1.0
4402,1100.5,mRNA,tetA,13.0
4402,1100.5,mRNA,Raspberry,2.0
4402,1100.5,mRNA,mKalama1,1.0
4403,1100.75,topo,topoI,0.25
4403,1100.75,topo,gyrase,0.25
4403,1100.75,RNAP,RNAP,1.0
4403,1100.75,mRNA,tetA,13.0
4403,1100.75,mRNA,Raspberry,2.0
4403,1100.75,mRNA,mKalama1,1.0
4404,1101.0,topo,topoI,0.25
4404,1101.0,topo,gyrase,0.25
4404,1101.0,RNAP,RNAP,1.0
4404,1101.0,mRNA,tetA,13.0
4404,1101.0,mRNA,Raspberry,2.0
4404,1101.0,mRNA,mKalama1,1.0
4405,1101.25,topo,topoI,0.25
4405,1101.25,topo,gyrase,0.25
4405,1101.25,RNAP,RNAP,1.0
4405,1101.25,mRNA,tetA,13.0
4405,1101.25,mRNA,Raspberry,2.0
4405,1101.25,mRNA,mKalama1,1.0
4406,1101.5,topo,topoI,0.25
4406,1101.5,topo,gyrase,0.25
4406,1101.5,RNAP,RNAP,1.0
4406,1101.5,mRNA,tetA,13.0
4406,1101.5,mRNA,Raspberry,2.0
4406,1101.5,mRNA,mKalama1,1.0
4407,1101.75,topo,topoI,0.25
4407,1101.75,topo,gyrase,0.25
4407,1101.75,RNAP,RNAP,1.0
4407,1101.75,mRNA,tetA,13.0
4407,1101.75,mRNA,Raspberry,2.0
4407,1101.75,mRNA,mKalama1,1.0
4408,1102.0,topo,topoI,0.25
4408,1102.0,topo,gyrase,0.25
4408,1102.0,RNAP,RNAP,1.0
4408,1102.0,mRNA,tetA,13.0
4408,1102.0,mRNA,Raspberry,2.0
4408,1102.0,mRNA,mKalama1,1.0
4409,1102.25,topo,topoI,0.25
4409,1102.25,topo,gyrase,0.25
4409,1102.25,RNAP,RNAP,1.0
4409,1102.25,mRNA,tetA,13.0
4409,1102.25,mRNA,Raspberry,2.0
4409,1102.25,mRNA,mKalama1,1.0
4410,1102.5,topo,topoI,0.25
4410,1102.5,topo,gyrase,0.25
4410,1102.5,RNAP,RNAP,1.0
4410,1102.5,mRNA,tetA,13.0
4410,1102.5,mRNA,Raspberry,2.0
4410,1102.5,mRNA,mKalama1,1.0
4411,1102.75,topo,topoI,0.25
4411,1102.75,topo,gyrase,0.25
4411,1102.75,RNAP,RNAP,1.0
4411,1102.75,mRNA,tetA,13.0
4411,1102.75,mRNA,Raspberry,2.0
4411,1102.75,mRNA,mKalama1,1.0
4412,1103.0,topo,topoI,0.25
4412,1103.0,topo,gyrase,0.25
4412,1103.0,RNAP,RNAP,1.0
4412,1103.0,mRNA,tetA,13.0
4412,1103.0,mRNA,Raspberry,2.0
4412,1103.0,mRNA,mKalama1,1.0
4413,1103.25,topo,topoI,0.25
4413,1103.25,topo,gyrase,0.25
4413,1103.25,RNAP,RNAP,1.0
4413,1103.25,mRNA,tetA,13.0
4413,1103.25,mRNA,Raspberry,2.0
4413,1103.25,mRNA,mKalama1,1.0
4414,1103.5,topo,topoI,0.25
4414,1103.5,topo,gyrase,0.25
4414,1103.5,RNAP,RNAP,1.0
4414,1103.5,mRNA,tetA,13.0
4414,1103.5,mRNA,Raspberry,2.0
4414,1103.5,mRNA,mKalama1,1.0
4415,1103.75,topo,topoI,0.25
4415,1103.75,topo,gyrase,0.25
4415,1103.75,RNAP,RNAP,1.0
4415,1103.75,mRNA,tetA,13.0
4415,1103.75,mRNA,Raspberry,2.0
4415,1103.75,mRNA,mKalama1,1.0
4416,1104.0,topo,topoI,0.25
4416,1104.0,topo,gyrase,0.25
4416,1104.0,RNAP,RNAP,1.0
4416,1104.0,mRNA,tetA,13.0
4416,1104.0,mRNA,Raspberry,2.0
4416,1104.0,mRNA,mKalama1,1.0
4417,1104.25,topo,topoI,0.25
4417,1104.25,topo,gyrase,0.25
4417,1104.25,RNAP,RNAP,1.0
4417,1104.25,mRNA,tetA,13.0
4417,1104.25,mRNA,Raspberry,2.0
4417,1104.25,mRNA,mKalama1,1.0
4418,1104.5,topo,topoI,0.25
4418,1104.5,topo,gyrase,0.25
4418,1104.5,RNAP,RNAP,1.0
4418,1104.5,mRNA,tetA,13.0
4418,1104.5,mRNA,Raspberry,2.0
4418,1104.5,mRNA,mKalama1,1.0
4419,1104.75,topo,topoI,0.25
4419,1104.75,topo,gyrase,0.25
4419,1104.75,RNAP,RNAP,1.0
4419,1104.75,mRNA,tetA,13.0
4419,1104.75,mRNA,Raspberry,2.0
4419,1104.75,mRNA,mKalama1,1.0
4420,1105.0,topo,topoI,0.25
4420,1105.0,topo,gyrase,0.25
4420,1105.0,RNAP,RNAP,1.0
4420,1105.0,mRNA,tetA,13.0
4420,1105.0,mRNA,Raspberry,2.0
4420,1105.0,mRNA,mKalama1,1.0
4421,1105.25,topo,topoI,0.25
4421,1105.25,topo,gyrase,0.25
4421,1105.25,RNAP,RNAP,1.0
4421,1105.25,mRNA,tetA,13.0
4421,1105.25,mRNA,Raspberry,2.0
4421,1105.25,mRNA,mKalama1,1.0
4422,1105.5,topo,topoI,0.25
4422,1105.5,topo,gyrase,0.25
4422,1105.5,RNAP,RNAP,1.0
4422,1105.5,mRNA,tetA,13.0
4422,1105.5,mRNA,Raspberry,2.0
4422,1105.5,mRNA,mKalama1,1.0
4423,1105.75,topo,topoI,0.25
4423,1105.75,topo,gyrase,0.25
4423,1105.75,RNAP,RNAP,1.0
4423,1105.75,mRNA,tetA,13.0
4423,1105.75,mRNA,Raspberry,2.0
4423,1105.75,mRNA,mKalama1,1.0
4424,1106.0,topo,topoI,0.25
4424,1106.0,topo,gyrase,0.25
4424,1106.0,RNAP,RNAP,1.0
4424,1106.0,mRNA,tetA,13.0
4424,1106.0,mRNA,Raspberry,2.0
4424,1106.0,mRNA,mKalama1,1.0
4425,1106.25,topo,topoI,0.25
4425,1106.25,topo,gyrase,0.25
4425,1106.25,RNAP,RNAP,1.0
4425,1106.25,mRNA,tetA,13.0
4425,1106.25,mRNA,Raspberry,2.0
4425,1106.25,mRNA,mKalama1,1.0
4426,1106.5,topo,topoI,0.25
4426,1106.5,topo,gyrase,0.25
4426,1106.5,RNAP,RNAP,1.0
4426,1106.5,mRNA,tetA,13.0
4426,1106.5,mRNA,Raspberry,2.0
4426,1106.5,mRNA,mKalama1,1.0
4427,1106.75,topo,topoI,0.25
4427,1106.75,topo,gyrase,0.25
4427,1106.75,RNAP,RNAP,1.0
4427,1106.75,mRNA,tetA,13.0
4427,1106.75,mRNA,Raspberry,2.0
4427,1106.75,mRNA,mKalama1,1.0
4428,1107.0,topo,topoI,0.25
4428,1107.0,topo,gyrase,0.25
4428,1107.0,RNAP,RNAP,1.0
4428,1107.0,mRNA,tetA,13.0
4428,1107.0,mRNA,Raspberry,2.0
4428,1107.0,mRNA,mKalama1,1.0
4429,1107.25,topo,topoI,0.25
4429,1107.25,topo,gyrase,0.25
4429,1107.25,RNAP,RNAP,1.0
4429,1107.25,mRNA,tetA,13.0
4429,1107.25,mRNA,Raspberry,2.0
4429,1107.25,mRNA,mKalama1,1.0
4430,1107.5,topo,topoI,0.25
4430,1107.5,topo,gyrase,0.25
4430,1107.5,RNAP,RNAP,1.0
4430,1107.5,mRNA,tetA,13.0
4430,1107.5,mRNA,Raspberry,2.0
4430,1107.5,mRNA,mKalama1,1.0
4431,1107.75,topo,topoI,0.25
4431,1107.75,topo,gyrase,0.25
4431,1107.75,RNAP,RNAP,1.0
4431,1107.75,mRNA,tetA,13.0
4431,1107.75,mRNA,Raspberry,2.0
4431,1107.75,mRNA,mKalama1,1.0
4432,1108.0,topo,topoI,0.25
4432,1108.0,topo,gyrase,0.25
4432,1108.0,RNAP,RNAP,1.0
4432,1108.0,mRNA,tetA,13.0
4432,1108.0,mRNA,Raspberry,2.0
4432,1108.0,mRNA,mKalama1,1.0
4433,1108.25,topo,topoI,0.25
4433,1108.25,topo,gyrase,0.25
4433,1108.25,RNAP,RNAP,1.0
4433,1108.25,mRNA,tetA,13.0
4433,1108.25,mRNA,Raspberry,2.0
4433,1108.25,mRNA,mKalama1,1.0
4434,1108.5,topo,topoI,0.25
4434,1108.5,topo,gyrase,0.25
4434,1108.5,RNAP,RNAP,1.0
4434,1108.5,mRNA,tetA,13.0
4434,1108.5,mRNA,Raspberry,2.0
4434,1108.5,mRNA,mKalama1,1.0
4435,1108.75,topo,topoI,0.25
4435,1108.75,topo,gyrase,0.25
4435,1108.75,RNAP,RNAP,1.0
4435,1108.75,mRNA,tetA,13.0
4435,1108.75,mRNA,Raspberry,2.0
4435,1108.75,mRNA,mKalama1,1.0
4436,1109.0,topo,topoI,0.25
4436,1109.0,topo,gyrase,0.25
4436,1109.0,RNAP,RNAP,1.0
4436,1109.0,mRNA,tetA,13.0
4436,1109.0,mRNA,Raspberry,2.0
4436,1109.0,mRNA,mKalama1,1.0
4437,1109.25,topo,topoI,0.25
4437,1109.25,topo,gyrase,0.25
4437,1109.25,RNAP,RNAP,1.0
4437,1109.25,mRNA,tetA,13.0
4437,1109.25,mRNA,Raspberry,2.0
4437,1109.25,mRNA,mKalama1,1.0
4438,1109.5,topo,topoI,0.25
4438,1109.5,topo,gyrase,0.25
4438,1109.5,RNAP,RNAP,1.0
4438,1109.5,mRNA,tetA,13.0
4438,1109.5,mRNA,Raspberry,2.0
4438,1109.5,mRNA,mKalama1,1.0
4439,1109.75,topo,topoI,0.25
4439,1109.75,topo,gyrase,0.25
4439,1109.75,RNAP,RNAP,1.0
4439,1109.75,mRNA,tetA,13.0
4439,1109.75,mRNA,Raspberry,2.0
4439,1109.75,mRNA,mKalama1,1.0
4440,1110.0,topo,topoI,0.25
4440,1110.0,topo,gyrase,0.25
4440,1110.0,RNAP,RNAP,1.0
4440,1110.0,mRNA,tetA,13.0
4440,1110.0,mRNA,Raspberry,2.0
4440,1110.0,mRNA,mKalama1,1.0
4441,1110.25,topo,topoI,0.25
4441,1110.25,topo,gyrase,0.25
4441,1110.25,RNAP,RNAP,1.0
4441,1110.25,mRNA,tetA,13.0
4441,1110.25,mRNA,Raspberry,2.0
4441,1110.25,mRNA,mKalama1,1.0
4442,1110.5,topo,topoI,0.25
4442,1110.5,topo,gyrase,0.25
4442,1110.5,RNAP,RNAP,1.0
4442,1110.5,mRNA,tetA,13.0
4442,1110.5,mRNA,Raspberry,2.0
4442,1110.5,mRNA,mKalama1,1.0
4443,1110.75,topo,topoI,0.25
4443,1110.75,topo,gyrase,0.25
4443,1110.75,RNAP,RNAP,1.0
4443,1110.75,mRNA,tetA,13.0
4443,1110.75,mRNA,Raspberry,2.0
4443,1110.75,mRNA,mKalama1,1.0
4444,1111.0,topo,topoI,0.25
4444,1111.0,topo,gyrase,0.25
4444,1111.0,RNAP,RNAP,1.0
4444,1111.0,mRNA,tetA,13.0
4444,1111.0,mRNA,Raspberry,2.0
4444,1111.0,mRNA,mKalama1,1.0
4445,1111.25,topo,topoI,0.25
4445,1111.25,topo,gyrase,0.25
4445,1111.25,RNAP,RNAP,1.0
4445,1111.25,mRNA,tetA,13.0
4445,1111.25,mRNA,Raspberry,2.0
4445,1111.25,mRNA,mKalama1,1.0
4446,1111.5,topo,topoI,0.25
4446,1111.5,topo,gyrase,0.25
4446,1111.5,RNAP,RNAP,1.0
4446,1111.5,mRNA,tetA,13.0
4446,1111.5,mRNA,Raspberry,2.0
4446,1111.5,mRNA,mKalama1,1.0
4447,1111.75,topo,topoI,0.25
4447,1111.75,topo,gyrase,0.25
4447,1111.75,RNAP,RNAP,1.0
4447,1111.75,mRNA,tetA,13.0
4447,1111.75,mRNA,Raspberry,2.0
4447,1111.75,mRNA,mKalama1,1.0
4448,1112.0,topo,topoI,0.25
4448,1112.0,topo,gyrase,0.25
4448,1112.0,RNAP,RNAP,1.0
4448,1112.0,mRNA,tetA,13.0
4448,1112.0,mRNA,Raspberry,2.0
4448,1112.0,mRNA,mKalama1,1.0
4449,1112.25,topo,topoI,0.25
4449,1112.25,topo,gyrase,0.25
4449,1112.25,RNAP,RNAP,1.0
4449,1112.25,mRNA,tetA,13.0
4449,1112.25,mRNA,Raspberry,2.0
4449,1112.25,mRNA,mKalama1,1.0
4450,1112.5,topo,topoI,0.25
4450,1112.5,topo,gyrase,0.25
4450,1112.5,RNAP,RNAP,1.0
4450,1112.5,mRNA,tetA,13.0
4450,1112.5,mRNA,Raspberry,2.0
4450,1112.5,mRNA,mKalama1,1.0
4451,1112.75,topo,topoI,0.25
4451,1112.75,topo,gyrase,0.25
4451,1112.75,RNAP,RNAP,1.0
4451,1112.75,mRNA,tetA,13.0
4451,1112.75,mRNA,Raspberry,2.0
4451,1112.75,mRNA,mKalama1,1.0
4452,1113.0,topo,topoI,0.25
4452,1113.0,topo,gyrase,0.25
4452,1113.0,RNAP,RNAP,1.0
4452,1113.0,mRNA,tetA,13.0
4452,1113.0,mRNA,Raspberry,2.0
4452,1113.0,mRNA,mKalama1,1.0
4453,1113.25,topo,topoI,0.25
4453,1113.25,topo,gyrase,0.25
4453,1113.25,RNAP,RNAP,1.0
4453,1113.25,mRNA,tetA,13.0
4453,1113.25,mRNA,Raspberry,2.0
4453,1113.25,mRNA,mKalama1,1.0
4454,1113.5,topo,topoI,0.25
4454,1113.5,topo,gyrase,0.25
4454,1113.5,RNAP,RNAP,1.0
4454,1113.5,mRNA,tetA,13.0
4454,1113.5,mRNA,Raspberry,2.0
4454,1113.5,mRNA,mKalama1,1.0
4455,1113.75,topo,topoI,0.25
4455,1113.75,topo,gyrase,0.25
4455,1113.75,RNAP,RNAP,1.0
4455,1113.75,mRNA,tetA,13.0
4455,1113.75,mRNA,Raspberry,2.0
4455,1113.75,mRNA,mKalama1,1.0
4456,1114.0,topo,topoI,0.25
4456,1114.0,topo,gyrase,0.25
4456,1114.0,RNAP,RNAP,1.0
4456,1114.0,mRNA,tetA,13.0
4456,1114.0,mRNA,Raspberry,2.0
4456,1114.0,mRNA,mKalama1,1.0
4457,1114.25,topo,topoI,0.25
4457,1114.25,topo,gyrase,0.25
4457,1114.25,RNAP,RNAP,1.0
4457,1114.25,mRNA,tetA,13.0
4457,1114.25,mRNA,Raspberry,2.0
4457,1114.25,mRNA,mKalama1,1.0
4458,1114.5,topo,topoI,0.25
4458,1114.5,topo,gyrase,0.25
4458,1114.5,RNAP,RNAP,1.0
4458,1114.5,mRNA,tetA,13.0
4458,1114.5,mRNA,Raspberry,2.0
4458,1114.5,mRNA,mKalama1,1.0
4459,1114.75,topo,topoI,0.25
4459,1114.75,topo,gyrase,0.25
4459,1114.75,RNAP,RNAP,1.0
4459,1114.75,mRNA,tetA,13.0
4459,1114.75,mRNA,Raspberry,2.0
4459,1114.75,mRNA,mKalama1,1.0
4460,1115.0,topo,topoI,0.25
4460,1115.0,topo,gyrase,0.25
4460,1115.0,RNAP,RNAP,1.0
4460,1115.0,mRNA,tetA,13.0
4460,1115.0,mRNA,Raspberry,2.0
4460,1115.0,mRNA,mKalama1,1.0
4461,1115.25,topo,topoI,0.25
4461,1115.25,topo,gyrase,0.25
4461,1115.25,RNAP,RNAP,1.0
4461,1115.25,mRNA,tetA,13.0
4461,1115.25,mRNA,Raspberry,2.0
4461,1115.25,mRNA,mKalama1,1.0
4462,1115.5,topo,topoI,0.25
4462,1115.5,topo,gyrase,0.25
4462,1115.5,RNAP,RNAP,1.0
4462,1115.5,mRNA,tetA,13.0
4462,1115.5,mRNA,Raspberry,2.0
4462,1115.5,mRNA,mKalama1,1.0
4463,1115.75,topo,topoI,0.25
4463,1115.75,topo,gyrase,0.25
4463,1115.75,RNAP,RNAP,1.0
4463,1115.75,mRNA,tetA,13.0
4463,1115.75,mRNA,Raspberry,2.0
4463,1115.75,mRNA,mKalama1,1.0
4464,1116.0,topo,topoI,0.25
4464,1116.0,topo,gyrase,0.25
4464,1116.0,RNAP,RNAP,1.0
4464,1116.0,mRNA,tetA,13.0
4464,1116.0,mRNA,Raspberry,2.0
4464,1116.0,mRNA,mKalama1,1.0
4465,1116.25,topo,topoI,0.25
4465,1116.25,topo,gyrase,0.25
4465,1116.25,RNAP,RNAP,1.0
4465,1116.25,mRNA,tetA,13.0
4465,1116.25,mRNA,Raspberry,2.0
4465,1116.25,mRNA,mKalama1,1.0
4466,1116.5,topo,topoI,0.25
4466,1116.5,topo,gyrase,0.25
4466,1116.5,RNAP,RNAP,1.0
4466,1116.5,mRNA,tetA,13.0
4466,1116.5,mRNA,Raspberry,2.0
4466,1116.5,mRNA,mKalama1,1.0
4467,1116.75,topo,topoI,0.25
4467,1116.75,topo,gyrase,0.25
4467,1116.75,RNAP,RNAP,1.0
4467,1116.75,mRNA,tetA,13.0
4467,1116.75,mRNA,Raspberry,2.0
4467,1116.75,mRNA,mKalama1,1.0
4468,1117.0,topo,topoI,0.25
4468,1117.0,topo,gyrase,0.25
4468,1117.0,RNAP,RNAP,1.0
4468,1117.0,mRNA,tetA,13.0
4468,1117.0,mRNA,Raspberry,2.0
4468,1117.0,mRNA,mKalama1,1.0
4469,1117.25,topo,topoI,0.25
4469,1117.25,topo,gyrase,0.25
4469,1117.25,RNAP,RNAP,1.0
4469,1117.25,mRNA,tetA,13.0
4469,1117.25,mRNA,Raspberry,2.0
4469,1117.25,mRNA,mKalama1,1.0
4470,1117.5,topo,topoI,0.25
4470,1117.5,topo,gyrase,0.25
4470,1117.5,RNAP,RNAP,1.0
4470,1117.5,mRNA,tetA,13.0
4470,1117.5,mRNA,Raspberry,2.0
4470,1117.5,mRNA,mKalama1,1.0
4471,1117.75,topo,topoI,0.25
4471,1117.75,topo,gyrase,0.25
4471,1117.75,RNAP,RNAP,1.0
4471,1117.75,mRNA,tetA,13.0
4471,1117.75,mRNA,Raspberry,2.0
4471,1117.75,mRNA,mKalama1,1.0
4472,1118.0,topo,topoI,0.25
4472,1118.0,topo,gyrase,0.25
4472,1118.0,RNAP,RNAP,1.0
4472,1118.0,mRNA,tetA,13.0
4472,1118.0,mRNA,Raspberry,2.0
4472,1118.0,mRNA,mKalama1,1.0
4473,1118.25,topo,topoI,0.25
4473,1118.25,topo,gyrase,0.25
4473,1118.25,RNAP,RNAP,1.0
4473,1118.25,mRNA,tetA,13.0
4473,1118.25,mRNA,Raspberry,2.0
4473,1118.25,mRNA,mKalama1,1.0
4474,1118.5,topo,topoI,0.25
4474,1118.5,topo,gyrase,0.25
4474,1118.5,RNAP,RNAP,1.0
4474,1118.5,mRNA,tetA,13.0
4474,1118.5,mRNA,Raspberry,2.0
4474,1118.5,mRNA,mKalama1,1.0
4475,1118.75,topo,topoI,0.25
4475,1118.75,topo,gyrase,0.25
4475,1118.75,RNAP,RNAP,1.0
4475,1118.75,mRNA,tetA,13.0
4475,1118.75,mRNA,Raspberry,2.0
4475,1118.75,mRNA,mKalama1,1.0
4476,1119.0,topo,topoI,0.25
4476,1119.0,topo,gyrase,0.25
4476,1119.0,RNAP,RNAP,1.0
4476,1119.0,mRNA,tetA,13.0
4476,1119.0,mRNA,Raspberry,2.0
4476,1119.0,mRNA,mKalama1,1.0
4477,1119.25,topo,topoI,0.25
4477,1119.25,topo,gyrase,0.25
4477,1119.25,RNAP,RNAP,1.0
4477,1119.25,mRNA,tetA,13.0
4477,1119.25,mRNA,Raspberry,2.0
4477,1119.25,mRNA,mKalama1,1.0
4478,1119.5,topo,topoI,0.25
4478,1119.5,topo,gyrase,0.25
4478,1119.5,RNAP,RNAP,1.0
4478,1119.5,mRNA,tetA,13.0
4478,1119.5,mRNA,Raspberry,2.0
4478,1119.5,mRNA,mKalama1,1.0
4479,1119.75,topo,topoI,0.25
4479,1119.75,topo,gyrase,0.25
4479,1119.75,RNAP,RNAP,1.0
4479,1119.75,mRNA,tetA,13.0
4479,1119.75,mRNA,Raspberry,2.0
4479,1119.75,mRNA,mKalama1,1.0
4480,1120.0,topo,topoI,0.25
4480,1120.0,topo,gyrase,0.25
4480,1120.0,RNAP,RNAP,1.0
4480,1120.0,mRNA,tetA,13.0
4480,1120.0,mRNA,Raspberry,2.0
4480,1120.0,mRNA,mKalama1,1.0
4481,1120.25,topo,topoI,0.25
4481,1120.25,topo,gyrase,0.25
4481,1120.25,RNAP,RNAP,1.0
4481,1120.25,mRNA,tetA,13.0
4481,1120.25,mRNA,Raspberry,2.0
4481,1120.25,mRNA,mKalama1,1.0
4482,1120.5,topo,topoI,0.25
4482,1120.5,topo,gyrase,0.25
4482,1120.5,RNAP,RNAP,1.0
4482,1120.5,mRNA,tetA,13.0
4482,1120.5,mRNA,Raspberry,2.0
4482,1120.5,mRNA,mKalama1,1.0
4483,1120.75,topo,topoI,0.25
4483,1120.75,topo,gyrase,0.25
4483,1120.75,RNAP,RNAP,1.0
4483,1120.75,mRNA,tetA,13.0
4483,1120.75,mRNA,Raspberry,2.0
4483,1120.75,mRNA,mKalama1,1.0
4484,1121.0,topo,topoI,0.25
4484,1121.0,topo,gyrase,0.25
4484,1121.0,RNAP,RNAP,1.0
4484,1121.0,mRNA,tetA,13.0
4484,1121.0,mRNA,Raspberry,2.0
4484,1121.0,mRNA,mKalama1,1.0
4485,1121.25,topo,topoI,0.25
4485,1121.25,topo,gyrase,0.25
4485,1121.25,RNAP,RNAP,1.0
4485,1121.25,mRNA,tetA,13.0
4485,1121.25,mRNA,Raspberry,2.0
4485,1121.25,mRNA,mKalama1,1.0
4486,1121.5,topo,topoI,0.25
4486,1121.5,topo,gyrase,0.25
4486,1121.5,RNAP,RNAP,1.0
4486,1121.5,mRNA,tetA,13.0
4486,1121.5,mRNA,Raspberry,2.0
4486,1121.5,mRNA,mKalama1,1.0
4487,1121.75,topo,topoI,0.25
4487,1121.75,topo,gyrase,0.25
4487,1121.75,RNAP,RNAP,1.0
4487,1121.75,mRNA,tetA,13.0
4487,1121.75,mRNA,Raspberry,2.0
4487,1121.75,mRNA,mKalama1,1.0
4488,1122.0,topo,topoI,0.25
4488,1122.0,topo,gyrase,0.25
4488,1122.0,RNAP,RNAP,1.0
4488,1122.0,mRNA,tetA,13.0
4488,1122.0,mRNA,Raspberry,2.0
4488,1122.0,mRNA,mKalama1,1.0
4489,1122.25,topo,topoI,0.25
4489,1122.25,topo,gyrase,0.25
4489,1122.25,RNAP,RNAP,1.0
4489,1122.25,mRNA,tetA,13.0
4489,1122.25,mRNA,Raspberry,2.0
4489,1122.25,mRNA,mKalama1,1.0
4490,1122.5,topo,topoI,0.25
4490,1122.5,topo,gyrase,0.25
4490,1122.5,RNAP,RNAP,1.0
4490,1122.5,mRNA,tetA,13.0
4490,1122.5,mRNA,Raspberry,2.0
4490,1122.5,mRNA,mKalama1,1.0
4491,1122.75,topo,topoI,0.25
4491,1122.75,topo,gyrase,0.25
4491,1122.75,RNAP,RNAP,1.0
4491,1122.75,mRNA,tetA,13.0
4491,1122.75,mRNA,Raspberry,2.0
4491,1122.75,mRNA,mKalama1,1.0
4492,1123.0,topo,topoI,0.25
4492,1123.0,topo,gyrase,0.25
4492,1123.0,RNAP,RNAP,1.0
4492,1123.0,mRNA,tetA,13.0
4492,1123.0,mRNA,Raspberry,2.0
4492,1123.0,mRNA,mKalama1,1.0
4493,1123.25,topo,topoI,0.25
4493,1123.25,topo,gyrase,0.25
4493,1123.25,RNAP,RNAP,1.0
4493,1123.25,mRNA,tetA,13.0
4493,1123.25,mRNA,Raspberry,2.0
4493,1123.25,mRNA,mKalama1,1.0
4494,1123.5,topo,topoI,0.25
4494,1123.5,topo,gyrase,0.25
4494,1123.5,RNAP,RNAP,1.0
4494,1123.5,mRNA,tetA,13.0
4494,1123.5,mRNA,Raspberry,2.0
4494,1123.5,mRNA,mKalama1,1.0
4495,1123.75,topo,topoI,0.25
4495,1123.75,topo,gyrase,0.25
4495,1123.75,RNAP,RNAP,1.0
4495,1123.75,mRNA,tetA,13.0
4495,1123.75,mRNA,Raspberry,2.0
4495,1123.75,mRNA,mKalama1,1.0
4496,1124.0,topo,topoI,0.25
4496,1124.0,topo,gyrase,0.25
4496,1124.0,RNAP,RNAP,1.0
4496,1124.0,mRNA,tetA,13.0
4496,1124.0,mRNA,Raspberry,2.0
4496,1124.0,mRNA,mKalama1,1.0
4497,1124.25,topo,topoI,0.25
4497,1124.25,topo,gyrase,0.25
4497,1124.25,RNAP,RNAP,1.0
4497,1124.25,mRNA,tetA,13.0
4497,1124.25,mRNA,Raspberry,2.0
4497,1124.25,mRNA,mKalama1,1.0
4498,1124.5,topo,topoI,0.25
4498,1124.5,topo,gyrase,0.25
4498,1124.5,RNAP,RNAP,1.0
4498,1124.5,mRNA,tetA,13.0
4498,1124.5,mRNA,Raspberry,2.0
4498,1124.5,mRNA,mKalama1,1.0
4499,1124.75,topo,topoI,0.25
4499,1124.75,topo,gyrase,0.25
4499,1124.75,RNAP,RNAP,1.0
4499,1124.75,mRNA,tetA,13.0
4499,1124.75,mRNA,Raspberry,2.0
4499,1124.75,mRNA,mKalama1,1.0
4500,1125.0,topo,topoI,0.25
4500,1125.0,topo,gyrase,0.25
4500,1125.0,RNAP,RNAP,1.0
4500,1125.0,mRNA,tetA,13.0
4500,1125.0,mRNA,Raspberry,2.0
4500,1125.0,mRNA,mKalama1,1.0
4501,1125.25,topo,topoI,0.25
4501,1125.25,topo,gyrase,0.25
4501,1125.25,RNAP,RNAP,1.0
4501,1125.25,mRNA,tetA,13.0
4501,1125.25,mRNA,Raspberry,2.0
4501,1125.25,mRNA,mKalama1,1.0
4502,1125.5,topo,topoI,0.25
4502,1125.5,topo,gyrase,0.25
4502,1125.5,RNAP,RNAP,1.0
4502,1125.5,mRNA,tetA,13.0
4502,1125.5,mRNA,Raspberry,2.0
4502,1125.5,mRNA,mKalama1,1.0
4503,1125.75,topo,topoI,0.25
4503,1125.75,topo,gyrase,0.25
4503,1125.75,RNAP,RNAP,1.0
4503,1125.75,mRNA,tetA,14.0
4503,1125.75,mRNA,Raspberry,2.0
4503,1125.75,mRNA,mKalama1,1.0
4504,1126.0,topo,topoI,0.25
4504,1126.0,topo,gyrase,0.25
4504,1126.0,RNAP,RNAP,1.0
4504,1126.0,mRNA,tetA,14.0
4504,1126.0,mRNA,Raspberry,2.0
4504,1126.0,mRNA,mKalama1,1.0
4505,1126.25,topo,topoI,0.25
4505,1126.25,topo,gyrase,0.25
4505,1126.25,RNAP,RNAP,1.0
4505,1126.25,mRNA,tetA,14.0
4505,1126.25,mRNA,Raspberry,2.0
4505,1126.25,mRNA,mKalama1,1.0
4506,1126.5,topo,topoI,0.25
4506,1126.5,topo,gyrase,0.25
4506,1126.5,RNAP,RNAP,1.0
4506,1126.5,mRNA,tetA,14.0
4506,1126.5,mRNA,Raspberry,2.0
4506,1126.5,mRNA,mKalama1,1.0
4507,1126.75,topo,topoI,0.25
4507,1126.75,topo,gyrase,0.25
4507,1126.75,RNAP,RNAP,1.0
4507,1126.75,mRNA,tetA,14.0
4507,1126.75,mRNA,Raspberry,2.0
4507,1126.75,mRNA,mKalama1,1.0
4508,1127.0,topo,topoI,0.25
4508,1127.0,topo,gyrase,0.25
4508,1127.0,RNAP,RNAP,1.0
4508,1127.0,mRNA,tetA,14.0
4508,1127.0,mRNA,Raspberry,2.0
4508,1127.0,mRNA,mKalama1,1.0
4509,1127.25,topo,topoI,0.25
4509,1127.25,topo,gyrase,0.25
4509,1127.25,RNAP,RNAP,1.0
4509,1127.25,mRNA,tetA,14.0
4509,1127.25,mRNA,Raspberry,2.0
4509,1127.25,mRNA,mKalama1,1.0
4510,1127.5,topo,topoI,0.25
4510,1127.5,topo,gyrase,0.25
4510,1127.5,RNAP,RNAP,1.0
4510,1127.5,mRNA,tetA,14.0
4510,1127.5,mRNA,Raspberry,2.0
4510,1127.5,mRNA,mKalama1,1.0
4511,1127.75,topo,topoI,0.25
4511,1127.75,topo,gyrase,0.25
4511,1127.75,RNAP,RNAP,1.0
4511,1127.75,mRNA,tetA,14.0
4511,1127.75,mRNA,Raspberry,2.0
4511,1127.75,mRNA,mKalama1,1.0
4512,1128.0,topo,topoI,0.25
4512,1128.0,topo,gyrase,0.25
4512,1128.0,RNAP,RNAP,1.0
4512,1128.0,mRNA,tetA,14.0
4512,1128.0,mRNA,Raspberry,2.0
4512,1128.0,mRNA,mKalama1,1.0
4513,1128.25,topo,topoI,0.25
4513,1128.25,topo,gyrase,0.25
4513,1128.25,RNAP,RNAP,1.0
4513,1128.25,mRNA,tetA,14.0
4513,1128.25,mRNA,Raspberry,2.0
4513,1128.25,mRNA,mKalama1,1.0
4514,1128.5,topo,topoI,0.25
4514,1128.5,topo,gyrase,0.25
4514,1128.5,RNAP,RNAP,1.0
4514,1128.5,mRNA,tetA,14.0
4514,1128.5,mRNA,Raspberry,2.0
4514,1128.5,mRNA,mKalama1,1.0
4515,1128.75,topo,topoI,0.25
4515,1128.75,topo,gyrase,0.25
4515,1128.75,RNAP,RNAP,1.0
4515,1128.75,mRNA,tetA,14.0
4515,1128.75,mRNA,Raspberry,2.0
4515,1128.75,mRNA,mKalama1,1.0
4516,1129.0,topo,topoI,0.25
4516,1129.0,topo,gyrase,0.25
4516,1129.0,RNAP,RNAP,1.0
4516,1129.0,mRNA,tetA,14.0
4516,1129.0,mRNA,Raspberry,2.0
4516,1129.0,mRNA,mKalama1,1.0
4517,1129.25,topo,topoI,0.25
4517,1129.25,topo,gyrase,0.25
4517,1129.25,RNAP,RNAP,1.0
4517,1129.25,mRNA,tetA,14.0
4517,1129.25,mRNA,Raspberry,2.0
4517,1129.25,mRNA,mKalama1,1.0
4518,1129.5,topo,topoI,0.25
4518,1129.5,topo,gyrase,0.25
4518,1129.5,RNAP,RNAP,1.0
4518,1129.5,mRNA,tetA,14.0
4518,1129.5,mRNA,Raspberry,2.0
4518,1129.5,mRNA,mKalama1,1.0
4519,1129.75,topo,topoI,0.25
4519,1129.75,topo,gyrase,0.25
4519,1129.75,RNAP,RNAP,1.0
4519,1129.75,mRNA,tetA,14.0
4519,1129.75,mRNA,Raspberry,2.0
4519,1129.75,mRNA,mKalama1,1.0
4520,1130.0,topo,topoI,0.25
4520,1130.0,topo,gyrase,0.25
4520,1130.0,RNAP,RNAP,1.0
4520,1130.0,mRNA,tetA,14.0
4520,1130.0,mRNA,Raspberry,2.0
4520,1130.0,mRNA,mKalama1,1.0
4521,1130.25,topo,topoI,0.25
4521,1130.25,topo,gyrase,0.25
4521,1130.25,RNAP,RNAP,1.0
4521,1130.25,mRNA,tetA,14.0
4521,1130.25,mRNA,Raspberry,2.0
4521,1130.25,mRNA,mKalama1,1.0
4522,1130.5,topo,topoI,0.25
4522,1130.5,topo,gyrase,0.25
4522,1130.5,RNAP,RNAP,1.0
4522,1130.5,mRNA,tetA,14.0
4522,1130.5,mRNA,Raspberry,2.0
4522,1130.5,mRNA,mKalama1,1.0
4523,1130.75,topo,topoI,0.25
4523,1130.75,topo,gyrase,0.25
4523,1130.75,RNAP,RNAP,1.0
4523,1130.75,mRNA,tetA,14.0
4523,1130.75,mRNA,Raspberry,2.0
4523,1130.75,mRNA,mKalama1,1.0
4524,1131.0,topo,topoI,0.25
4524,1131.0,topo,gyrase,0.25
4524,1131.0,RNAP,RNAP,1.0
4524,1131.0,mRNA,tetA,14.0
4524,1131.0,mRNA,Raspberry,2.0
4524,1131.0,mRNA,mKalama1,1.0
4525,1131.25,topo,topoI,0.25
4525,1131.25,topo,gyrase,0.25
4525,1131.25,RNAP,RNAP,1.0
4525,1131.25,mRNA,tetA,14.0
4525,1131.25,mRNA,Raspberry,2.0
4525,1131.25,mRNA,mKalama1,1.0
4526,1131.5,topo,topoI,0.25
4526,1131.5,topo,gyrase,0.25
4526,1131.5,RNAP,RNAP,1.0
4526,1131.5,mRNA,tetA,14.0
4526,1131.5,mRNA,Raspberry,2.0
4526,1131.5,mRNA,mKalama1,1.0
4527,1131.75,topo,topoI,0.25
4527,1131.75,topo,gyrase,0.25
4527,1131.75,RNAP,RNAP,1.0
4527,1131.75,mRNA,tetA,14.0
4527,1131.75,mRNA,Raspberry,2.0
4527,1131.75,mRNA,mKalama1,1.0
4528,1132.0,topo,topoI,0.25
4528,1132.0,topo,gyrase,0.25
4528,1132.0,RNAP,RNAP,1.0
4528,1132.0,mRNA,tetA,14.0
4528,1132.0,mRNA,Raspberry,2.0
4528,1132.0,mRNA,mKalama1,1.0
4529,1132.25,topo,topoI,0.25
4529,1132.25,topo,gyrase,0.25
4529,1132.25,RNAP,RNAP,1.0
4529,1132.25,mRNA,tetA,14.0
4529,1132.25,mRNA,Raspberry,2.0
4529,1132.25,mRNA,mKalama1,1.0
4530,1132.5,topo,topoI,0.25
4530,1132.5,topo,gyrase,0.25
4530,1132.5,RNAP,RNAP,1.0
4530,1132.5,mRNA,tetA,14.0
4530,1132.5,mRNA,Raspberry,2.0
4530,1132.5,mRNA,mKalama1,1.0
4531,1132.75,topo,topoI,0.25
4531,1132.75,topo,gyrase,0.25
4531,1132.75,RNAP,RNAP,1.0
4531,1132.75,mRNA,tetA,14.0
4531,1132.75,mRNA,Raspberry,2.0
4531,1132.75,mRNA,mKalama1,1.0
4532,1133.0,topo,topoI,0.25
4532,1133.0,topo,gyrase,0.25
4532,1133.0,RNAP,RNAP,1.0
4532,1133.0,mRNA,tetA,14.0
4532,1133.0,mRNA,Raspberry,2.0
4532,1133.0,mRNA,mKalama1,1.0
4533,1133.25,topo,topoI,0.25
4533,1133.25,topo,gyrase,0.25
4533,1133.25,RNAP,RNAP,1.0
4533,1133.25,mRNA,tetA,14.0
4533,1133.25,mRNA,Raspberry,2.0
4533,1133.25,mRNA,mKalama1,1.0
4534,1133.5,topo,topoI,0.25
4534,1133.5,topo,gyrase,0.25
4534,1133.5,RNAP,RNAP,1.0
4534,1133.5,mRNA,tetA,14.0
4534,1133.5,mRNA,Raspberry,2.0
4534,1133.5,mRNA,mKalama1,1.0
4535,1133.75,topo,topoI,0.25
4535,1133.75,topo,gyrase,0.25
4535,1133.75,RNAP,RNAP,1.0
4535,1133.75,mRNA,tetA,14.0
4535,1133.75,mRNA,Raspberry,2.0
4535,1133.75,mRNA,mKalama1,1.0
4536,1134.0,topo,topoI,0.25
4536,1134.0,topo,gyrase,0.25
4536,1134.0,RNAP,RNAP,1.0
4536,1134.0,mRNA,tetA,14.0
4536,1134.0,mRNA,Raspberry,2.0
4536,1134.0,mRNA,mKalama1,1.0
4537,1134.25,topo,topoI,0.25
4537,1134.25,topo,gyrase,0.25
4537,1134.25,RNAP,RNAP,1.0
4537,1134.25,mRNA,tetA,14.0
4537,1134.25,mRNA,Raspberry,2.0
4537,1134.25,mRNA,mKalama1,1.0
4538,1134.5,topo,topoI,0.25
4538,1134.5,topo,gyrase,0.25
4538,1134.5,RNAP,RNAP,1.0
4538,1134.5,mRNA,tetA,14.0
4538,1134.5,mRNA,Raspberry,2.0
4538,1134.5,mRNA,mKalama1,1.0
4539,1134.75,topo,topoI,0.25
4539,1134.75,topo,gyrase,0.25
4539,1134.75,RNAP,RNAP,1.0
4539,1134.75,mRNA,tetA,14.0
4539,1134.75,mRNA,Raspberry,2.0
4539,1134.75,mRNA,mKalama1,1.0
4540,1135.0,topo,topoI,0.25
4540,1135.0,topo,gyrase,0.25
4540,1135.0,RNAP,RNAP,1.0
4540,1135.0,mRNA,tetA,14.0
4540,1135.0,mRNA,Raspberry,2.0
4540,1135.0,mRNA,mKalama1,1.0
4541,1135.25,topo,topoI,0.25
4541,1135.25,topo,gyrase,0.25
4541,1135.25,RNAP,RNAP,1.0
4541,1135.25,mRNA,tetA,14.0
4541,1135.25,mRNA,Raspberry,2.0
4541,1135.25,mRNA,mKalama1,1.0
4542,1135.5,topo,topoI,0.25
4542,1135.5,topo,gyrase,0.25
4542,1135.5,RNAP,RNAP,1.0
4542,1135.5,mRNA,tetA,14.0
4542,1135.5,mRNA,Raspberry,2.0
4542,1135.5,mRNA,mKalama1,1.0
4543,1135.75,topo,topoI,0.25
4543,1135.75,topo,gyrase,0.25
4543,1135.75,RNAP,RNAP,1.0
4543,1135.75,mRNA,tetA,14.0
4543,1135.75,mRNA,Raspberry,2.0
4543,1135.75,mRNA,mKalama1,1.0
4544,1136.0,topo,topoI,0.25
4544,1136.0,topo,gyrase,0.25
4544,1136.0,RNAP,RNAP,1.0
4544,1136.0,mRNA,tetA,14.0
4544,1136.0,mRNA,Raspberry,2.0
4544,1136.0,mRNA,mKalama1,1.0
4545,1136.25,topo,topoI,0.25
4545,1136.25,topo,gyrase,0.25
4545,1136.25,RNAP,RNAP,1.0
4545,1136.25,mRNA,tetA,14.0
4545,1136.25,mRNA,Raspberry,2.0
4545,1136.25,mRNA,mKalama1,1.0
4546,1136.5,topo,topoI,0.25
4546,1136.5,topo,gyrase,0.25
4546,1136.5,RNAP,RNAP,1.0
4546,1136.5,mRNA,tetA,14.0
4546,1136.5,mRNA,Raspberry,2.0
4546,1136.5,mRNA,mKalama1,1.0
4547,1136.75,topo,topoI,0.25
4547,1136.75,topo,gyrase,0.25
4547,1136.75,RNAP,RNAP,1.0
4547,1136.75,mRNA,tetA,14.0
4547,1136.75,mRNA,Raspberry,2.0
4547,1136.75,mRNA,mKalama1,1.0
4548,1137.0,topo,topoI,0.25
4548,1137.0,topo,gyrase,0.25
4548,1137.0,RNAP,RNAP,1.0
4548,1137.0,mRNA,tetA,14.0
4548,1137.0,mRNA,Raspberry,2.0
4548,1137.0,mRNA,mKalama1,1.0
4549,1137.25,topo,topoI,0.25
4549,1137.25,topo,gyrase,0.25
4549,1137.25,RNAP,RNAP,1.0
4549,1137.25,mRNA,tetA,14.0
4549,1137.25,mRNA,Raspberry,2.0
4549,1137.25,mRNA,mKalama1,1.0
4550,1137.5,topo,topoI,0.25
4550,1137.5,topo,gyrase,0.25
4550,1137.5,RNAP,RNAP,1.0
4550,1137.5,mRNA,tetA,14.0
4550,1137.5,mRNA,Raspberry,2.0
4550,1137.5,mRNA,mKalama1,1.0
4551,1137.75,topo,topoI,0.25
4551,1137.75,topo,gyrase,0.25
4551,1137.75,RNAP,RNAP,1.0
4551,1137.75,mRNA,tetA,14.0
4551,1137.75,mRNA,Raspberry,2.0
4551,1137.75,mRNA,mKalama1,1.0
4552,1138.0,topo,topoI,0.25
4552,1138.0,topo,gyrase,0.25
4552,1138.0,RNAP,RNAP,1.0
4552,1138.0,mRNA,tetA,14.0
4552,1138.0,mRNA,Raspberry,2.0
4552,1138.0,mRNA,mKalama1,1.0
4553,1138.25,topo,topoI,0.25
4553,1138.25,topo,gyrase,0.25
4553,1138.25,RNAP,RNAP,1.0
4553,1138.25,mRNA,tetA,14.0
4553,1138.25,mRNA,Raspberry,2.0
4553,1138.25,mRNA,mKalama1,1.0
4554,1138.5,topo,topoI,0.25
4554,1138.5,topo,gyrase,0.25
4554,1138.5,RNAP,RNAP,1.0
4554,1138.5,mRNA,tetA,14.0
4554,1138.5,mRNA,Raspberry,2.0
4554,1138.5,mRNA,mKalama1,1.0
4555,1138.75,topo,topoI,0.25
4555,1138.75,topo,gyrase,0.25
4555,1138.75,RNAP,RNAP,1.0
4555,1138.75,mRNA,tetA,14.0
4555,1138.75,mRNA,Raspberry,2.0
4555,1138.75,mRNA,mKalama1,1.0
4556,1139.0,topo,topoI,0.25
4556,1139.0,topo,gyrase,0.25
4556,1139.0,RNAP,RNAP,1.0
4556,1139.0,mRNA,tetA,14.0
4556,1139.0,mRNA,Raspberry,2.0
4556,1139.0,mRNA,mKalama1,1.0
4557,1139.25,topo,topoI,0.25
4557,1139.25,topo,gyrase,0.25
4557,1139.25,RNAP,RNAP,1.0
4557,1139.25,mRNA,tetA,14.0
4557,1139.25,mRNA,Raspberry,2.0
4557,1139.25,mRNA,mKalama1,1.0
4558,1139.5,topo,topoI,0.25
4558,1139.5,topo,gyrase,0.25
4558,1139.5,RNAP,RNAP,1.0
4558,1139.5,mRNA,tetA,14.0
4558,1139.5,mRNA,Raspberry,2.0
4558,1139.5,mRNA,mKalama1,1.0
4559,1139.75,topo,topoI,0.25
4559,1139.75,topo,gyrase,0.25
4559,1139.75,RNAP,RNAP,1.0
4559,1139.75,mRNA,tetA,14.0
4559,1139.75,mRNA,Raspberry,2.0
4559,1139.75,mRNA,mKalama1,1.0
4560,1140.0,topo,topoI,0.25
4560,1140.0,topo,gyrase,0.25
4560,1140.0,RNAP,RNAP,1.0
4560,1140.0,mRNA,tetA,14.0
4560,1140.0,mRNA,Raspberry,2.0
4560,1140.0,mRNA,mKalama1,1.0
4561,1140.25,topo,topoI,0.25
4561,1140.25,topo,gyrase,0.25
4561,1140.25,RNAP,RNAP,1.0
4561,1140.25,mRNA,tetA,14.0
4561,1140.25,mRNA,Raspberry,2.0
4561,1140.25,mRNA,mKalama1,1.0
4562,1140.5,topo,topoI,0.25
4562,1140.5,topo,gyrase,0.25
4562,1140.5,RNAP,RNAP,1.0
4562,1140.5,mRNA,tetA,14.0
4562,1140.5,mRNA,Raspberry,2.0
4562,1140.5,mRNA,mKalama1,1.0
4563,1140.75,topo,topoI,0.25
4563,1140.75,topo,gyrase,0.25
4563,1140.75,RNAP,RNAP,1.0
4563,1140.75,mRNA,tetA,14.0
4563,1140.75,mRNA,Raspberry,2.0
4563,1140.75,mRNA,mKalama1,1.0
4564,1141.0,topo,topoI,0.25
4564,1141.0,topo,gyrase,0.25
4564,1141.0,RNAP,RNAP,1.0
4564,1141.0,mRNA,tetA,14.0
4564,1141.0,mRNA,Raspberry,2.0
4564,1141.0,mRNA,mKalama1,1.0
4565,1141.25,topo,topoI,0.25
4565,1141.25,topo,gyrase,0.25
4565,1141.25,RNAP,RNAP,1.0
4565,1141.25,mRNA,tetA,14.0
4565,1141.25,mRNA,Raspberry,2.0
4565,1141.25,mRNA,mKalama1,1.0
4566,1141.5,topo,topoI,0.25
4566,1141.5,topo,gyrase,0.25
4566,1141.5,RNAP,RNAP,1.0
4566,1141.5,mRNA,tetA,14.0
4566,1141.5,mRNA,Raspberry,2.0
4566,1141.5,mRNA,mKalama1,1.0
4567,1141.75,topo,topoI,0.25
4567,1141.75,topo,gyrase,0.25
4567,1141.75,RNAP,RNAP,1.0
4567,1141.75,mRNA,tetA,14.0
4567,1141.75,mRNA,Raspberry,2.0
4567,1141.75,mRNA,mKalama1,1.0
4568,1142.0,topo,topoI,0.25
4568,1142.0,topo,gyrase,0.25
4568,1142.0,RNAP,RNAP,1.0
4568,1142.0,mRNA,tetA,14.0
4568,1142.0,mRNA,Raspberry,2.0
4568,1142.0,mRNA,mKalama1,1.0
4569,1142.25,topo,topoI,0.25
4569,1142.25,topo,gyrase,0.25
4569,1142.25,RNAP,RNAP,1.0
4569,1142.25,mRNA,tetA,14.0
4569,1142.25,mRNA,Raspberry,2.0
4569,1142.25,mRNA,mKalama1,1.0
4570,1142.5,topo,topoI,0.25
4570,1142.5,topo,gyrase,0.25
4570,1142.5,RNAP,RNAP,1.0
4570,1142.5,mRNA,tetA,14.0
4570,1142.5,mRNA,Raspberry,2.0
4570,1142.5,mRNA,mKalama1,1.0
4571,1142.75,topo,topoI,0.25
4571,1142.75,topo,gyrase,0.25
4571,1142.75,RNAP,RNAP,1.0
4571,1142.75,mRNA,tetA,14.0
4571,1142.75,mRNA,Raspberry,2.0
4571,1142.75,mRNA,mKalama1,1.0
4572,1143.0,topo,topoI,0.25
4572,1143.0,topo,gyrase,0.25
4572,1143.0,RNAP,RNAP,1.0
4572,1143.0,mRNA,tetA,14.0
4572,1143.0,mRNA,Raspberry,2.0
4572,1143.0,mRNA,mKalama1,1.0
4573,1143.25,topo,topoI,0.25
4573,1143.25,topo,gyrase,0.25
4573,1143.25,RNAP,RNAP,1.0
4573,1143.25,mRNA,tetA,14.0
4573,1143.25,mRNA,Raspberry,2.0
4573,1143.25,mRNA,mKalama1,1.0
4574,1143.5,topo,topoI,0.25
4574,1143.5,topo,gyrase,0.25
4574,1143.5,RNAP,RNAP,1.0
4574,1143.5,mRNA,tetA,14.0
4574,1143.5,mRNA,Raspberry,2.0
4574,1143.5,mRNA,mKalama1,1.0
4575,1143.75,topo,topoI,0.25
4575,1143.75,topo,gyrase,0.25
4575,1143.75,RNAP,RNAP,1.0
4575,1143.75,mRNA,tetA,14.0
4575,1143.75,mRNA,Raspberry,2.0
4575,1143.75,mRNA,mKalama1,1.0
4576,1144.0,topo,topoI,0.25
4576,1144.0,topo,gyrase,0.25
4576,1144.0,RNAP,RNAP,1.0
4576,1144.0,mRNA,tetA,14.0
4576,1144.0,mRNA,Raspberry,2.0
4576,1144.0,mRNA,mKalama1,1.0
4577,1144.25,topo,topoI,0.25
4577,1144.25,topo,gyrase,0.25
4577,1144.25,RNAP,RNAP,1.0
4577,1144.25,mRNA,tetA,14.0
4577,1144.25,mRNA,Raspberry,2.0
4577,1144.25,mRNA,mKalama1,1.0
4578,1144.5,topo,topoI,0.25
4578,1144.5,topo,gyrase,0.25
4578,1144.5,RNAP,RNAP,1.0
4578,1144.5,mRNA,tetA,14.0
4578,1144.5,mRNA,Raspberry,2.0
4578,1144.5,mRNA,mKalama1,1.0
4579,1144.75,topo,topoI,0.25
4579,1144.75,topo,gyrase,0.25
4579,1144.75,RNAP,RNAP,1.0
4579,1144.75,mRNA,tetA,14.0
4579,1144.75,mRNA,Raspberry,2.0
4579,1144.75,mRNA,mKalama1,1.0
4580,1145.0,topo,topoI,0.25
4580,1145.0,topo,gyrase,0.25
4580,1145.0,RNAP,RNAP,1.0
4580,1145.0,mRNA,tetA,14.0
4580,1145.0,mRNA,Raspberry,2.0
4580,1145.0,mRNA,mKalama1,1.0
4581,1145.25,topo,topoI,0.25
4581,1145.25,topo,gyrase,0.25
4581,1145.25,RNAP,RNAP,1.0
4581,1145.25,mRNA,tetA,14.0
4581,1145.25,mRNA,Raspberry,2.0
4581,1145.25,mRNA,mKalama1,1.0
4582,1145.5,topo,topoI,0.25
4582,1145.5,topo,gyrase,0.25
4582,1145.5,RNAP,RNAP,1.0
4582,1145.5,mRNA,tetA,14.0
4582,1145.5,mRNA,Raspberry,2.0
4582,1145.5,mRNA,mKalama1,1.0
4583,1145.75,topo,topoI,0.25
4583,1145.75,topo,gyrase,0.25
4583,1145.75,RNAP,RNAP,1.0
4583,1145.75,mRNA,tetA,14.0
4583,1145.75,mRNA,Raspberry,2.0
4583,1145.75,mRNA,mKalama1,1.0
4584,1146.0,topo,topoI,0.25
4584,1146.0,topo,gyrase,0.25
4584,1146.0,RNAP,RNAP,1.0
4584,1146.0,mRNA,tetA,14.0
4584,1146.0,mRNA,Raspberry,2.0
4584,1146.0,mRNA,mKalama1,1.0
4585,1146.25,topo,topoI,0.25
4585,1146.25,topo,gyrase,0.25
4585,1146.25,RNAP,RNAP,1.0
4585,1146.25,mRNA,tetA,14.0
4585,1146.25,mRNA,Raspberry,2.0
4585,1146.25,mRNA,mKalama1,1.0
4586,1146.5,topo,topoI,0.25
4586,1146.5,topo,gyrase,0.25
4586,1146.5,RNAP,RNAP,1.0
4586,1146.5,mRNA,tetA,14.0
4586,1146.5,mRNA,Raspberry,2.0
4586,1146.5,mRNA,mKalama1,1.0
4587,1146.75,topo,topoI,0.25
4587,1146.75,topo,gyrase,0.25
4587,1146.75,RNAP,RNAP,1.0
4587,1146.75,mRNA,tetA,14.0
4587,1146.75,mRNA,Raspberry,2.0
4587,1146.75,mRNA,mKalama1,1.0
4588,1147.0,topo,topoI,0.25
4588,1147.0,topo,gyrase,0.25
4588,1147.0,RNAP,RNAP,1.0
4588,1147.0,mRNA,tetA,14.0
4588,1147.0,mRNA,Raspberry,2.0
4588,1147.0,mRNA,mKalama1,1.0
4589,1147.25,topo,topoI,0.25
4589,1147.25,topo,gyrase,0.25
4589,1147.25,RNAP,RNAP,1.0
4589,1147.25,mRNA,tetA,14.0
4589,1147.25,mRNA,Raspberry,2.0
4589,1147.25,mRNA,mKalama1,1.0
4590,1147.5,topo,topoI,0.25
4590,1147.5,topo,gyrase,0.25
4590,1147.5,RNAP,RNAP,1.0
4590,1147.5,mRNA,tetA,14.0
4590,1147.5,mRNA,Raspberry,2.0
4590,1147.5,mRNA,mKalama1,1.0
4591,1147.75,topo,topoI,0.25
4591,1147.75,topo,gyrase,0.25
4591,1147.75,RNAP,RNAP,1.0
4591,1147.75,mRNA,tetA,14.0
4591,1147.75,mRNA,Raspberry,2.0
4591,1147.75,mRNA,mKalama1,1.0
4592,1148.0,topo,topoI,0.25
4592,1148.0,topo,gyrase,0.25
4592,1148.0,RNAP,RNAP,1.0
4592,1148.0,mRNA,tetA,14.0
4592,1148.0,mRNA,Raspberry,2.0
4592,1148.0,mRNA,mKalama1,1.0
4593,1148.25,topo,topoI,0.25
4593,1148.25,topo,gyrase,0.25
4593,1148.25,RNAP,RNAP,1.0
4593,1148.25,mRNA,tetA,14.0
4593,1148.25,mRNA,Raspberry,2.0
4593,1148.25,mRNA,mKalama1,1.0
4594,1148.5,topo,topoI,0.25
4594,1148.5,topo,gyrase,0.25
4594,1148.5,RNAP,RNAP,1.0
4594,1148.5,mRNA,tetA,14.0
4594,1148.5,mRNA,Raspberry,2.0
4594,1148.5,mRNA,mKalama1,1.0
4595,1148.75,topo,topoI,0.25
4595,1148.75,topo,gyrase,0.25
4595,1148.75,RNAP,RNAP,1.0
4595,1148.75,mRNA,tetA,14.0
4595,1148.75,mRNA,Raspberry,2.0
4595,1148.75,mRNA,mKalama1,1.0
4596,1149.0,topo,topoI,0.25
4596,1149.0,topo,gyrase,0.25
4596,1149.0,RNAP,RNAP,1.0
4596,1149.0,mRNA,tetA,14.0
4596,1149.0,mRNA,Raspberry,2.0
4596,1149.0,mRNA,mKalama1,1.0
4597,1149.25,topo,topoI,0.25
4597,1149.25,topo,gyrase,0.25
4597,1149.25,RNAP,RNAP,1.0
4597,1149.25,mRNA,tetA,14.0
4597,1149.25,mRNA,Raspberry,2.0
4597,1149.25,mRNA,mKalama1,1.0
4598,1149.5,topo,topoI,0.25
4598,1149.5,topo,gyrase,0.25
4598,1149.5,RNAP,RNAP,1.0
4598,1149.5,mRNA,tetA,14.0
4598,1149.5,mRNA,Raspberry,2.0
4598,1149.5,mRNA,mKalama1,1.0
4599,1149.75,topo,topoI,0.25
4599,1149.75,topo,gyrase,0.25
4599,1149.75,RNAP,RNAP,1.0
4599,1149.75,mRNA,tetA,14.0
4599,1149.75,mRNA,Raspberry,2.0
4599,1149.75,mRNA,mKalama1,1.0
4600,1150.0,topo,topoI,0.25
4600,1150.0,topo,gyrase,0.25
4600,1150.0,RNAP,RNAP,1.0
4600,1150.0,mRNA,tetA,14.0
4600,1150.0,mRNA,Raspberry,2.0
4600,1150.0,mRNA,mKalama1,1.0
4601,1150.25,topo,topoI,0.25
4601,1150.25,topo,gyrase,0.25
4601,1150.25,RNAP,RNAP,1.0
4601,1150.25,mRNA,tetA,14.0
4601,1150.25,mRNA,Raspberry,2.0
4601,1150.25,mRNA,mKalama1,1.0
4602,1150.5,topo,topoI,0.25
4602,1150.5,topo,gyrase,0.25
4602,1150.5,RNAP,RNAP,1.0
4602,1150.5,mRNA,tetA,14.0
4602,1150.5,mRNA,Raspberry,2.0
4602,1150.5,mRNA,mKalama1,1.0
4603,1150.75,topo,topoI,0.25
4603,1150.75,topo,gyrase,0.25
4603,1150.75,RNAP,RNAP,1.0
4603,1150.75,mRNA,tetA,14.0
4603,1150.75,mRNA,Raspberry,2.0
4603,1150.75,mRNA,mKalama1,1.0
4604,1151.0,topo,topoI,0.25
4604,1151.0,topo,gyrase,0.25
4604,1151.0,RNAP,RNAP,1.0
4604,1151.0,mRNA,tetA,14.0
4604,1151.0,mRNA,Raspberry,2.0
4604,1151.0,mRNA,mKalama1,1.0
4605,1151.25,topo,topoI,0.25
4605,1151.25,topo,gyrase,0.25
4605,1151.25,RNAP,RNAP,1.0
4605,1151.25,mRNA,tetA,14.0
4605,1151.25,mRNA,Raspberry,2.0
4605,1151.25,mRNA,mKalama1,1.0
4606,1151.5,topo,topoI,0.25
4606,1151.5,topo,gyrase,0.25
4606,1151.5,RNAP,RNAP,1.0
4606,1151.5,mRNA,tetA,14.0
4606,1151.5,mRNA,Raspberry,2.0
4606,1151.5,mRNA,mKalama1,1.0
4607,1151.75,topo,topoI,0.25
4607,1151.75,topo,gyrase,0.25
4607,1151.75,RNAP,RNAP,1.0
4607,1151.75,mRNA,tetA,14.0
4607,1151.75,mRNA,Raspberry,2.0
4607,1151.75,mRNA,mKalama1,1.0
4608,1152.0,topo,topoI,0.25
4608,1152.0,topo,gyrase,0.25
4608,1152.0,RNAP,RNAP,1.0
4608,1152.0,mRNA,tetA,14.0
4608,1152.0,mRNA,Raspberry,2.0
4608,1152.0,mRNA,mKalama1,1.0
4609,1152.25,topo,topoI,0.25
4609,1152.25,topo,gyrase,0.25
4609,1152.25,RNAP,RNAP,1.0
4609,1152.25,mRNA,tetA,14.0
4609,1152.25,mRNA,Raspberry,2.0
4609,1152.25,mRNA,mKalama1,1.0
4610,1152.5,topo,topoI,0.25
4610,1152.5,topo,gyrase,0.25
4610,1152.5,RNAP,RNAP,1.0
4610,1152.5,mRNA,tetA,14.0
4610,1152.5,mRNA,Raspberry,2.0
4610,1152.5,mRNA,mKalama1,1.0
4611,1152.75,topo,topoI,0.25
4611,1152.75,topo,gyrase,0.25
4611,1152.75,RNAP,RNAP,1.0
4611,1152.75,mRNA,tetA,14.0
4611,1152.75,mRNA,Raspberry,2.0
4611,1152.75,mRNA,mKalama1,1.0
4612,1153.0,topo,topoI,0.25
4612,1153.0,topo,gyrase,0.25
4612,1153.0,RNAP,RNAP,1.0
4612,1153.0,mRNA,tetA,14.0
4612,1153.0,mRNA,Raspberry,2.0
4612,1153.0,mRNA,mKalama1,1.0
4613,1153.25,topo,topoI,0.25
4613,1153.25,topo,gyrase,0.25
4613,1153.25,RNAP,RNAP,1.0
4613,1153.25,mRNA,tetA,14.0
4613,1153.25,mRNA,Raspberry,2.0
4613,1153.25,mRNA,mKalama1,1.0
4614,1153.5,topo,topoI,0.25
4614,1153.5,topo,gyrase,0.25
4614,1153.5,RNAP,RNAP,1.0
4614,1153.5,mRNA,tetA,14.0
4614,1153.5,mRNA,Raspberry,2.0
4614,1153.5,mRNA,mKalama1,1.0
4615,1153.75,topo,topoI,0.25
4615,1153.75,topo,gyrase,0.25
4615,1153.75,RNAP,RNAP,1.0
4615,1153.75,mRNA,tetA,14.0
4615,1153.75,mRNA,Raspberry,2.0
4615,1153.75,mRNA,mKalama1,1.0
4616,1154.0,topo,topoI,0.25
4616,1154.0,topo,gyrase,0.25
4616,1154.0,RNAP,RNAP,1.0
4616,1154.0,mRNA,tetA,14.0
4616,1154.0,mRNA,Raspberry,2.0
4616,1154.0,mRNA,mKalama1,1.0
4617,1154.25,topo,topoI,0.25
4617,1154.25,topo,gyrase,0.25
4617,1154.25,RNAP,RNAP,1.0
4617,1154.25,mRNA,tetA,14.0
4617,1154.25,mRNA,Raspberry,2.0
4617,1154.25,mRNA,mKalama1,1.0
4618,1154.5,topo,topoI,0.25
4618,1154.5,topo,gyrase,0.25
4618,1154.5,RNAP,RNAP,1.0
4618,1154.5,mRNA,tetA,14.0
4618,1154.5,mRNA,Raspberry,2.0
4618,1154.5,mRNA,mKalama1,1.0
4619,1154.75,topo,topoI,0.25
4619,1154.75,topo,gyrase,0.25
4619,1154.75,RNAP,RNAP,1.0
4619,1154.75,mRNA,tetA,14.0
4619,1154.75,mRNA,Raspberry,2.0
4619,1154.75,mRNA,mKalama1,1.0
4620,1155.0,topo,topoI,0.25
4620,1155.0,topo,gyrase,0.25
4620,1155.0,RNAP,RNAP,1.0
4620,1155.0,mRNA,tetA,14.0
4620,1155.0,mRNA,Raspberry,2.0
4620,1155.0,mRNA,mKalama1,1.0
4621,1155.25,topo,topoI,0.25
4621,1155.25,topo,gyrase,0.25
4621,1155.25,RNAP,RNAP,1.0
4621,1155.25,mRNA,tetA,14.0
4621,1155.25,mRNA,Raspberry,2.0
4621,1155.25,mRNA,mKalama1,1.0
4622,1155.5,topo,topoI,0.25
4622,1155.5,topo,gyrase,0.25
4622,1155.5,RNAP,RNAP,1.0
4622,1155.5,mRNA,tetA,14.0
4622,1155.5,mRNA,Raspberry,2.0
4622,1155.5,mRNA,mKalama1,1.0
4623,1155.75,topo,topoI,0.25
4623,1155.75,topo,gyrase,0.25
4623,1155.75,RNAP,RNAP,1.0
4623,1155.75,mRNA,tetA,14.0
4623,1155.75,mRNA,Raspberry,2.0
4623,1155.75,mRNA,mKalama1,1.0
4624,1156.0,topo,topoI,0.25
4624,1156.0,topo,gyrase,0.25
4624,1156.0,RNAP,RNAP,1.0
4624,1156.0,mRNA,tetA,14.0
4624,1156.0,mRNA,Raspberry,2.0
4624,1156.0,mRNA,mKalama1,1.0
4625,1156.25,topo,topoI,0.25
4625,1156.25,topo,gyrase,0.25
4625,1156.25,RNAP,RNAP,1.0
4625,1156.25,mRNA,tetA,14.0
4625,1156.25,mRNA,Raspberry,2.0
4625,1156.25,mRNA,mKalama1,1.0
4626,1156.5,topo,topoI,0.25
4626,1156.5,topo,gyrase,0.25
4626,1156.5,RNAP,RNAP,1.0
4626,1156.5,mRNA,tetA,14.0
4626,1156.5,mRNA,Raspberry,2.0
4626,1156.5,mRNA,mKalama1,1.0
4627,1156.75,topo,topoI,0.25
4627,1156.75,topo,gyrase,0.25
4627,1156.75,RNAP,RNAP,1.0
4627,1156.75,mRNA,tetA,14.0
4627,1156.75,mRNA,Raspberry,2.0
4627,1156.75,mRNA,mKalama1,1.0
4628,1157.0,topo,topoI,0.25
4628,1157.0,topo,gyrase,0.25
4628,1157.0,RNAP,RNAP,1.0
4628,1157.0,mRNA,tetA,14.0
4628,1157.0,mRNA,Raspberry,2.0
4628,1157.0,mRNA,mKalama1,1.0
4629,1157.25,topo,topoI,0.25
4629,1157.25,topo,gyrase,0.25
4629,1157.25,RNAP,RNAP,1.0
4629,1157.25,mRNA,tetA,14.0
4629,1157.25,mRNA,Raspberry,2.0
4629,1157.25,mRNA,mKalama1,1.0
4630,1157.5,topo,topoI,0.25
4630,1157.5,topo,gyrase,0.25
4630,1157.5,RNAP,RNAP,1.0
4630,1157.5,mRNA,tetA,14.0
4630,1157.5,mRNA,Raspberry,2.0
4630,1157.5,mRNA,mKalama1,1.0
4631,1157.75,topo,topoI,0.25
4631,1157.75,topo,gyrase,0.25
4631,1157.75,RNAP,RNAP,1.0
4631,1157.75,mRNA,tetA,14.0
4631,1157.75,mRNA,Raspberry,2.0
4631,1157.75,mRNA,mKalama1,1.0
4632,1158.0,topo,topoI,0.25
4632,1158.0,topo,gyrase,0.25
4632,1158.0,RNAP,RNAP,1.0
4632,1158.0,mRNA,tetA,14.0
4632,1158.0,mRNA,Raspberry,2.0
4632,1158.0,mRNA,mKalama1,1.0
4633,1158.25,topo,topoI,0.25
4633,1158.25,topo,gyrase,0.25
4633,1158.25,RNAP,RNAP,1.0
4633,1158.25,mRNA,tetA,14.0
4633,1158.25,mRNA,Raspberry,2.0
4633,1158.25,mRNA,mKalama1,1.0
4634,1158.5,topo,topoI,0.25
4634,1158.5,topo,gyrase,0.25
4634,1158.5,RNAP,RNAP,1.0
4634,1158.5,mRNA,tetA,14.0
4634,1158.5,mRNA,Raspberry,2.0
4634,1158.5,mRNA,mKalama1,1.0
4635,1158.75,topo,topoI,0.25
4635,1158.75,topo,gyrase,0.25
4635,1158.75,RNAP,RNAP,1.0
4635,1158.75,mRNA,tetA,14.0
4635,1158.75,mRNA,Raspberry,2.0
4635,1158.75,mRNA,mKalama1,1.0
4636,1159.0,topo,topoI,0.25
4636,1159.0,topo,gyrase,0.25
4636,1159.0,RNAP,RNAP,1.0
4636,1159.0,mRNA,tetA,14.0
4636,1159.0,mRNA,Raspberry,2.0
4636,1159.0,mRNA,mKalama1,1.0
4637,1159.25,topo,topoI,0.25
4637,1159.25,topo,gyrase,0.25
4637,1159.25,RNAP,RNAP,1.0
4637,1159.25,mRNA,tetA,14.0
4637,1159.25,mRNA,Raspberry,2.0
4637,1159.25,mRNA,mKalama1,1.0
4638,1159.5,topo,topoI,0.25
4638,1159.5,topo,gyrase,0.25
4638,1159.5,RNAP,RNAP,1.0
4638,1159.5,mRNA,tetA,14.0
4638,1159.5,mRNA,Raspberry,2.0
4638,1159.5,mRNA,mKalama1,1.0
4639,1159.75,topo,topoI,0.25
4639,1159.75,topo,gyrase,0.25
4639,1159.75,RNAP,RNAP,1.0
4639,1159.75,mRNA,tetA,14.0
4639,1159.75,mRNA,Raspberry,2.0
4639,1159.75,mRNA,mKalama1,1.0
4640,1160.0,topo,topoI,0.25
4640,1160.0,topo,gyrase,0.25
4640,1160.0,RNAP,RNAP,1.0
4640,1160.0,mRNA,tetA,14.0
4640,1160.0,mRNA,Raspberry,2.0
4640,1160.0,mRNA,mKalama1,1.0
4641,1160.25,topo,topoI,0.25
4641,1160.25,topo,gyrase,0.25
4641,1160.25,RNAP,RNAP,1.0
4641,1160.25,mRNA,tetA,14.0
4641,1160.25,mRNA,Raspberry,2.0
4641,1160.25,mRNA,mKalama1,1.0
4642,1160.5,topo,topoI,0.25
4642,1160.5,topo,gyrase,0.25
4642,1160.5,RNAP,RNAP,1.0
4642,1160.5,mRNA,tetA,14.0
4642,1160.5,mRNA,Raspberry,2.0
4642,1160.5,mRNA,mKalama1,1.0
4643,1160.75,topo,topoI,0.25
4643,1160.75,topo,gyrase,0.25
4643,1160.75,RNAP,RNAP,1.0
4643,1160.75,mRNA,tetA,14.0
4643,1160.75,mRNA,Raspberry,2.0
4643,1160.75,mRNA,mKalama1,1.0
4644,1161.0,topo,topoI,0.25
4644,1161.0,topo,gyrase,0.25
4644,1161.0,RNAP,RNAP,1.0
4644,1161.0,mRNA,tetA,14.0
4644,1161.0,mRNA,Raspberry,2.0
4644,1161.0,mRNA,mKalama1,1.0
4645,1161.25,topo,topoI,0.25
4645,1161.25,topo,gyrase,0.25
4645,1161.25,RNAP,RNAP,1.0
4645,1161.25,mRNA,tetA,14.0
4645,1161.25,mRNA,Raspberry,2.0
4645,1161.25,mRNA,mKalama1,1.0
4646,1161.5,topo,topoI,0.25
4646,1161.5,topo,gyrase,0.25
4646,1161.5,RNAP,RNAP,1.0
4646,1161.5,mRNA,tetA,14.0
4646,1161.5,mRNA,Raspberry,2.0
4646,1161.5,mRNA,mKalama1,1.0
4647,1161.75,topo,topoI,0.25
4647,1161.75,topo,gyrase,0.25
4647,1161.75,RNAP,RNAP,1.0
4647,1161.75,mRNA,tetA,14.0
4647,1161.75,mRNA,Raspberry,2.0
4647,1161.75,mRNA,mKalama1,1.0
4648,1162.0,topo,topoI,0.25
4648,1162.0,topo,gyrase,0.25
4648,1162.0,RNAP,RNAP,1.0
4648,1162.0,mRNA,tetA,14.0
4648,1162.0,mRNA,Raspberry,2.0
4648,1162.0,mRNA,mKalama1,1.0
4649,1162.25,topo,topoI,0.25
4649,1162.25,topo,gyrase,0.25
4649,1162.25,RNAP,RNAP,1.0
4649,1162.25,mRNA,tetA,14.0
4649,1162.25,mRNA,Raspberry,2.0
4649,1162.25,mRNA,mKalama1,1.0
4650,1162.5,topo,topoI,0.25
4650,1162.5,topo,gyrase,0.25
4650,1162.5,RNAP,RNAP,1.0
4650,1162.5,mRNA,tetA,14.0
4650,1162.5,mRNA,Raspberry,2.0
4650,1162.5,mRNA,mKalama1,1.0
4651,1162.75,topo,topoI,0.25
4651,1162.75,topo,gyrase,0.25
4651,1162.75,RNAP,RNAP,1.0
4651,1162.75,mRNA,tetA,14.0
4651,1162.75,mRNA,Raspberry,2.0
4651,1162.75,mRNA,mKalama1,1.0
4652,1163.0,topo,topoI,0.25
4652,1163.0,topo,gyrase,0.25
4652,1163.0,RNAP,RNAP,1.0
4652,1163.0,mRNA,tetA,14.0
4652,1163.0,mRNA,Raspberry,2.0
4652,1163.0,mRNA,mKalama1,1.0
4653,1163.25,topo,topoI,0.25
4653,1163.25,topo,gyrase,0.25
4653,1163.25,RNAP,RNAP,1.0
4653,1163.25,mRNA,tetA,14.0
4653,1163.25,mRNA,Raspberry,2.0
4653,1163.25,mRNA,mKalama1,1.0
4654,1163.5,topo,topoI,0.25
4654,1163.5,topo,gyrase,0.25
4654,1163.5,RNAP,RNAP,1.0
4654,1163.5,mRNA,tetA,14.0
4654,1163.5,mRNA,Raspberry,2.0
4654,1163.5,mRNA,mKalama1,1.0
4655,1163.75,topo,topoI,0.25
4655,1163.75,topo,gyrase,0.25
4655,1163.75,RNAP,RNAP,1.0
4655,1163.75,mRNA,tetA,14.0
4655,1163.75,mRNA,Raspberry,2.0
4655,1163.75,mRNA,mKalama1,1.0
4656,1164.0,topo,topoI,0.25
4656,1164.0,topo,gyrase,0.25
4656,1164.0,RNAP,RNAP,1.0
4656,1164.0,mRNA,tetA,14.0
4656,1164.0,mRNA,Raspberry,2.0
4656,1164.0,mRNA,mKalama1,1.0
4657,1164.25,topo,topoI,0.25
4657,1164.25,topo,gyrase,0.25
4657,1164.25,RNAP,RNAP,1.0
4657,1164.25,mRNA,tetA,14.0
4657,1164.25,mRNA,Raspberry,2.0
4657,1164.25,mRNA,mKalama1,1.0
4658,1164.5,topo,topoI,0.25
4658,1164.5,topo,gyrase,0.25
4658,1164.5,RNAP,RNAP,1.0
4658,1164.5,mRNA,tetA,14.0
4658,1164.5,mRNA,Raspberry,2.0
4658,1164.5,mRNA,mKalama1,1.0
4659,1164.75,topo,topoI,0.25
4659,1164.75,topo,gyrase,0.25
4659,1164.75,RNAP,RNAP,1.0
4659,1164.75,mRNA,tetA,14.0
4659,1164.75,mRNA,Raspberry,2.0
4659,1164.75,mRNA,mKalama1,1.0
4660,1165.0,topo,topoI,0.25
4660,1165.0,topo,gyrase,0.25
4660,1165.0,RNAP,RNAP,1.0
4660,1165.0,mRNA,tetA,14.0
4660,1165.0,mRNA,Raspberry,2.0
4660,1165.0,mRNA,mKalama1,1.0
4661,1165.25,topo,topoI,0.25
4661,1165.25,topo,gyrase,0.25
4661,1165.25,RNAP,RNAP,1.0
4661,1165.25,mRNA,tetA,14.0
4661,1165.25,mRNA,Raspberry,2.0
4661,1165.25,mRNA,mKalama1,1.0
4662,1165.5,topo,topoI,0.25
4662,1165.5,topo,gyrase,0.25
4662,1165.5,RNAP,RNAP,1.0
4662,1165.5,mRNA,tetA,14.0
4662,1165.5,mRNA,Raspberry,2.0
4662,1165.5,mRNA,mKalama1,1.0
4663,1165.75,topo,topoI,0.25
4663,1165.75,topo,gyrase,0.25
4663,1165.75,RNAP,RNAP,1.0
4663,1165.75,mRNA,tetA,14.0
4663,1165.75,mRNA,Raspberry,2.0
4663,1165.75,mRNA,mKalama1,1.0
4664,1166.0,topo,topoI,0.25
4664,1166.0,topo,gyrase,0.25
4664,1166.0,RNAP,RNAP,1.0
4664,1166.0,mRNA,tetA,14.0
4664,1166.0,mRNA,Raspberry,2.0
4664,1166.0,mRNA,mKalama1,1.0
4665,1166.25,topo,topoI,0.25
4665,1166.25,topo,gyrase,0.25
4665,1166.25,RNAP,RNAP,1.0
4665,1166.25,mRNA,tetA,14.0
4665,1166.25,mRNA,Raspberry,2.0
4665,1166.25,mRNA,mKalama1,1.0
4666,1166.5,topo,topoI,0.25
4666,1166.5,topo,gyrase,0.25
4666,1166.5,RNAP,RNAP,1.0
4666,1166.5,mRNA,tetA,14.0
4666,1166.5,mRNA,Raspberry,2.0
4666,1166.5,mRNA,mKalama1,1.0
4667,1166.75,topo,topoI,0.25
4667,1166.75,topo,gyrase,0.25
4667,1166.75,RNAP,RNAP,1.0
4667,1166.75,mRNA,tetA,14.0
4667,1166.75,mRNA,Raspberry,2.0
4667,1166.75,mRNA,mKalama1,1.0
4668,1167.0,topo,topoI,0.25
4668,1167.0,topo,gyrase,0.25
4668,1167.0,RNAP,RNAP,1.0
4668,1167.0,mRNA,tetA,14.0
4668,1167.0,mRNA,Raspberry,2.0
4668,1167.0,mRNA,mKalama1,1.0
4669,1167.25,topo,topoI,0.25
4669,1167.25,topo,gyrase,0.25
4669,1167.25,RNAP,RNAP,1.0
4669,1167.25,mRNA,tetA,14.0
4669,1167.25,mRNA,Raspberry,2.0
4669,1167.25,mRNA,mKalama1,1.0
4670,1167.5,topo,topoI,0.25
4670,1167.5,topo,gyrase,0.25
4670,1167.5,RNAP,RNAP,1.0
4670,1167.5,mRNA,tetA,14.0
4670,1167.5,mRNA,Raspberry,2.0
4670,1167.5,mRNA,mKalama1,1.0
4671,1167.75,topo,topoI,0.25
4671,1167.75,topo,gyrase,0.25
4671,1167.75,RNAP,RNAP,1.0
4671,1167.75,mRNA,tetA,14.0
4671,1167.75,mRNA,Raspberry,2.0
4671,1167.75,mRNA,mKalama1,1.0
4672,1168.0,topo,topoI,0.25
4672,1168.0,topo,gyrase,0.25
4672,1168.0,RNAP,RNAP,1.0
4672,1168.0,mRNA,tetA,14.0
4672,1168.0,mRNA,Raspberry,2.0
4672,1168.0,mRNA,mKalama1,1.0
4673,1168.25,topo,topoI,0.25
4673,1168.25,topo,gyrase,0.25
4673,1168.25,RNAP,RNAP,1.0
4673,1168.25,mRNA,tetA,14.0
4673,1168.25,mRNA,Raspberry,2.0
4673,1168.25,mRNA,mKalama1,1.0
4674,1168.5,topo,topoI,0.25
4674,1168.5,topo,gyrase,0.25
4674,1168.5,RNAP,RNAP,1.0
4674,1168.5,mRNA,tetA,14.0
4674,1168.5,mRNA,Raspberry,2.0
4674,1168.5,mRNA,mKalama1,1.0
4675,1168.75,topo,topoI,0.25
4675,1168.75,topo,gyrase,0.25
4675,1168.75,RNAP,RNAP,1.0
4675,1168.75,mRNA,tetA,14.0
4675,1168.75,mRNA,Raspberry,2.0
4675,1168.75,mRNA,mKalama1,1.0
4676,1169.0,topo,topoI,0.25
4676,1169.0,topo,gyrase,0.25
4676,1169.0,RNAP,RNAP,1.0
4676,1169.0,mRNA,tetA,14.0
4676,1169.0,mRNA,Raspberry,2.0
4676,1169.0,mRNA,mKalama1,1.0
4677,1169.25,topo,topoI,0.25
4677,1169.25,topo,gyrase,0.25
4677,1169.25,RNAP,RNAP,1.0
4677,1169.25,mRNA,tetA,14.0
4677,1169.25,mRNA,Raspberry,2.0
4677,1169.25,mRNA,mKalama1,1.0
4678,1169.5,topo,topoI,0.25
4678,1169.5,topo,gyrase,0.25
4678,1169.5,RNAP,RNAP,1.0
4678,1169.5,mRNA,tetA,14.0
4678,1169.5,mRNA,Raspberry,2.0
4678,1169.5,mRNA,mKalama1,1.0
4679,1169.75,topo,topoI,0.25
4679,1169.75,topo,gyrase,0.25
4679,1169.75,RNAP,RNAP,1.0
4679,1169.75,mRNA,tetA,14.0
4679,1169.75,mRNA,Raspberry,2.0
4679,1169.75,mRNA,mKalama1,1.0
4680,1170.0,topo,topoI,0.25
4680,1170.0,topo,gyrase,0.25
4680,1170.0,RNAP,RNAP,1.0
4680,1170.0,mRNA,tetA,14.0
4680,1170.0,mRNA,Raspberry,2.0
4680,1170.0,mRNA,mKalama1,1.0
4681,1170.25,topo,topoI,0.25
4681,1170.25,topo,gyrase,0.25
4681,1170.25,RNAP,RNAP,1.0
4681,1170.25,mRNA,tetA,14.0
4681,1170.25,mRNA,Raspberry,2.0
4681,1170.25,mRNA,mKalama1,1.0
4682,1170.5,topo,topoI,0.25
4682,1170.5,topo,gyrase,0.25
4682,1170.5,RNAP,RNAP,1.0
4682,1170.5,mRNA,tetA,14.0
4682,1170.5,mRNA,Raspberry,2.0
4682,1170.5,mRNA,mKalama1,1.0
4683,1170.75,topo,topoI,0.25
4683,1170.75,topo,gyrase,0.25
4683,1170.75,RNAP,RNAP,1.0
4683,1170.75,mRNA,tetA,14.0
4683,1170.75,mRNA,Raspberry,2.0
4683,1170.75,mRNA,mKalama1,1.0
4684,1171.0,topo,topoI,0.25
4684,1171.0,topo,gyrase,0.25
4684,1171.0,RNAP,RNAP,1.0
4684,1171.0,mRNA,tetA,14.0
4684,1171.0,mRNA,Raspberry,2.0
4684,1171.0,mRNA,mKalama1,1.0
4685,1171.25,topo,topoI,0.25
4685,1171.25,topo,gyrase,0.25
4685,1171.25,RNAP,RNAP,1.0
4685,1171.25,mRNA,tetA,14.0
4685,1171.25,mRNA,Raspberry,2.0
4685,1171.25,mRNA,mKalama1,1.0
4686,1171.5,topo,topoI,0.25
4686,1171.5,topo,gyrase,0.25
4686,1171.5,RNAP,RNAP,1.0
4686,1171.5,mRNA,tetA,14.0
4686,1171.5,mRNA,Raspberry,2.0
4686,1171.5,mRNA,mKalama1,1.0
4687,1171.75,topo,topoI,0.25
4687,1171.75,topo,gyrase,0.25
4687,1171.75,RNAP,RNAP,1.0
4687,1171.75,mRNA,tetA,14.0
4687,1171.75,mRNA,Raspberry,2.0
4687,1171.75,mRNA,mKalama1,1.0
4688,1172.0,topo,topoI,0.25
4688,1172.0,topo,gyrase,0.25
4688,1172.0,RNAP,RNAP,1.0
4688,1172.0,mRNA,tetA,14.0
4688,1172.0,mRNA,Raspberry,2.0
4688,1172.0,mRNA,mKalama1,1.0
4689,1172.25,topo,topoI,0.25
4689,1172.25,topo,gyrase,0.25
4689,1172.25,RNAP,RNAP,1.0
4689,1172.25,mRNA,tetA,14.0
4689,1172.25,mRNA,Raspberry,2.0
4689,1172.25,mRNA,mKalama1,1.0
4690,1172.5,topo,topoI,0.25
4690,1172.5,topo,gyrase,0.25
4690,1172.5,RNAP,RNAP,1.0
4690,1172.5,mRNA,tetA,14.0
4690,1172.5,mRNA,Raspberry,2.0
4690,1172.5,mRNA,mKalama1,1.0
4691,1172.75,topo,topoI,0.25
4691,1172.75,topo,gyrase,0.25
4691,1172.75,RNAP,RNAP,1.0
4691,1172.75,mRNA,tetA,14.0
4691,1172.75,mRNA,Raspberry,2.0
4691,1172.75,mRNA,mKalama1,1.0
4692,1173.0,topo,topoI,0.25
4692,1173.0,topo,gyrase,0.25
4692,1173.0,RNAP,RNAP,1.0
4692,1173.0,mRNA,tetA,14.0
4692,1173.0,mRNA,Raspberry,2.0
4692,1173.0,mRNA,mKalama1,1.0
4693,1173.25,topo,topoI,0.25
4693,1173.25,topo,gyrase,0.25
4693,1173.25,RNAP,RNAP,1.0
4693,1173.25,mRNA,tetA,14.0
4693,1173.25,mRNA,Raspberry,2.0
4693,1173.25,mRNA,mKalama1,1.0
4694,1173.5,topo,topoI,0.25
4694,1173.5,topo,gyrase,0.25
4694,1173.5,RNAP,RNAP,1.0
4694,1173.5,mRNA,tetA,14.0
4694,1173.5,mRNA,Raspberry,2.0
4694,1173.5,mRNA,mKalama1,1.0
4695,1173.75,topo,topoI,0.25
4695,1173.75,topo,gyrase,0.25
4695,1173.75,RNAP,RNAP,1.0
4695,1173.75,mRNA,tetA,14.0
4695,1173.75,mRNA,Raspberry,2.0
4695,1173.75,mRNA,mKalama1,1.0
4696,1174.0,topo,topoI,0.25
4696,1174.0,topo,gyrase,0.25
4696,1174.0,RNAP,RNAP,1.0
4696,1174.0,mRNA,tetA,14.0
4696,1174.0,mRNA,Raspberry,2.0
4696,1174.0,mRNA,mKalama1,1.0
4697,1174.25,topo,topoI,0.25
4697,1174.25,topo,gyrase,0.25
4697,1174.25,RNAP,RNAP,1.0
4697,1174.25,mRNA,tetA,14.0
4697,1174.25,mRNA,Raspberry,2.0
4697,1174.25,mRNA,mKalama1,1.0
4698,1174.5,topo,topoI,0.25
4698,1174.5,topo,gyrase,0.25
4698,1174.5,RNAP,RNAP,1.0
4698,1174.5,mRNA,tetA,14.0
4698,1174.5,mRNA,Raspberry,2.0
4698,1174.5,mRNA,mKalama1,1.0
4699,1174.75,topo,topoI,0.25
4699,1174.75,topo,gyrase,0.25
4699,1174.75,RNAP,RNAP,1.0
4699,1174.75,mRNA,tetA,14.0
4699,1174.75,mRNA,Raspberry,2.0
4699,1174.75,mRNA,mKalama1,1.0
4700,1175.0,topo,topoI,0.25
4700,1175.0,topo,gyrase,0.25
4700,1175.0,RNAP,RNAP,1.0
4700,1175.0,mRNA,tetA,14.0
4700,1175.0,mRNA,Raspberry,2.0
4700,1175.0,mRNA,mKalama1,1.0
4701,1175.25,topo,topoI,0.25
4701,1175.25,topo,gyrase,0.25
4701,1175.25,RNAP,RNAP,1.0
4701,1175.25,mRNA,tetA,14.0
4701,1175.25,mRNA,Raspberry,2.0
4701,1175.25,mRNA,mKalama1,1.0
4702,1175.5,topo,topoI,0.25
4702,1175.5,topo,gyrase,0.25
4702,1175.5,RNAP,RNAP,1.0
4702,1175.5,mRNA,tetA,14.0
4702,1175.5,mRNA,Raspberry,2.0
4702,1175.5,mRNA,mKalama1,1.0
4703,1175.75,topo,topoI,0.25
4703,1175.75,topo,gyrase,0.25
4703,1175.75,RNAP,RNAP,1.0
4703,1175.75,mRNA,tetA,14.0
4703,1175.75,mRNA,Raspberry,2.0
4703,1175.75,mRNA,mKalama1,1.0
4704,1176.0,topo,topoI,0.25
4704,1176.0,topo,gyrase,0.25
4704,1176.0,RNAP,RNAP,1.0
4704,1176.0,mRNA,tetA,14.0
4704,1176.0,mRNA,Raspberry,2.0
4704,1176.0,mRNA,mKalama1,1.0
4705,1176.25,topo,topoI,0.25
4705,1176.25,topo,gyrase,0.25
4705,1176.25,RNAP,RNAP,1.0
4705,1176.25,mRNA,tetA,14.0
4705,1176.25,mRNA,Raspberry,2.0
4705,1176.25,mRNA,mKalama1,1.0
4706,1176.5,topo,topoI,0.25
4706,1176.5,topo,gyrase,0.25
4706,1176.5,RNAP,RNAP,1.0
4706,1176.5,mRNA,tetA,14.0
4706,1176.5,mRNA,Raspberry,2.0
4706,1176.5,mRNA,mKalama1,1.0
4707,1176.75,topo,topoI,0.25
4707,1176.75,topo,gyrase,0.25
4707,1176.75,RNAP,RNAP,1.0
4707,1176.75,mRNA,tetA,14.0
4707,1176.75,mRNA,Raspberry,2.0
4707,1176.75,mRNA,mKalama1,1.0
4708,1177.0,topo,topoI,0.25
4708,1177.0,topo,gyrase,0.25
4708,1177.0,RNAP,RNAP,1.0
4708,1177.0,mRNA,tetA,14.0
4708,1177.0,mRNA,Raspberry,2.0
4708,1177.0,mRNA,mKalama1,1.0
4709,1177.25,topo,topoI,0.25
4709,1177.25,topo,gyrase,0.25
4709,1177.25,RNAP,RNAP,1.0
4709,1177.25,mRNA,tetA,14.0
4709,1177.25,mRNA,Raspberry,2.0
4709,1177.25,mRNA,mKalama1,1.0
4710,1177.5,topo,topoI,0.25
4710,1177.5,topo,gyrase,0.25
4710,1177.5,RNAP,RNAP,1.0
4710,1177.5,mRNA,tetA,14.0
4710,1177.5,mRNA,Raspberry,2.0
4710,1177.5,mRNA,mKalama1,1.0
4711,1177.75,topo,topoI,0.25
4711,1177.75,topo,gyrase,0.25
4711,1177.75,RNAP,RNAP,1.0
4711,1177.75,mRNA,tetA,14.0
4711,1177.75,mRNA,Raspberry,2.0
4711,1177.75,mRNA,mKalama1,1.0
4712,1178.0,topo,topoI,0.25
4712,1178.0,topo,gyrase,0.25
4712,1178.0,RNAP,RNAP,1.0
4712,1178.0,mRNA,tetA,14.0
4712,1178.0,mRNA,Raspberry,2.0
4712,1178.0,mRNA,mKalama1,1.0
4713,1178.25,topo,topoI,0.25
4713,1178.25,topo,gyrase,0.25
4713,1178.25,RNAP,RNAP,1.0
4713,1178.25,mRNA,tetA,14.0
4713,1178.25,mRNA,Raspberry,2.0
4713,1178.25,mRNA,mKalama1,1.0
4714,1178.5,topo,topoI,0.25
4714,1178.5,topo,gyrase,0.25
4714,1178.5,RNAP,RNAP,1.0
4714,1178.5,mRNA,tetA,14.0
4714,1178.5,mRNA,Raspberry,2.0
4714,1178.5,mRNA,mKalama1,1.0
4715,1178.75,topo,topoI,0.25
4715,1178.75,topo,gyrase,0.25
4715,1178.75,RNAP,RNAP,1.0
4715,1178.75,mRNA,tetA,14.0
4715,1178.75,mRNA,Raspberry,2.0
4715,1178.75,mRNA,mKalama1,1.0
4716,1179.0,topo,topoI,0.25
4716,1179.0,topo,gyrase,0.25
4716,1179.0,RNAP,RNAP,1.0
4716,1179.0,mRNA,tetA,14.0
4716,1179.0,mRNA,Raspberry,2.0
4716,1179.0,mRNA,mKalama1,1.0
4717,1179.25,topo,topoI,0.25
4717,1179.25,topo,gyrase,0.25
4717,1179.25,RNAP,RNAP,1.0
4717,1179.25,mRNA,tetA,14.0
4717,1179.25,mRNA,Raspberry,2.0
4717,1179.25,mRNA,mKalama1,1.0
4718,1179.5,topo,topoI,0.25
4718,1179.5,topo,gyrase,0.25
4718,1179.5,RNAP,RNAP,1.0
4718,1179.5,mRNA,tetA,14.0
4718,1179.5,mRNA,Raspberry,2.0
4718,1179.5,mRNA,mKalama1,1.0
4719,1179.75,topo,topoI,0.25
4719,1179.75,topo,gyrase,0.25
4719,1179.75,RNAP,RNAP,1.0
4719,1179.75,mRNA,tetA,14.0
4719,1179.75,mRNA,Raspberry,2.0
4719,1179.75,mRNA,mKalama1,1.0
4720,1180.0,topo,topoI,0.25
4720,1180.0,topo,gyrase,0.25
4720,1180.0,RNAP,RNAP,1.0
4720,1180.0,mRNA,tetA,14.0
4720,1180.0,mRNA,Raspberry,2.0
4720,1180.0,mRNA,mKalama1,1.0
4721,1180.25,topo,topoI,0.25
4721,1180.25,topo,gyrase,0.25
4721,1180.25,RNAP,RNAP,1.0
4721,1180.25,mRNA,tetA,14.0
4721,1180.25,mRNA,Raspberry,2.0
4721,1180.25,mRNA,mKalama1,1.0
4722,1180.5,topo,topoI,0.25
4722,1180.5,topo,gyrase,0.25
4722,1180.5,RNAP,RNAP,1.0
4722,1180.5,mRNA,tetA,14.0
4722,1180.5,mRNA,Raspberry,2.0
4722,1180.5,mRNA,mKalama1,1.0
4723,1180.75,topo,topoI,0.25
4723,1180.75,topo,gyrase,0.25
4723,1180.75,RNAP,RNAP,1.0
4723,1180.75,mRNA,tetA,14.0
4723,1180.75,mRNA,Raspberry,2.0
4723,1180.75,mRNA,mKalama1,1.0
4724,1181.0,topo,topoI,0.25
4724,1181.0,topo,gyrase,0.25
4724,1181.0,RNAP,RNAP,1.0
4724,1181.0,mRNA,tetA,14.0
4724,1181.0,mRNA,Raspberry,2.0
4724,1181.0,mRNA,mKalama1,1.0
4725,1181.25,topo,topoI,0.25
4725,1181.25,topo,gyrase,0.25
4725,1181.25,RNAP,RNAP,1.0
4725,1181.25,mRNA,tetA,14.0
4725,1181.25,mRNA,Raspberry,2.0
4725,1181.25,mRNA,mKalama1,1.0
4726,1181.5,topo,topoI,0.25
4726,1181.5,topo,gyrase,0.25
4726,1181.5,RNAP,RNAP,1.0
4726,1181.5,mRNA,tetA,14.0
4726,1181.5,mRNA,Raspberry,2.0
4726,1181.5,mRNA,mKalama1,1.0
4727,1181.75,topo,topoI,0.25
4727,1181.75,topo,gyrase,0.25
4727,1181.75,RNAP,RNAP,1.0
4727,1181.75,mRNA,tetA,14.0
4727,1181.75,mRNA,Raspberry,2.0
4727,1181.75,mRNA,mKalama1,1.0
4728,1182.0,topo,topoI,0.25
4728,1182.0,topo,gyrase,0.25
4728,1182.0,RNAP,RNAP,1.0
4728,1182.0,mRNA,tetA,14.0
4728,1182.0,mRNA,Raspberry,2.0
4728,1182.0,mRNA,mKalama1,1.0
4729,1182.25,topo,topoI,0.25
4729,1182.25,topo,gyrase,0.25
4729,1182.25,RNAP,RNAP,1.0
4729,1182.25,mRNA,tetA,14.0
4729,1182.25,mRNA,Raspberry,2.0
4729,1182.25,mRNA,mKalama1,1.0
4730,1182.5,topo,topoI,0.25
4730,1182.5,topo,gyrase,0.25
4730,1182.5,RNAP,RNAP,1.0
4730,1182.5,mRNA,tetA,14.0
4730,1182.5,mRNA,Raspberry,2.0
4730,1182.5,mRNA,mKalama1,1.0
4731,1182.75,topo,topoI,0.25
4731,1182.75,topo,gyrase,0.25
4731,1182.75,RNAP,RNAP,1.0
4731,1182.75,mRNA,tetA,14.0
4731,1182.75,mRNA,Raspberry,2.0
4731,1182.75,mRNA,mKalama1,1.0
4732,1183.0,topo,topoI,0.25
4732,1183.0,topo,gyrase,0.25
4732,1183.0,RNAP,RNAP,1.0
4732,1183.0,mRNA,tetA,14.0
4732,1183.0,mRNA,Raspberry,2.0
4732,1183.0,mRNA,mKalama1,1.0
4733,1183.25,topo,topoI,0.25
4733,1183.25,topo,gyrase,0.25
4733,1183.25,RNAP,RNAP,1.0
4733,1183.25,mRNA,tetA,14.0
4733,1183.25,mRNA,Raspberry,2.0
4733,1183.25,mRNA,mKalama1,1.0
4734,1183.5,topo,topoI,0.25
4734,1183.5,topo,gyrase,0.25
4734,1183.5,RNAP,RNAP,1.0
4734,1183.5,mRNA,tetA,14.0
4734,1183.5,mRNA,Raspberry,2.0
4734,1183.5,mRNA,mKalama1,1.0
4735,1183.75,topo,topoI,0.25
4735,1183.75,topo,gyrase,0.25
4735,1183.75,RNAP,RNAP,1.0
4735,1183.75,mRNA,tetA,14.0
4735,1183.75,mRNA,Raspberry,2.0
4735,1183.75,mRNA,mKalama1,1.0
4736,1184.0,topo,topoI,0.25
4736,1184.0,topo,gyrase,0.25
4736,1184.0,RNAP,RNAP,1.0
4736,1184.0,mRNA,tetA,14.0
4736,1184.0,mRNA,Raspberry,2.0
4736,1184.0,mRNA,mKalama1,1.0
4737,1184.25,topo,topoI,0.25
4737,1184.25,topo,gyrase,0.25
4737,1184.25,RNAP,RNAP,1.0
4737,1184.25,mRNA,tetA,14.0
4737,1184.25,mRNA,Raspberry,2.0
4737,1184.25,mRNA,mKalama1,1.0
4738,1184.5,topo,topoI,0.25
4738,1184.5,topo,gyrase,0.25
4738,1184.5,RNAP,RNAP,1.0
4738,1184.5,mRNA,tetA,14.0
4738,1184.5,mRNA,Raspberry,2.0
4738,1184.5,mRNA,mKalama1,1.0
4739,1184.75,topo,topoI,0.25
4739,1184.75,topo,gyrase,0.25
4739,1184.75,RNAP,RNAP,1.0
4739,1184.75,mRNA,tetA,14.0
4739,1184.75,mRNA,Raspberry,2.0
4739,1184.75,mRNA,mKalama1,1.0
4740,1185.0,topo,topoI,0.25
4740,1185.0,topo,gyrase,0.25
4740,1185.0,RNAP,RNAP,1.0
4740,1185.0,mRNA,tetA,14.0
4740,1185.0,mRNA,Raspberry,2.0
4740,1185.0,mRNA,mKalama1,1.0
4741,1185.25,topo,topoI,0.25
4741,1185.25,topo,gyrase,0.25
4741,1185.25,RNAP,RNAP,1.0
4741,1185.25,mRNA,tetA,14.0
4741,1185.25,mRNA,Raspberry,2.0
4741,1185.25,mRNA,mKalama1,1.0
4742,1185.5,topo,topoI,0.25
4742,1185.5,topo,gyrase,0.25
4742,1185.5,RNAP,RNAP,1.0
4742,1185.5,mRNA,tetA,14.0
4742,1185.5,mRNA,Raspberry,2.0
4742,1185.5,mRNA,mKalama1,1.0
4743,1185.75,topo,topoI,0.25
4743,1185.75,topo,gyrase,0.25
4743,1185.75,RNAP,RNAP,1.0
4743,1185.75,mRNA,tetA,14.0
4743,1185.75,mRNA,Raspberry,2.0
4743,1185.75,mRNA,mKalama1,1.0
4744,1186.0,topo,topoI,0.25
4744,1186.0,topo,gyrase,0.25
4744,1186.0,RNAP,RNAP,1.0
4744,1186.0,mRNA,tetA,14.0
4744,1186.0,mRNA,Raspberry,2.0
4744,1186.0,mRNA,mKalama1,1.0
4745,1186.25,topo,topoI,0.25
4745,1186.25,topo,gyrase,0.25
4745,1186.25,RNAP,RNAP,1.0
4745,1186.25,mRNA,tetA,14.0
4745,1186.25,mRNA,Raspberry,2.0
4745,1186.25,mRNA,mKalama1,1.0
4746,1186.5,topo,topoI,0.25
4746,1186.5,topo,gyrase,0.25
4746,1186.5,RNAP,RNAP,1.0
4746,1186.5,mRNA,tetA,14.0
4746,1186.5,mRNA,Raspberry,2.0
4746,1186.5,mRNA,mKalama1,1.0
4747,1186.75,topo,topoI,0.25
4747,1186.75,topo,gyrase,0.25
4747,1186.75,RNAP,RNAP,1.0
4747,1186.75,mRNA,tetA,14.0
4747,1186.75,mRNA,Raspberry,2.0
4747,1186.75,mRNA,mKalama1,1.0
4748,1187.0,topo,topoI,0.25
4748,1187.0,topo,gyrase,0.25
4748,1187.0,RNAP,RNAP,1.0
4748,1187.0,mRNA,tetA,14.0
4748,1187.0,mRNA,Raspberry,2.0
4748,1187.0,mRNA,mKalama1,1.0
4749,1187.25,topo,topoI,0.25
4749,1187.25,topo,gyrase,0.25
4749,1187.25,RNAP,RNAP,1.0
4749,1187.25,mRNA,tetA,14.0
4749,1187.25,mRNA,Raspberry,2.0
4749,1187.25,mRNA,mKalama1,1.0
4750,1187.5,topo,topoI,0.25
4750,1187.5,topo,gyrase,0.25
4750,1187.5,RNAP,RNAP,1.0
4750,1187.5,mRNA,tetA,14.0
4750,1187.5,mRNA,Raspberry,2.0
4750,1187.5,mRNA,mKalama1,1.0
4751,1187.75,topo,topoI,0.25
4751,1187.75,topo,gyrase,0.25
4751,1187.75,RNAP,RNAP,1.0
4751,1187.75,mRNA,tetA,14.0
4751,1187.75,mRNA,Raspberry,2.0
4751,1187.75,mRNA,mKalama1,1.0
4752,1188.0,topo,topoI,0.25
4752,1188.0,topo,gyrase,0.25
4752,1188.0,RNAP,RNAP,1.0
4752,1188.0,mRNA,tetA,14.0
4752,1188.0,mRNA,Raspberry,2.0
4752,1188.0,mRNA,mKalama1,1.0
4753,1188.25,topo,topoI,0.25
4753,1188.25,topo,gyrase,0.25
4753,1188.25,RNAP,RNAP,1.0
4753,1188.25,mRNA,tetA,14.0
4753,1188.25,mRNA,Raspberry,2.0
4753,1188.25,mRNA,mKalama1,1.0
4754,1188.5,topo,topoI,0.25
4754,1188.5,topo,gyrase,0.25
4754,1188.5,RNAP,RNAP,1.0
4754,1188.5,mRNA,tetA,14.0
4754,1188.5,mRNA,Raspberry,2.0
4754,1188.5,mRNA,mKalama1,1.0
4755,1188.75,topo,topoI,0.25
4755,1188.75,topo,gyrase,0.25
4755,1188.75,RNAP,RNAP,1.0
4755,1188.75,mRNA,tetA,14.0
4755,1188.75,mRNA,Raspberry,2.0
4755,1188.75,mRNA,mKalama1,1.0
4756,1189.0,topo,topoI,0.25
4756,1189.0,topo,gyrase,0.25
4756,1189.0,RNAP,RNAP,1.0
4756,1189.0,mRNA,tetA,14.0
4756,1189.0,mRNA,Raspberry,2.0
4756,1189.0,mRNA,mKalama1,1.0
4757,1189.25,topo,topoI,0.25
4757,1189.25,topo,gyrase,0.25
4757,1189.25,RNAP,RNAP,1.0
4757,1189.25,mRNA,tetA,14.0
4757,1189.25,mRNA,Raspberry,2.0
4757,1189.25,mRNA,mKalama1,1.0
4758,1189.5,topo,topoI,0.25
4758,1189.5,topo,gyrase,0.25
4758,1189.5,RNAP,RNAP,1.0
4758,1189.5,mRNA,tetA,14.0
4758,1189.5,mRNA,Raspberry,2.0
4758,1189.5,mRNA,mKalama1,1.0
4759,1189.75,topo,topoI,0.25
4759,1189.75,topo,gyrase,0.25
4759,1189.75,RNAP,RNAP,1.0
4759,1189.75,mRNA,tetA,14.0
4759,1189.75,mRNA,Raspberry,2.0
4759,1189.75,mRNA,mKalama1,1.0
4760,1190.0,topo,topoI,0.25
4760,1190.0,topo,gyrase,0.25
4760,1190.0,RNAP,RNAP,1.0
4760,1190.0,mRNA,tetA,14.0
4760,1190.0,mRNA,Raspberry,2.0
4760,1190.0,mRNA,mKalama1,1.0
4761,1190.25,topo,topoI,0.25
4761,1190.25,topo,gyrase,0.25
4761,1190.25,RNAP,RNAP,1.0
4761,1190.25,mRNA,tetA,14.0
4761,1190.25,mRNA,Raspberry,2.0
4761,1190.25,mRNA,mKalama1,1.0
4762,1190.5,topo,topoI,0.25
4762,1190.5,topo,gyrase,0.25
4762,1190.5,RNAP,RNAP,1.0
4762,1190.5,mRNA,tetA,14.0
4762,1190.5,mRNA,Raspberry,2.0
4762,1190.5,mRNA,mKalama1,1.0
4763,1190.75,topo,topoI,0.25
4763,1190.75,topo,gyrase,0.25
4763,1190.75,RNAP,RNAP,1.0
4763,1190.75,mRNA,tetA,14.0
4763,1190.75,mRNA,Raspberry,2.0
4763,1190.75,mRNA,mKalama1,1.0
4764,1191.0,topo,topoI,0.25
4764,1191.0,topo,gyrase,0.25
4764,1191.0,RNAP,RNAP,1.0
4764,1191.0,mRNA,tetA,14.0
4764,1191.0,mRNA,Raspberry,2.0
4764,1191.0,mRNA,mKalama1,1.0
4765,1191.25,topo,topoI,0.25
4765,1191.25,topo,gyrase,0.25
4765,1191.25,RNAP,RNAP,1.0
4765,1191.25,mRNA,tetA,14.0
4765,1191.25,mRNA,Raspberry,2.0
4765,1191.25,mRNA,mKalama1,1.0
4766,1191.5,topo,topoI,0.25
4766,1191.5,topo,gyrase,0.25
4766,1191.5,RNAP,RNAP,1.0
4766,1191.5,mRNA,tetA,14.0
4766,1191.5,mRNA,Raspberry,2.0
4766,1191.5,mRNA,mKalama1,1.0
4767,1191.75,topo,topoI,0.25
4767,1191.75,topo,gyrase,0.25
4767,1191.75,RNAP,RNAP,1.0
4767,1191.75,mRNA,tetA,14.0
4767,1191.75,mRNA,Raspberry,2.0
4767,1191.75,mRNA,mKalama1,1.0
4768,1192.0,topo,topoI,0.25
4768,1192.0,topo,gyrase,0.25
4768,1192.0,RNAP,RNAP,1.0
4768,1192.0,mRNA,tetA,14.0
4768,1192.0,mRNA,Raspberry,2.0
4768,1192.0,mRNA,mKalama1,1.0
4769,1192.25,topo,topoI,0.25
4769,1192.25,topo,gyrase,0.25
4769,1192.25,RNAP,RNAP,1.0
4769,1192.25,mRNA,tetA,14.0
4769,1192.25,mRNA,Raspberry,2.0
4769,1192.25,mRNA,mKalama1,1.0
4770,1192.5,topo,topoI,0.25
4770,1192.5,topo,gyrase,0.25
4770,1192.5,RNAP,RNAP,1.0
4770,1192.5,mRNA,tetA,14.0
4770,1192.5,mRNA,Raspberry,2.0
4770,1192.5,mRNA,mKalama1,1.0
4771,1192.75,topo,topoI,0.25
4771,1192.75,topo,gyrase,0.25
4771,1192.75,RNAP,RNAP,1.0
4771,1192.75,mRNA,tetA,14.0
4771,1192.75,mRNA,Raspberry,2.0
4771,1192.75,mRNA,mKalama1,1.0
4772,1193.0,topo,topoI,0.25
4772,1193.0,topo,gyrase,0.25
4772,1193.0,RNAP,RNAP,1.0
4772,1193.0,mRNA,tetA,14.0
4772,1193.0,mRNA,Raspberry,2.0
4772,1193.0,mRNA,mKalama1,1.0
4773,1193.25,topo,topoI,0.25
4773,1193.25,topo,gyrase,0.25
4773,1193.25,RNAP,RNAP,1.0
4773,1193.25,mRNA,tetA,14.0
4773,1193.25,mRNA,Raspberry,2.0
4773,1193.25,mRNA,mKalama1,1.0
4774,1193.5,topo,topoI,0.25
4774,1193.5,topo,gyrase,0.25
4774,1193.5,RNAP,RNAP,1.0
4774,1193.5,mRNA,tetA,14.0
4774,1193.5,mRNA,Raspberry,2.0
4774,1193.5,mRNA,mKalama1,1.0
4775,1193.75,topo,topoI,0.25
4775,1193.75,topo,gyrase,0.25
4775,1193.75,RNAP,RNAP,1.0
4775,1193.75,mRNA,tetA,14.0
4775,1193.75,mRNA,Raspberry,2.0
4775,1193.75,mRNA,mKalama1,1.0
4776,1194.0,topo,topoI,0.25
4776,1194.0,topo,gyrase,0.25
4776,1194.0,RNAP,RNAP,1.0
4776,1194.0,mRNA,tetA,14.0
4776,1194.0,mRNA,Raspberry,2.0
4776,1194.0,mRNA,mKalama1,1.0
4777,1194.25,topo,topoI,0.25
4777,1194.25,topo,gyrase,0.25
4777,1194.25,RNAP,RNAP,1.0
4777,1194.25,mRNA,tetA,14.0
4777,1194.25,mRNA,Raspberry,2.0
4777,1194.25,mRNA,mKalama1,1.0
4778,1194.5,topo,topoI,0.25
4778,1194.5,topo,gyrase,0.25
4778,1194.5,RNAP,RNAP,1.0
4778,1194.5,mRNA,tetA,14.0
4778,1194.5,mRNA,Raspberry,2.0
4778,1194.5,mRNA,mKalama1,1.0
4779,1194.75,topo,topoI,0.25
4779,1194.75,topo,gyrase,0.25
4779,1194.75,RNAP,RNAP,1.0
4779,1194.75,mRNA,tetA,14.0
4779,1194.75,mRNA,Raspberry,2.0
4779,1194.75,mRNA,mKalama1,1.0
4780,1195.0,topo,topoI,0.25
4780,1195.0,topo,gyrase,0.25
4780,1195.0,RNAP,RNAP,1.0
4780,1195.0,mRNA,tetA,14.0
4780,1195.0,mRNA,Raspberry,2.0
4780,1195.0,mRNA,mKalama1,1.0
4781,1195.25,topo,topoI,0.25
4781,1195.25,topo,gyrase,0.25
4781,1195.25,RNAP,RNAP,1.0
4781,1195.25,mRNA,tetA,14.0
4781,1195.25,mRNA,Raspberry,2.0
4781,1195.25,mRNA,mKalama1,1.0
4782,1195.5,topo,topoI,0.25
4782,1195.5,topo,gyrase,0.25
4782,1195.5,RNAP,RNAP,1.0
4782,1195.5,mRNA,tetA,14.0
4782,1195.5,mRNA,Raspberry,2.0
4782,1195.5,mRNA,mKalama1,1.0
4783,1195.75,topo,topoI,0.25
4783,1195.75,topo,gyrase,0.25
4783,1195.75,RNAP,RNAP,1.0
4783,1195.75,mRNA,tetA,14.0
4783,1195.75,mRNA,Raspberry,2.0
4783,1195.75,mRNA,mKalama1,1.0
4784,1196.0,topo,topoI,0.25
4784,1196.0,topo,gyrase,0.25
4784,1196.0,RNAP,RNAP,1.0
4784,1196.0,mRNA,tetA,14.0
4784,1196.0,mRNA,Raspberry,2.0
4784,1196.0,mRNA,mKalama1,1.0
4785,1196.25,topo,topoI,0.25
4785,1196.25,topo,gyrase,0.25
4785,1196.25,RNAP,RNAP,1.0
4785,1196.25,mRNA,tetA,14.0
4785,1196.25,mRNA,Raspberry,2.0
4785,1196.25,mRNA,mKalama1,1.0
4786,1196.5,topo,topoI,0.25
4786,1196.5,topo,gyrase,0.25
4786,1196.5,RNAP,RNAP,1.0
4786,1196.5,mRNA,tetA,14.0
4786,1196.5,mRNA,Raspberry,2.0
4786,1196.5,mRNA,mKalama1,1.0
4787,1196.75,topo,topoI,0.25
4787,1196.75,topo,gyrase,0.25
4787,1196.75,RNAP,RNAP,1.0
4787,1196.75,mRNA,tetA,14.0
4787,1196.75,mRNA,Raspberry,2.0
4787,1196.75,mRNA,mKalama1,1.0
4788,1197.0,topo,topoI,0.25
4788,1197.0,topo,gyrase,0.25
4788,1197.0,RNAP,RNAP,1.0
4788,1197.0,mRNA,tetA,14.0
4788,1197.0,mRNA,Raspberry,2.0
4788,1197.0,mRNA,mKalama1,1.0
4789,1197.25,topo,topoI,0.25
4789,1197.25,topo,gyrase,0.25
4789,1197.25,RNAP,RNAP,1.0
4789,1197.25,mRNA,tetA,14.0
4789,1197.25,mRNA,Raspberry,2.0
4789,1197.25,mRNA,mKalama1,1.0
4790,1197.5,topo,topoI,0.25
4790,1197.5,topo,gyrase,0.25
4790,1197.5,RNAP,RNAP,1.0
4790,1197.5,mRNA,tetA,14.0
4790,1197.5,mRNA,Raspberry,2.0
4790,1197.5,mRNA,mKalama1,1.0
4791,1197.75,topo,topoI,0.25
4791,1197.75,topo,gyrase,0.25
4791,1197.75,RNAP,RNAP,1.0
4791,1197.75,mRNA,tetA,14.0
4791,1197.75,mRNA,Raspberry,2.0
4791,1197.75,mRNA,mKalama1,1.0
4792,1198.0,topo,topoI,0.25
4792,1198.0,topo,gyrase,0.25
4792,1198.0,RNAP,RNAP,1.0
4792,1198.0,mRNA,tetA,14.0
4792,1198.0,mRNA,Raspberry,2.0
4792,1198.0,mRNA,mKalama1,1.0
4793,1198.25,topo,topoI,0.25
4793,1198.25,topo,gyrase,0.25
4793,1198.25,RNAP,RNAP,1.0
4793,1198.25,mRNA,tetA,14.0
4793,1198.25,mRNA,Raspberry,2.0
4793,1198.25,mRNA,mKalama1,1.0
4794,1198.5,topo,topoI,0.25
4794,1198.5,topo,gyrase,0.25
4794,1198.5,RNAP,RNAP,1.0
4794,1198.5,mRNA,tetA,15.0
4794,1198.5,mRNA,Raspberry,2.0
4794,1198.5,mRNA,mKalama1,1.0
4795,1198.75,topo,topoI,0.25
4795,1198.75,topo,gyrase,0.25
4795,1198.75,RNAP,RNAP,1.0
4795,1198.75,mRNA,tetA,15.0
4795,1198.75,mRNA,Raspberry,2.0
4795,1198.75,mRNA,mKalama1,1.0
4796,1199.0,topo,topoI,0.25
4796,1199.0,topo,gyrase,0.25
4796,1199.0,RNAP,RNAP,1.0
4796,1199.0,mRNA,tetA,15.0
4796,1199.0,mRNA,Raspberry,2.0
4796,1199.0,mRNA,mKalama1,1.0
4797,1199.25,topo,topoI,0.25
4797,1199.25,topo,gyrase,0.25
4797,1199.25,RNAP,RNAP,1.0
4797,1199.25,mRNA,tetA,15.0
4797,1199.25,mRNA,Raspberry,2.0
4797,1199.25,mRNA,mKalama1,1.0
4798,1199.5,topo,topoI,0.25
4798,1199.5,topo,gyrase,0.25
4798,1199.5,RNAP,RNAP,1.0
4798,1199.5,mRNA,tetA,15.0
4798,1199.5,mRNA,Raspberry,2.0
4798,1199.5,mRNA,mKalama1,1.0
4799,1199.75,topo,topoI,0.25
4799,1199.75,topo,gyrase,0.25
4799,1199.75,RNAP,RNAP,1.0
4799,1199.75,mRNA,tetA,15.0
4799,1199.75,mRNA,Raspberry,2.0
4799,1199.75,mRNA,mKalama1,1.0
4800,1200.0,topo,topoI,0.25
4800,1200.0,topo,gyrase,0.25
4800,1200.0,RNAP,RNAP,1.0
4800,1200.0,mRNA,tetA,15.0
4800,1200.0,mRNA,Raspberry,2.0
4800,1200.0,mRNA,mKalama1,1.0
4801,1200.25,topo,topoI,0.25
4801,1200.25,topo,gyrase,0.25
4801,1200.25,RNAP,RNAP,1.0
4801,1200.25,mRNA,tetA,15.0
4801,1200.25,mRNA,Raspberry,2.0
4801,1200.25,mRNA,mKalama1,1.0
4802,1200.5,topo,topoI,0.25
4802,1200.5,topo,gyrase,0.25
4802,1200.5,RNAP,RNAP,1.0
4802,1200.5,mRNA,tetA,15.0
4802,1200.5,mRNA,Raspberry,2.0
4802,1200.5,mRNA,mKalama1,1.0
4803,1200.75,topo,topoI,0.25
4803,1200.75,topo,gyrase,0.25
4803,1200.75,RNAP,RNAP,1.0
4803,1200.75,mRNA,tetA,15.0
4803,1200.75,mRNA,Raspberry,2.0
4803,1200.75,mRNA,mKalama1,1.0
4804,1201.0,topo,topoI,0.25
4804,1201.0,topo,gyrase,0.25
4804,1201.0,RNAP,RNAP,1.0
4804,1201.0,mRNA,tetA,15.0
4804,1201.0,mRNA,Raspberry,2.0
4804,1201.0,mRNA,mKalama1,1.0
4805,1201.25,topo,topoI,0.25
4805,1201.25,topo,gyrase,0.25
4805,1201.25,RNAP,RNAP,1.0
4805,1201.25,mRNA,tetA,15.0
4805,1201.25,mRNA,Raspberry,2.0
4805,1201.25,mRNA,mKalama1,1.0
4806,1201.5,topo,topoI,0.25
4806,1201.5,topo,gyrase,0.25
4806,1201.5,RNAP,RNAP,1.0
4806,1201.5,mRNA,tetA,15.0
4806,1201.5,mRNA,Raspberry,2.0
4806,1201.5,mRNA,mKalama1,1.0
4807,1201.75,topo,topoI,0.25
4807,1201.75,topo,gyrase,0.25
4807,1201.75,RNAP,RNAP,1.0
4807,1201.75,mRNA,tetA,15.0
4807,1201.75,mRNA,Raspberry,2.0
4807,1201.75,mRNA,mKalama1,1.0
4808,1202.0,topo,topoI,0.25
4808,1202.0,topo,gyrase,0.25
4808,1202.0,RNAP,RNAP,1.0
4808,1202.0,mRNA,tetA,15.0
4808,1202.0,mRNA,Raspberry,2.0
4808,1202.0,mRNA,mKalama1,1.0
4809,1202.25,topo,topoI,0.25
4809,1202.25,topo,gyrase,0.25
4809,1202.25,RNAP,RNAP,1.0
4809,1202.25,mRNA,tetA,15.0
4809,1202.25,mRNA,Raspberry,2.0
4809,1202.25,mRNA,mKalama1,1.0
4810,1202.5,topo,topoI,0.25
4810,1202.5,topo,gyrase,0.25
4810,1202.5,RNAP,RNAP,1.0
4810,1202.5,mRNA,tetA,15.0
4810,1202.5,mRNA,Raspberry,2.0
4810,1202.5,mRNA,mKalama1,1.0
4811,1202.75,topo,topoI,0.25
4811,1202.75,topo,gyrase,0.25
4811,1202.75,RNAP,RNAP,1.0
4811,1202.75,mRNA,tetA,15.0
4811,1202.75,mRNA,Raspberry,2.0
4811,1202.75,mRNA,mKalama1,1.0
4812,1203.0,topo,topoI,0.25
4812,1203.0,topo,gyrase,0.25
4812,1203.0,RNAP,RNAP,1.0
4812,1203.0,mRNA,tetA,15.0
4812,1203.0,mRNA,Raspberry,2.0
4812,1203.0,mRNA,mKalama1,1.0
4813,1203.25,topo,topoI,0.25
4813,1203.25,topo,gyrase,0.25
4813,1203.25,RNAP,RNAP,1.0
4813,1203.25,mRNA,tetA,15.0
4813,1203.25,mRNA,Raspberry,2.0
4813,1203.25,mRNA,mKalama1,1.0
4814,1203.5,topo,topoI,0.25
4814,1203.5,topo,gyrase,0.25
4814,1203.5,RNAP,RNAP,1.0
4814,1203.5,mRNA,tetA,15.0
4814,1203.5,mRNA,Raspberry,2.0
4814,1203.5,mRNA,mKalama1,1.0
4815,1203.75,topo,topoI,0.25
4815,1203.75,topo,gyrase,0.25
4815,1203.75,RNAP,RNAP,1.0
4815,1203.75,mRNA,tetA,15.0
4815,1203.75,mRNA,Raspberry,2.0
4815,1203.75,mRNA,mKalama1,1.0
4816,1204.0,topo,topoI,0.25
4816,1204.0,topo,gyrase,0.25
4816,1204.0,RNAP,RNAP,1.0
4816,1204.0,mRNA,tetA,15.0
4816,1204.0,mRNA,Raspberry,2.0
4816,1204.0,mRNA,mKalama1,1.0
4817,1204.25,topo,topoI,0.25
4817,1204.25,topo,gyrase,0.25
4817,1204.25,RNAP,RNAP,1.0
4817,1204.25,mRNA,tetA,15.0
4817,1204.25,mRNA,Raspberry,2.0
4817,1204.25,mRNA,mKalama1,1.0
4818,1204.5,topo,topoI,0.25
4818,1204.5,topo,gyrase,0.25
4818,1204.5,RNAP,RNAP,1.0
4818,1204.5,mRNA,tetA,15.0
4818,1204.5,mRNA,Raspberry,2.0
4818,1204.5,mRNA,mKalama1,1.0
4819,1204.75,topo,topoI,0.25
4819,1204.75,topo,gyrase,0.25
4819,1204.75,RNAP,RNAP,1.0
4819,1204.75,mRNA,tetA,15.0
4819,1204.75,mRNA,Raspberry,2.0
4819,1204.75,mRNA,mKalama1,1.0
4820,1205.0,topo,topoI,0.25
4820,1205.0,topo,gyrase,0.25
4820,1205.0,RNAP,RNAP,1.0
4820,1205.0,mRNA,tetA,15.0
4820,1205.0,mRNA,Raspberry,2.0
4820,1205.0,mRNA,mKalama1,1.0
4821,1205.25,topo,topoI,0.25
4821,1205.25,topo,gyrase,0.25
4821,1205.25,RNAP,RNAP,1.0
4821,1205.25,mRNA,tetA,15.0
4821,1205.25,mRNA,Raspberry,2.0
4821,1205.25,mRNA,mKalama1,1.0
4822,1205.5,topo,topoI,0.25
4822,1205.5,topo,gyrase,0.25
4822,1205.5,RNAP,RNAP,1.0
4822,1205.5,mRNA,tetA,15.0
4822,1205.5,mRNA,Raspberry,2.0
4822,1205.5,mRNA,mKalama1,1.0
4823,1205.75,topo,topoI,0.25
4823,1205.75,topo,gyrase,0.25
4823,1205.75,RNAP,RNAP,1.0
4823,1205.75,mRNA,tetA,15.0
4823,1205.75,mRNA,Raspberry,2.0
4823,1205.75,mRNA,mKalama1,1.0
4824,1206.0,topo,topoI,0.25
4824,1206.0,topo,gyrase,0.25
4824,1206.0,RNAP,RNAP,1.0
4824,1206.0,mRNA,tetA,15.0
4824,1206.0,mRNA,Raspberry,2.0
4824,1206.0,mRNA,mKalama1,1.0
4825,1206.25,topo,topoI,0.25
4825,1206.25,topo,gyrase,0.25
4825,1206.25,RNAP,RNAP,1.0
4825,1206.25,mRNA,tetA,15.0
4825,1206.25,mRNA,Raspberry,2.0
4825,1206.25,mRNA,mKalama1,1.0
4826,1206.5,topo,topoI,0.25
4826,1206.5,topo,gyrase,0.25
4826,1206.5,RNAP,RNAP,1.0
4826,1206.5,mRNA,tetA,15.0
4826,1206.5,mRNA,Raspberry,2.0
4826,1206.5,mRNA,mKalama1,1.0
4827,1206.75,topo,topoI,0.25
4827,1206.75,topo,gyrase,0.25
4827,1206.75,RNAP,RNAP,1.0
4827,1206.75,mRNA,tetA,15.0
4827,1206.75,mRNA,Raspberry,2.0
4827,1206.75,mRNA,mKalama1,1.0
4828,1207.0,topo,topoI,0.25
4828,1207.0,topo,gyrase,0.25
4828,1207.0,RNAP,RNAP,1.0
4828,1207.0,mRNA,tetA,15.0
4828,1207.0,mRNA,Raspberry,2.0
4828,1207.0,mRNA,mKalama1,1.0
4829,1207.25,topo,topoI,0.25
4829,1207.25,topo,gyrase,0.25
4829,1207.25,RNAP,RNAP,1.0
4829,1207.25,mRNA,tetA,15.0
4829,1207.25,mRNA,Raspberry,2.0
4829,1207.25,mRNA,mKalama1,1.0
4830,1207.5,topo,topoI,0.25
4830,1207.5,topo,gyrase,0.25
4830,1207.5,RNAP,RNAP,1.0
4830,1207.5,mRNA,tetA,15.0
4830,1207.5,mRNA,Raspberry,2.0
4830,1207.5,mRNA,mKalama1,1.0
4831,1207.75,topo,topoI,0.25
4831,1207.75,topo,gyrase,0.25
4831,1207.75,RNAP,RNAP,1.0
4831,1207.75,mRNA,tetA,15.0
4831,1207.75,mRNA,Raspberry,2.0
4831,1207.75,mRNA,mKalama1,1.0
4832,1208.0,topo,topoI,0.25
4832,1208.0,topo,gyrase,0.25
4832,1208.0,RNAP,RNAP,1.0
4832,1208.0,mRNA,tetA,15.0
4832,1208.0,mRNA,Raspberry,2.0
4832,1208.0,mRNA,mKalama1,1.0
4833,1208.25,topo,topoI,0.25
4833,1208.25,topo,gyrase,0.25
4833,1208.25,RNAP,RNAP,1.0
4833,1208.25,mRNA,tetA,15.0
4833,1208.25,mRNA,Raspberry,2.0
4833,1208.25,mRNA,mKalama1,1.0
4834,1208.5,topo,topoI,0.25
4834,1208.5,topo,gyrase,0.25
4834,1208.5,RNAP,RNAP,1.0
4834,1208.5,mRNA,tetA,15.0
4834,1208.5,mRNA,Raspberry,2.0
4834,1208.5,mRNA,mKalama1,1.0
4835,1208.75,topo,topoI,0.25
4835,1208.75,topo,gyrase,0.25
4835,1208.75,RNAP,RNAP,1.0
4835,1208.75,mRNA,tetA,15.0
4835,1208.75,mRNA,Raspberry,2.0
4835,1208.75,mRNA,mKalama1,1.0
4836,1209.0,topo,topoI,0.25
4836,1209.0,topo,gyrase,0.25
4836,1209.0,RNAP,RNAP,1.0
4836,1209.0,mRNA,tetA,15.0
4836,1209.0,mRNA,Raspberry,2.0
4836,1209.0,mRNA,mKalama1,1.0
4837,1209.25,topo,topoI,0.25
4837,1209.25,topo,gyrase,0.25
4837,1209.25,RNAP,RNAP,1.0
4837,1209.25,mRNA,tetA,15.0
4837,1209.25,mRNA,Raspberry,2.0
4837,1209.25,mRNA,mKalama1,1.0
4838,1209.5,topo,topoI,0.25
4838,1209.5,topo,gyrase,0.25
4838,1209.5,RNAP,RNAP,1.0
4838,1209.5,mRNA,tetA,15.0
4838,1209.5,mRNA,Raspberry,2.0
4838,1209.5,mRNA,mKalama1,1.0
4839,1209.75,topo,topoI,0.25
4839,1209.75,topo,gyrase,0.25
4839,1209.75,RNAP,RNAP,1.0
4839,1209.75,mRNA,tetA,15.0
4839,1209.75,mRNA,Raspberry,2.0
4839,1209.75,mRNA,mKalama1,1.0
4840,1210.0,topo,topoI,0.25
4840,1210.0,topo,gyrase,0.25
4840,1210.0,RNAP,RNAP,1.0
4840,1210.0,mRNA,tetA,15.0
4840,1210.0,mRNA,Raspberry,2.0
4840,1210.0,mRNA,mKalama1,1.0
4841,1210.25,topo,topoI,0.25
4841,1210.25,topo,gyrase,0.25
4841,1210.25,RNAP,RNAP,1.0
4841,1210.25,mRNA,tetA,15.0
4841,1210.25,mRNA,Raspberry,2.0
4841,1210.25,mRNA,mKalama1,1.0
4842,1210.5,topo,topoI,0.25
4842,1210.5,topo,gyrase,0.25
4842,1210.5,RNAP,RNAP,1.0
4842,1210.5,mRNA,tetA,15.0
4842,1210.5,mRNA,Raspberry,2.0
4842,1210.5,mRNA,mKalama1,1.0
4843,1210.75,topo,topoI,0.25
4843,1210.75,topo,gyrase,0.25
4843,1210.75,RNAP,RNAP,1.0
4843,1210.75,mRNA,tetA,15.0
4843,1210.75,mRNA,Raspberry,2.0
4843,1210.75,mRNA,mKalama1,1.0
4844,1211.0,topo,topoI,0.25
4844,1211.0,topo,gyrase,0.25
4844,1211.0,RNAP,RNAP,1.0
4844,1211.0,mRNA,tetA,15.0
4844,1211.0,mRNA,Raspberry,2.0
4844,1211.0,mRNA,mKalama1,1.0
4845,1211.25,topo,topoI,0.25
4845,1211.25,topo,gyrase,0.25
4845,1211.25,RNAP,RNAP,1.0
4845,1211.25,mRNA,tetA,15.0
4845,1211.25,mRNA,Raspberry,2.0
4845,1211.25,mRNA,mKalama1,1.0
4846,1211.5,topo,topoI,0.25
4846,1211.5,topo,gyrase,0.25
4846,1211.5,RNAP,RNAP,1.0
4846,1211.5,mRNA,tetA,15.0
4846,1211.5,mRNA,Raspberry,2.0
4846,1211.5,mRNA,mKalama1,1.0
4847,1211.75,topo,topoI,0.25
4847,1211.75,topo,gyrase,0.25
4847,1211.75,RNAP,RNAP,1.0
4847,1211.75,mRNA,tetA,15.0
4847,1211.75,mRNA,Raspberry,2.0
4847,1211.75,mRNA,mKalama1,1.0
4848,1212.0,topo,topoI,0.25
4848,1212.0,topo,gyrase,0.25
4848,1212.0,RNAP,RNAP,1.0
4848,1212.0,mRNA,tetA,15.0
4848,1212.0,mRNA,Raspberry,2.0
4848,1212.0,mRNA,mKalama1,1.0
4849,1212.25,topo,topoI,0.25
4849,1212.25,topo,gyrase,0.25
4849,1212.25,RNAP,RNAP,1.0
4849,1212.25,mRNA,tetA,15.0
4849,1212.25,mRNA,Raspberry,2.0
4849,1212.25,mRNA,mKalama1,1.0
4850,1212.5,topo,topoI,0.25
4850,1212.5,topo,gyrase,0.25
4850,1212.5,RNAP,RNAP,1.0
4850,1212.5,mRNA,tetA,15.0
4850,1212.5,mRNA,Raspberry,2.0
4850,1212.5,mRNA,mKalama1,1.0
4851,1212.75,topo,topoI,0.25
4851,1212.75,topo,gyrase,0.25
4851,1212.75,RNAP,RNAP,1.0
4851,1212.75,mRNA,tetA,15.0
4851,1212.75,mRNA,Raspberry,2.0
4851,1212.75,mRNA,mKalama1,1.0
4852,1213.0,topo,topoI,0.25
4852,1213.0,topo,gyrase,0.25
4852,1213.0,RNAP,RNAP,1.0
4852,1213.0,mRNA,tetA,15.0
4852,1213.0,mRNA,Raspberry,2.0
4852,1213.0,mRNA,mKalama1,1.0
4853,1213.25,topo,topoI,0.25
4853,1213.25,topo,gyrase,0.25
4853,1213.25,RNAP,RNAP,1.0
4853,1213.25,mRNA,tetA,15.0
4853,1213.25,mRNA,Raspberry,2.0
4853,1213.25,mRNA,mKalama1,1.0
4854,1213.5,topo,topoI,0.25
4854,1213.5,topo,gyrase,0.25
4854,1213.5,RNAP,RNAP,1.0
4854,1213.5,mRNA,tetA,15.0
4854,1213.5,mRNA,Raspberry,2.0
4854,1213.5,mRNA,mKalama1,1.0
4855,1213.75,topo,topoI,0.25
4855,1213.75,topo,gyrase,0.25
4855,1213.75,RNAP,RNAP,1.0
4855,1213.75,mRNA,tetA,15.0
4855,1213.75,mRNA,Raspberry,2.0
4855,1213.75,mRNA,mKalama1,1.0
4856,1214.0,topo,topoI,0.25
4856,1214.0,topo,gyrase,0.25
4856,1214.0,RNAP,RNAP,1.0
4856,1214.0,mRNA,tetA,15.0
4856,1214.0,mRNA,Raspberry,2.0
4856,1214.0,mRNA,mKalama1,1.0
4857,1214.25,topo,topoI,0.25
4857,1214.25,topo,gyrase,0.25
4857,1214.25,RNAP,RNAP,1.0
4857,1214.25,mRNA,tetA,15.0
4857,1214.25,mRNA,Raspberry,2.0
4857,1214.25,mRNA,mKalama1,1.0
4858,1214.5,topo,topoI,0.25
4858,1214.5,topo,gyrase,0.25
4858,1214.5,RNAP,RNAP,1.0
4858,1214.5,mRNA,tetA,15.0
4858,1214.5,mRNA,Raspberry,2.0
4858,1214.5,mRNA,mKalama1,1.0
4859,1214.75,topo,topoI,0.25
4859,1214.75,topo,gyrase,0.25
4859,1214.75,RNAP,RNAP,1.0
4859,1214.75,mRNA,tetA,15.0
4859,1214.75,mRNA,Raspberry,2.0
4859,1214.75,mRNA,mKalama1,1.0
4860,1215.0,topo,topoI,0.25
4860,1215.0,topo,gyrase,0.25
4860,1215.0,RNAP,RNAP,1.0
4860,1215.0,mRNA,tetA,15.0
4860,1215.0,mRNA,Raspberry,2.0
4860,1215.0,mRNA,mKalama1,1.0
4861,1215.25,topo,topoI,0.25
4861,1215.25,topo,gyrase,0.25
4861,1215.25,RNAP,RNAP,1.0
4861,1215.25,mRNA,tetA,15.0
4861,1215.25,mRNA,Raspberry,2.0
4861,1215.25,mRNA,mKalama1,1.0
4862,1215.5,topo,topoI,0.25
4862,1215.5,topo,gyrase,0.25
4862,1215.5,RNAP,RNAP,1.0
4862,1215.5,mRNA,tetA,15.0
4862,1215.5,mRNA,Raspberry,2.0
4862,1215.5,mRNA,mKalama1,1.0
4863,1215.75,topo,topoI,0.25
4863,1215.75,topo,gyrase,0.25
4863,1215.75,RNAP,RNAP,1.0
4863,1215.75,mRNA,tetA,15.0
4863,1215.75,mRNA,Raspberry,2.0
4863,1215.75,mRNA,mKalama1,1.0
4864,1216.0,topo,topoI,0.25
4864,1216.0,topo,gyrase,0.25
4864,1216.0,RNAP,RNAP,1.0
4864,1216.0,mRNA,tetA,15.0
4864,1216.0,mRNA,Raspberry,2.0
4864,1216.0,mRNA,mKalama1,1.0
4865,1216.25,topo,topoI,0.25
4865,1216.25,topo,gyrase,0.25
4865,1216.25,RNAP,RNAP,1.0
4865,1216.25,mRNA,tetA,15.0
4865,1216.25,mRNA,Raspberry,2.0
4865,1216.25,mRNA,mKalama1,1.0
4866,1216.5,topo,topoI,0.25
4866,1216.5,topo,gyrase,0.25
4866,1216.5,RNAP,RNAP,1.0
4866,1216.5,mRNA,tetA,15.0
4866,1216.5,mRNA,Raspberry,2.0
4866,1216.5,mRNA,mKalama1,1.0
4867,1216.75,topo,topoI,0.25
4867,1216.75,topo,gyrase,0.25
4867,1216.75,RNAP,RNAP,1.0
4867,1216.75,mRNA,tetA,15.0
4867,1216.75,mRNA,Raspberry,2.0
4867,1216.75,mRNA,mKalama1,1.0
4868,1217.0,topo,topoI,0.25
4868,1217.0,topo,gyrase,0.25
4868,1217.0,RNAP,RNAP,1.0
4868,1217.0,mRNA,tetA,15.0
4868,1217.0,mRNA,Raspberry,2.0
4868,1217.0,mRNA,mKalama1,1.0
4869,1217.25,topo,topoI,0.25
4869,1217.25,topo,gyrase,0.25
4869,1217.25,RNAP,RNAP,1.0
4869,1217.25,mRNA,tetA,15.0
4869,1217.25,mRNA,Raspberry,2.0
4869,1217.25,mRNA,mKalama1,1.0
4870,1217.5,topo,topoI,0.25
4870,1217.5,topo,gyrase,0.25
4870,1217.5,RNAP,RNAP,1.0
4870,1217.5,mRNA,tetA,15.0
4870,1217.5,mRNA,Raspberry,2.0
4870,1217.5,mRNA,mKalama1,1.0
4871,1217.75,topo,topoI,0.25
4871,1217.75,topo,gyrase,0.25
4871,1217.75,RNAP,RNAP,1.0
4871,1217.75,mRNA,tetA,15.0
4871,1217.75,mRNA,Raspberry,2.0
4871,1217.75,mRNA,mKalama1,1.0
4872,1218.0,topo,topoI,0.25
4872,1218.0,topo,gyrase,0.25
4872,1218.0,RNAP,RNAP,1.0
4872,1218.0,mRNA,tetA,15.0
4872,1218.0,mRNA,Raspberry,2.0
4872,1218.0,mRNA,mKalama1,1.0
4873,1218.25,topo,topoI,0.25
4873,1218.25,topo,gyrase,0.25
4873,1218.25,RNAP,RNAP,1.0
4873,1218.25,mRNA,tetA,15.0
4873,1218.25,mRNA,Raspberry,2.0
4873,1218.25,mRNA,mKalama1,1.0
4874,1218.5,topo,topoI,0.25
4874,1218.5,topo,gyrase,0.25
4874,1218.5,RNAP,RNAP,1.0
4874,1218.5,mRNA,tetA,15.0
4874,1218.5,mRNA,Raspberry,2.0
4874,1218.5,mRNA,mKalama1,1.0
4875,1218.75,topo,topoI,0.25
4875,1218.75,topo,gyrase,0.25
4875,1218.75,RNAP,RNAP,1.0
4875,1218.75,mRNA,tetA,15.0
4875,1218.75,mRNA,Raspberry,2.0
4875,1218.75,mRNA,mKalama1,1.0
4876,1219.0,topo,topoI,0.25
4876,1219.0,topo,gyrase,0.25
4876,1219.0,RNAP,RNAP,1.0
4876,1219.0,mRNA,tetA,15.0
4876,1219.0,mRNA,Raspberry,2.0
4876,1219.0,mRNA,mKalama1,1.0
4877,1219.25,topo,topoI,0.25
4877,1219.25,topo,gyrase,0.25
4877,1219.25,RNAP,RNAP,1.0
4877,1219.25,mRNA,tetA,15.0
4877,1219.25,mRNA,Raspberry,2.0
4877,1219.25,mRNA,mKalama1,1.0
4878,1219.5,topo,topoI,0.25
4878,1219.5,topo,gyrase,0.25
4878,1219.5,RNAP,RNAP,1.0
4878,1219.5,mRNA,tetA,15.0
4878,1219.5,mRNA,Raspberry,2.0
4878,1219.5,mRNA,mKalama1,1.0
4879,1219.75,topo,topoI,0.25
4879,1219.75,topo,gyrase,0.25
4879,1219.75,RNAP,RNAP,1.0
4879,1219.75,mRNA,tetA,15.0
4879,1219.75,mRNA,Raspberry,2.0
4879,1219.75,mRNA,mKalama1,1.0
4880,1220.0,topo,topoI,0.25
4880,1220.0,topo,gyrase,0.25
4880,1220.0,RNAP,RNAP,1.0
4880,1220.0,mRNA,tetA,15.0
4880,1220.0,mRNA,Raspberry,2.0
4880,1220.0,mRNA,mKalama1,1.0
4881,1220.25,topo,topoI,0.25
4881,1220.25,topo,gyrase,0.25
4881,1220.25,RNAP,RNAP,1.0
4881,1220.25,mRNA,tetA,15.0
4881,1220.25,mRNA,Raspberry,2.0
4881,1220.25,mRNA,mKalama1,1.0
4882,1220.5,topo,topoI,0.25
4882,1220.5,topo,gyrase,0.25
4882,1220.5,RNAP,RNAP,1.0
4882,1220.5,mRNA,tetA,15.0
4882,1220.5,mRNA,Raspberry,2.0
4882,1220.5,mRNA,mKalama1,1.0
4883,1220.75,topo,topoI,0.25
4883,1220.75,topo,gyrase,0.25
4883,1220.75,RNAP,RNAP,1.0
4883,1220.75,mRNA,tetA,15.0
4883,1220.75,mRNA,Raspberry,2.0
4883,1220.75,mRNA,mKalama1,1.0
4884,1221.0,topo,topoI,0.25
4884,1221.0,topo,gyrase,0.25
4884,1221.0,RNAP,RNAP,1.0
4884,1221.0,mRNA,tetA,15.0
4884,1221.0,mRNA,Raspberry,2.0
4884,1221.0,mRNA,mKalama1,1.0
4885,1221.25,topo,topoI,0.25
4885,1221.25,topo,gyrase,0.25
4885,1221.25,RNAP,RNAP,1.0
4885,1221.25,mRNA,tetA,15.0
4885,1221.25,mRNA,Raspberry,2.0
4885,1221.25,mRNA,mKalama1,1.0
4886,1221.5,topo,topoI,0.25
4886,1221.5,topo,gyrase,0.25
4886,1221.5,RNAP,RNAP,1.0
4886,1221.5,mRNA,tetA,15.0
4886,1221.5,mRNA,Raspberry,2.0
4886,1221.5,mRNA,mKalama1,1.0
4887,1221.75,topo,topoI,0.25
4887,1221.75,topo,gyrase,0.25
4887,1221.75,RNAP,RNAP,1.0
4887,1221.75,mRNA,tetA,15.0
4887,1221.75,mRNA,Raspberry,2.0
4887,1221.75,mRNA,mKalama1,1.0
4888,1222.0,topo,topoI,0.25
4888,1222.0,topo,gyrase,0.25
4888,1222.0,RNAP,RNAP,1.0
4888,1222.0,mRNA,tetA,15.0
4888,1222.0,mRNA,Raspberry,2.0
4888,1222.0,mRNA,mKalama1,1.0
4889,1222.25,topo,topoI,0.25
4889,1222.25,topo,gyrase,0.25
4889,1222.25,RNAP,RNAP,1.0
4889,1222.25,mRNA,tetA,15.0
4889,1222.25,mRNA,Raspberry,2.0
4889,1222.25,mRNA,mKalama1,1.0
4890,1222.5,topo,topoI,0.25
4890,1222.5,topo,gyrase,0.25
4890,1222.5,RNAP,RNAP,1.0
4890,1222.5,mRNA,tetA,15.0
4890,1222.5,mRNA,Raspberry,2.0
4890,1222.5,mRNA,mKalama1,1.0
4891,1222.75,topo,topoI,0.25
4891,1222.75,topo,gyrase,0.25
4891,1222.75,RNAP,RNAP,1.0
4891,1222.75,mRNA,tetA,15.0
4891,1222.75,mRNA,Raspberry,2.0
4891,1222.75,mRNA,mKalama1,1.0
4892,1223.0,topo,topoI,0.25
4892,1223.0,topo,gyrase,0.25
4892,1223.0,RNAP,RNAP,1.0
4892,1223.0,mRNA,tetA,15.0
4892,1223.0,mRNA,Raspberry,2.0
4892,1223.0,mRNA,mKalama1,1.0
4893,1223.25,topo,topoI,0.25
4893,1223.25,topo,gyrase,0.25
4893,1223.25,RNAP,RNAP,1.0
4893,1223.25,mRNA,tetA,15.0
4893,1223.25,mRNA,Raspberry,2.0
4893,1223.25,mRNA,mKalama1,1.0
4894,1223.5,topo,topoI,0.25
4894,1223.5,topo,gyrase,0.25
4894,1223.5,RNAP,RNAP,1.0
4894,1223.5,mRNA,tetA,15.0
4894,1223.5,mRNA,Raspberry,2.0
4894,1223.5,mRNA,mKalama1,1.0
4895,1223.75,topo,topoI,0.25
4895,1223.75,topo,gyrase,0.25
4895,1223.75,RNAP,RNAP,1.0
4895,1223.75,mRNA,tetA,15.0
4895,1223.75,mRNA,Raspberry,2.0
4895,1223.75,mRNA,mKalama1,1.0
4896,1224.0,topo,topoI,0.25
4896,1224.0,topo,gyrase,0.25
4896,1224.0,RNAP,RNAP,1.0
4896,1224.0,mRNA,tetA,15.0
4896,1224.0,mRNA,Raspberry,2.0
4896,1224.0,mRNA,mKalama1,1.0
4897,1224.25,topo,topoI,0.25
4897,1224.25,topo,gyrase,0.25
4897,1224.25,RNAP,RNAP,1.0
4897,1224.25,mRNA,tetA,15.0
4897,1224.25,mRNA,Raspberry,2.0
4897,1224.25,mRNA,mKalama1,1.0
4898,1224.5,topo,topoI,0.25
4898,1224.5,topo,gyrase,0.25
4898,1224.5,RNAP,RNAP,1.0
4898,1224.5,mRNA,tetA,15.0
4898,1224.5,mRNA,Raspberry,2.0
4898,1224.5,mRNA,mKalama1,1.0
4899,1224.75,topo,topoI,0.25
4899,1224.75,topo,gyrase,0.25
4899,1224.75,RNAP,RNAP,1.0
4899,1224.75,mRNA,tetA,15.0
4899,1224.75,mRNA,Raspberry,2.0
4899,1224.75,mRNA,mKalama1,1.0
4900,1225.0,topo,topoI,0.25
4900,1225.0,topo,gyrase,0.25
4900,1225.0,RNAP,RNAP,1.0
4900,1225.0,mRNA,tetA,15.0
4900,1225.0,mRNA,Raspberry,2.0
4900,1225.0,mRNA,mKalama1,1.0
4901,1225.25,topo,topoI,0.25
4901,1225.25,topo,gyrase,0.25
4901,1225.25,RNAP,RNAP,1.0
4901,1225.25,mRNA,tetA,15.0
4901,1225.25,mRNA,Raspberry,2.0
4901,1225.25,mRNA,mKalama1,1.0
4902,1225.5,topo,topoI,0.25
4902,1225.5,topo,gyrase,0.25
4902,1225.5,RNAP,RNAP,1.0
4902,1225.5,mRNA,tetA,15.0
4902,1225.5,mRNA,Raspberry,2.0
4902,1225.5,mRNA,mKalama1,1.0
4903,1225.75,topo,topoI,0.25
4903,1225.75,topo,gyrase,0.25
4903,1225.75,RNAP,RNAP,1.0
4903,1225.75,mRNA,tetA,15.0
4903,1225.75,mRNA,Raspberry,2.0
4903,1225.75,mRNA,mKalama1,1.0
4904,1226.0,topo,topoI,0.25
4904,1226.0,topo,gyrase,0.25
4904,1226.0,RNAP,RNAP,1.0
4904,1226.0,mRNA,tetA,15.0
4904,1226.0,mRNA,Raspberry,2.0
4904,1226.0,mRNA,mKalama1,1.0
4905,1226.25,topo,topoI,0.25
4905,1226.25,topo,gyrase,0.25
4905,1226.25,RNAP,RNAP,1.0
4905,1226.25,mRNA,tetA,15.0
4905,1226.25,mRNA,Raspberry,2.0
4905,1226.25,mRNA,mKalama1,1.0
4906,1226.5,topo,topoI,0.25
4906,1226.5,topo,gyrase,0.25
4906,1226.5,RNAP,RNAP,1.0
4906,1226.5,mRNA,tetA,15.0
4906,1226.5,mRNA,Raspberry,2.0
4906,1226.5,mRNA,mKalama1,1.0
4907,1226.75,topo,topoI,0.25
4907,1226.75,topo,gyrase,0.25
4907,1226.75,RNAP,RNAP,1.0
4907,1226.75,mRNA,tetA,15.0
4907,1226.75,mRNA,Raspberry,2.0
4907,1226.75,mRNA,mKalama1,1.0
4908,1227.0,topo,topoI,0.25
4908,1227.0,topo,gyrase,0.25
4908,1227.0,RNAP,RNAP,1.0
4908,1227.0,mRNA,tetA,15.0
4908,1227.0,mRNA,Raspberry,2.0
4908,1227.0,mRNA,mKalama1,1.0
4909,1227.25,topo,topoI,0.25
4909,1227.25,topo,gyrase,0.25
4909,1227.25,RNAP,RNAP,1.0
4909,1227.25,mRNA,tetA,15.0
4909,1227.25,mRNA,Raspberry,2.0
4909,1227.25,mRNA,mKalama1,1.0
4910,1227.5,topo,topoI,0.25
4910,1227.5,topo,gyrase,0.25
4910,1227.5,RNAP,RNAP,1.0
4910,1227.5,mRNA,tetA,15.0
4910,1227.5,mRNA,Raspberry,2.0
4910,1227.5,mRNA,mKalama1,1.0
4911,1227.75,topo,topoI,0.25
4911,1227.75,topo,gyrase,0.25
4911,1227.75,RNAP,RNAP,1.0
4911,1227.75,mRNA,tetA,15.0
4911,1227.75,mRNA,Raspberry,2.0
4911,1227.75,mRNA,mKalama1,1.0
4912,1228.0,topo,topoI,0.25
4912,1228.0,topo,gyrase,0.25
4912,1228.0,RNAP,RNAP,1.0
4912,1228.0,mRNA,tetA,15.0
4912,1228.0,mRNA,Raspberry,2.0
4912,1228.0,mRNA,mKalama1,1.0
4913,1228.25,topo,topoI,0.25
4913,1228.25,topo,gyrase,0.25
4913,1228.25,RNAP,RNAP,1.0
4913,1228.25,mRNA,tetA,15.0
4913,1228.25,mRNA,Raspberry,2.0
4913,1228.25,mRNA,mKalama1,1.0
4914,1228.5,topo,topoI,0.25
4914,1228.5,topo,gyrase,0.25
4914,1228.5,RNAP,RNAP,1.0
4914,1228.5,mRNA,tetA,15.0
4914,1228.5,mRNA,Raspberry,2.0
4914,1228.5,mRNA,mKalama1,1.0
4915,1228.75,topo,topoI,0.25
4915,1228.75,topo,gyrase,0.25
4915,1228.75,RNAP,RNAP,1.0
4915,1228.75,mRNA,tetA,15.0
4915,1228.75,mRNA,Raspberry,2.0
4915,1228.75,mRNA,mKalama1,1.0
4916,1229.0,topo,topoI,0.25
4916,1229.0,topo,gyrase,0.25
4916,1229.0,RNAP,RNAP,1.0
4916,1229.0,mRNA,tetA,15.0
4916,1229.0,mRNA,Raspberry,2.0
4916,1229.0,mRNA,mKalama1,1.0
4917,1229.25,topo,topoI,0.25
4917,1229.25,topo,gyrase,0.25
4917,1229.25,RNAP,RNAP,1.0
4917,1229.25,mRNA,tetA,15.0
4917,1229.25,mRNA,Raspberry,2.0
4917,1229.25,mRNA,mKalama1,1.0
4918,1229.5,topo,topoI,0.25
4918,1229.5,topo,gyrase,0.25
4918,1229.5,RNAP,RNAP,1.0
4918,1229.5,mRNA,tetA,15.0
4918,1229.5,mRNA,Raspberry,2.0
4918,1229.5,mRNA,mKalama1,1.0
4919,1229.75,topo,topoI,0.25
4919,1229.75,topo,gyrase,0.25
4919,1229.75,RNAP,RNAP,1.0
4919,1229.75,mRNA,tetA,15.0
4919,1229.75,mRNA,Raspberry,2.0
4919,1229.75,mRNA,mKalama1,1.0
4920,1230.0,topo,topoI,0.25
4920,1230.0,topo,gyrase,0.25
4920,1230.0,RNAP,RNAP,1.0
4920,1230.0,mRNA,tetA,15.0
4920,1230.0,mRNA,Raspberry,2.0
4920,1230.0,mRNA,mKalama1,1.0
4921,1230.25,topo,topoI,0.25
4921,1230.25,topo,gyrase,0.25
4921,1230.25,RNAP,RNAP,1.0
4921,1230.25,mRNA,tetA,15.0
4921,1230.25,mRNA,Raspberry,2.0
4921,1230.25,mRNA,mKalama1,1.0
4922,1230.5,topo,topoI,0.25
4922,1230.5,topo,gyrase,0.25
4922,1230.5,RNAP,RNAP,1.0
4922,1230.5,mRNA,tetA,15.0
4922,1230.5,mRNA,Raspberry,2.0
4922,1230.5,mRNA,mKalama1,1.0
4923,1230.75,topo,topoI,0.25
4923,1230.75,topo,gyrase,0.25
4923,1230.75,RNAP,RNAP,1.0
4923,1230.75,mRNA,tetA,15.0
4923,1230.75,mRNA,Raspberry,2.0
4923,1230.75,mRNA,mKalama1,1.0
4924,1231.0,topo,topoI,0.25
4924,1231.0,topo,gyrase,0.25
4924,1231.0,RNAP,RNAP,1.0
4924,1231.0,mRNA,tetA,15.0
4924,1231.0,mRNA,Raspberry,2.0
4924,1231.0,mRNA,mKalama1,1.0
4925,1231.25,topo,topoI,0.25
4925,1231.25,topo,gyrase,0.25
4925,1231.25,RNAP,RNAP,1.0
4925,1231.25,mRNA,tetA,15.0
4925,1231.25,mRNA,Raspberry,2.0
4925,1231.25,mRNA,mKalama1,1.0
4926,1231.5,topo,topoI,0.25
4926,1231.5,topo,gyrase,0.25
4926,1231.5,RNAP,RNAP,1.0
4926,1231.5,mRNA,tetA,15.0
4926,1231.5,mRNA,Raspberry,2.0
4926,1231.5,mRNA,mKalama1,1.0
4927,1231.75,topo,topoI,0.25
4927,1231.75,topo,gyrase,0.25
4927,1231.75,RNAP,RNAP,1.0
4927,1231.75,mRNA,tetA,15.0
4927,1231.75,mRNA,Raspberry,2.0
4927,1231.75,mRNA,mKalama1,1.0
4928,1232.0,topo,topoI,0.25
4928,1232.0,topo,gyrase,0.25
4928,1232.0,RNAP,RNAP,1.0
4928,1232.0,mRNA,tetA,15.0
4928,1232.0,mRNA,Raspberry,2.0
4928,1232.0,mRNA,mKalama1,1.0
4929,1232.25,topo,topoI,0.25
4929,1232.25,topo,gyrase,0.25
4929,1232.25,RNAP,RNAP,1.0
4929,1232.25,mRNA,tetA,15.0
4929,1232.25,mRNA,Raspberry,2.0
4929,1232.25,mRNA,mKalama1,1.0
4930,1232.5,topo,topoI,0.25
4930,1232.5,topo,gyrase,0.25
4930,1232.5,RNAP,RNAP,1.0
4930,1232.5,mRNA,tetA,15.0
4930,1232.5,mRNA,Raspberry,2.0
4930,1232.5,mRNA,mKalama1,1.0
4931,1232.75,topo,topoI,0.25
4931,1232.75,topo,gyrase,0.25
4931,1232.75,RNAP,RNAP,1.0
4931,1232.75,mRNA,tetA,15.0
4931,1232.75,mRNA,Raspberry,2.0
4931,1232.75,mRNA,mKalama1,1.0
4932,1233.0,topo,topoI,0.25
4932,1233.0,topo,gyrase,0.25
4932,1233.0,RNAP,RNAP,1.0
4932,1233.0,mRNA,tetA,15.0
4932,1233.0,mRNA,Raspberry,2.0
4932,1233.0,mRNA,mKalama1,1.0
4933,1233.25,topo,topoI,0.25
4933,1233.25,topo,gyrase,0.25
4933,1233.25,RNAP,RNAP,1.0
4933,1233.25,mRNA,tetA,15.0
4933,1233.25,mRNA,Raspberry,2.0
4933,1233.25,mRNA,mKalama1,1.0
4934,1233.5,topo,topoI,0.25
4934,1233.5,topo,gyrase,0.25
4934,1233.5,RNAP,RNAP,1.0
4934,1233.5,mRNA,tetA,15.0
4934,1233.5,mRNA,Raspberry,2.0
4934,1233.5,mRNA,mKalama1,1.0
4935,1233.75,topo,topoI,0.25
4935,1233.75,topo,gyrase,0.25
4935,1233.75,RNAP,RNAP,1.0
4935,1233.75,mRNA,tetA,15.0
4935,1233.75,mRNA,Raspberry,2.0
4935,1233.75,mRNA,mKalama1,1.0
4936,1234.0,topo,topoI,0.25
4936,1234.0,topo,gyrase,0.25
4936,1234.0,RNAP,RNAP,1.0
4936,1234.0,mRNA,tetA,15.0
4936,1234.0,mRNA,Raspberry,2.0
4936,1234.0,mRNA,mKalama1,1.0
4937,1234.25,topo,topoI,0.25
4937,1234.25,topo,gyrase,0.25
4937,1234.25,RNAP,RNAP,1.0
4937,1234.25,mRNA,tetA,15.0
4937,1234.25,mRNA,Raspberry,2.0
4937,1234.25,mRNA,mKalama1,1.0
4938,1234.5,topo,topoI,0.25
4938,1234.5,topo,gyrase,0.25
4938,1234.5,RNAP,RNAP,1.0
4938,1234.5,mRNA,tetA,15.0
4938,1234.5,mRNA,Raspberry,2.0
4938,1234.5,mRNA,mKalama1,1.0
4939,1234.75,topo,topoI,0.25
4939,1234.75,topo,gyrase,0.25
4939,1234.75,RNAP,RNAP,1.0
4939,1234.75,mRNA,tetA,15.0
4939,1234.75,mRNA,Raspberry,2.0
4939,1234.75,mRNA,mKalama1,1.0
4940,1235.0,topo,topoI,0.25
4940,1235.0,topo,gyrase,0.25
4940,1235.0,RNAP,RNAP,1.0
4940,1235.0,mRNA,tetA,15.0
4940,1235.0,mRNA,Raspberry,2.0
4940,1235.0,mRNA,mKalama1,1.0
4941,1235.25,topo,topoI,0.25
4941,1235.25,topo,gyrase,0.25
4941,1235.25,RNAP,RNAP,1.0
4941,1235.25,mRNA,tetA,15.0
4941,1235.25,mRNA,Raspberry,2.0
4941,1235.25,mRNA,mKalama1,1.0
4942,1235.5,topo,topoI,0.25
4942,1235.5,topo,gyrase,0.25
4942,1235.5,RNAP,RNAP,1.0
4942,1235.5,mRNA,tetA,15.0
4942,1235.5,mRNA,Raspberry,2.0
4942,1235.5,mRNA,mKalama1,1.0
4943,1235.75,topo,topoI,0.25
4943,1235.75,topo,gyrase,0.25
4943,1235.75,RNAP,RNAP,1.0
4943,1235.75,mRNA,tetA,15.0
4943,1235.75,mRNA,Raspberry,2.0
4943,1235.75,mRNA,mKalama1,1.0
4944,1236.0,topo,topoI,0.25
4944,1236.0,topo,gyrase,0.25
4944,1236.0,RNAP,RNAP,1.0
4944,1236.0,mRNA,tetA,15.0
4944,1236.0,mRNA,Raspberry,2.0
4944,1236.0,mRNA,mKalama1,1.0
4945,1236.25,topo,topoI,0.25
4945,1236.25,topo,gyrase,0.25
4945,1236.25,RNAP,RNAP,1.0
4945,1236.25,mRNA,tetA,15.0
4945,1236.25,mRNA,Raspberry,2.0
4945,1236.25,mRNA,mKalama1,1.0
4946,1236.5,topo,topoI,0.25
4946,1236.5,topo,gyrase,0.25
4946,1236.5,RNAP,RNAP,1.0
4946,1236.5,mRNA,tetA,15.0
4946,1236.5,mRNA,Raspberry,2.0
4946,1236.5,mRNA,mKalama1,1.0
4947,1236.75,topo,topoI,0.25
4947,1236.75,topo,gyrase,0.25
4947,1236.75,RNAP,RNAP,1.0
4947,1236.75,mRNA,tetA,15.0
4947,1236.75,mRNA,Raspberry,2.0
4947,1236.75,mRNA,mKalama1,1.0
4948,1237.0,topo,topoI,0.25
4948,1237.0,topo,gyrase,0.25
4948,1237.0,RNAP,RNAP,1.0
4948,1237.0,mRNA,tetA,15.0
4948,1237.0,mRNA,Raspberry,2.0
4948,1237.0,mRNA,mKalama1,1.0
4949,1237.25,topo,topoI,0.25
4949,1237.25,topo,gyrase,0.25
4949,1237.25,RNAP,RNAP,1.0
4949,1237.25,mRNA,tetA,15.0
4949,1237.25,mRNA,Raspberry,2.0
4949,1237.25,mRNA,mKalama1,1.0
4950,1237.5,topo,topoI,0.25
4950,1237.5,topo,gyrase,0.25
4950,1237.5,RNAP,RNAP,1.0
4950,1237.5,mRNA,tetA,15.0
4950,1237.5,mRNA,Raspberry,2.0
4950,1237.5,mRNA,mKalama1,1.0
4951,1237.75,topo,topoI,0.25
4951,1237.75,topo,gyrase,0.25
4951,1237.75,RNAP,RNAP,1.0
4951,1237.75,mRNA,tetA,15.0
4951,1237.75,mRNA,Raspberry,2.0
4951,1237.75,mRNA,mKalama1,1.0
4952,1238.0,topo,topoI,0.25
4952,1238.0,topo,gyrase,0.25
4952,1238.0,RNAP,RNAP,1.0
4952,1238.0,mRNA,tetA,15.0
4952,1238.0,mRNA,Raspberry,2.0
4952,1238.0,mRNA,mKalama1,1.0
4953,1238.25,topo,topoI,0.25
4953,1238.25,topo,gyrase,0.25
4953,1238.25,RNAP,RNAP,1.0
4953,1238.25,mRNA,tetA,15.0
4953,1238.25,mRNA,Raspberry,2.0
4953,1238.25,mRNA,mKalama1,1.0
4954,1238.5,topo,topoI,0.25
4954,1238.5,topo,gyrase,0.25
4954,1238.5,RNAP,RNAP,1.0
4954,1238.5,mRNA,tetA,15.0
4954,1238.5,mRNA,Raspberry,2.0
4954,1238.5,mRNA,mKalama1,1.0
4955,1238.75,topo,topoI,0.25
4955,1238.75,topo,gyrase,0.25
4955,1238.75,RNAP,RNAP,1.0
4955,1238.75,mRNA,tetA,15.0
4955,1238.75,mRNA,Raspberry,2.0
4955,1238.75,mRNA,mKalama1,1.0
4956,1239.0,topo,topoI,0.25
4956,1239.0,topo,gyrase,0.25
4956,1239.0,RNAP,RNAP,1.0
4956,1239.0,mRNA,tetA,15.0
4956,1239.0,mRNA,Raspberry,2.0
4956,1239.0,mRNA,mKalama1,1.0
4957,1239.25,topo,topoI,0.25
4957,1239.25,topo,gyrase,0.25
4957,1239.25,RNAP,RNAP,1.0
4957,1239.25,mRNA,tetA,15.0
4957,1239.25,mRNA,Raspberry,2.0
4957,1239.25,mRNA,mKalama1,1.0
4958,1239.5,topo,topoI,0.25
4958,1239.5,topo,gyrase,0.25
4958,1239.5,RNAP,RNAP,1.0
4958,1239.5,mRNA,tetA,15.0
4958,1239.5,mRNA,Raspberry,2.0
4958,1239.5,mRNA,mKalama1,1.0
4959,1239.75,topo,topoI,0.25
4959,1239.75,topo,gyrase,0.25
4959,1239.75,RNAP,RNAP,1.0
4959,1239.75,mRNA,tetA,15.0
4959,1239.75,mRNA,Raspberry,2.0
4959,1239.75,mRNA,mKalama1,1.0
4960,1240.0,topo,topoI,0.25
4960,1240.0,topo,gyrase,0.25
4960,1240.0,RNAP,RNAP,1.0
4960,1240.0,mRNA,tetA,15.0
4960,1240.0,mRNA,Raspberry,2.0
4960,1240.0,mRNA,mKalama1,1.0
4961,1240.25,topo,topoI,0.25
4961,1240.25,topo,gyrase,0.25
4961,1240.25,RNAP,RNAP,1.0
4961,1240.25,mRNA,tetA,15.0
4961,1240.25,mRNA,Raspberry,2.0
4961,1240.25,mRNA,mKalama1,1.0
4962,1240.5,topo,topoI,0.25
4962,1240.5,topo,gyrase,0.25
4962,1240.5,RNAP,RNAP,1.0
4962,1240.5,mRNA,tetA,15.0
4962,1240.5,mRNA,Raspberry,2.0
4962,1240.5,mRNA,mKalama1,1.0
4963,1240.75,topo,topoI,0.25
4963,1240.75,topo,gyrase,0.25
4963,1240.75,RNAP,RNAP,1.0
4963,1240.75,mRNA,tetA,15.0
4963,1240.75,mRNA,Raspberry,2.0
4963,1240.75,mRNA,mKalama1,1.0
4964,1241.0,topo,topoI,0.25
4964,1241.0,topo,gyrase,0.25
4964,1241.0,RNAP,RNAP,1.0
4964,1241.0,mRNA,tetA,15.0
4964,1241.0,mRNA,Raspberry,2.0
4964,1241.0,mRNA,mKalama1,1.0
4965,1241.25,topo,topoI,0.25
4965,1241.25,topo,gyrase,0.25
4965,1241.25,RNAP,RNAP,1.0
4965,1241.25,mRNA,tetA,15.0
4965,1241.25,mRNA,Raspberry,2.0
4965,1241.25,mRNA,mKalama1,1.0
4966,1241.5,topo,topoI,0.25
4966,1241.5,topo,gyrase,0.25
4966,1241.5,RNAP,RNAP,1.0
4966,1241.5,mRNA,tetA,15.0
4966,1241.5,mRNA,Raspberry,2.0
4966,1241.5,mRNA,mKalama1,1.0
4967,1241.75,topo,topoI,0.25
4967,1241.75,topo,gyrase,0.25
4967,1241.75,RNAP,RNAP,1.0
4967,1241.75,mRNA,tetA,15.0
4967,1241.75,mRNA,Raspberry,2.0
4967,1241.75,mRNA,mKalama1,1.0
4968,1242.0,topo,topoI,0.25
4968,1242.0,topo,gyrase,0.25
4968,1242.0,RNAP,RNAP,1.0
4968,1242.0,mRNA,tetA,15.0
4968,1242.0,mRNA,Raspberry,2.0
4968,1242.0,mRNA,mKalama1,1.0
4969,1242.25,topo,topoI,0.25
4969,1242.25,topo,gyrase,0.25
4969,1242.25,RNAP,RNAP,1.0
4969,1242.25,mRNA,tetA,15.0
4969,1242.25,mRNA,Raspberry,2.0
4969,1242.25,mRNA,mKalama1,1.0
4970,1242.5,topo,topoI,0.25
4970,1242.5,topo,gyrase,0.25
4970,1242.5,RNAP,RNAP,1.0
4970,1242.5,mRNA,tetA,15.0
4970,1242.5,mRNA,Raspberry,2.0
4970,1242.5,mRNA,mKalama1,1.0
4971,1242.75,topo,topoI,0.25
4971,1242.75,topo,gyrase,0.25
4971,1242.75,RNAP,RNAP,1.0
4971,1242.75,mRNA,tetA,15.0
4971,1242.75,mRNA,Raspberry,2.0
4971,1242.75,mRNA,mKalama1,1.0
4972,1243.0,topo,topoI,0.25
4972,1243.0,topo,gyrase,0.25
4972,1243.0,RNAP,RNAP,1.0
4972,1243.0,mRNA,tetA,15.0
4972,1243.0,mRNA,Raspberry,2.0
4972,1243.0,mRNA,mKalama1,1.0
4973,1243.25,topo,topoI,0.25
4973,1243.25,topo,gyrase,0.25
4973,1243.25,RNAP,RNAP,1.0
4973,1243.25,mRNA,tetA,15.0
4973,1243.25,mRNA,Raspberry,2.0
4973,1243.25,mRNA,mKalama1,1.0
4974,1243.5,topo,topoI,0.25
4974,1243.5,topo,gyrase,0.25
4974,1243.5,RNAP,RNAP,1.0
4974,1243.5,mRNA,tetA,15.0
4974,1243.5,mRNA,Raspberry,2.0
4974,1243.5,mRNA,mKalama1,1.0
4975,1243.75,topo,topoI,0.25
4975,1243.75,topo,gyrase,0.25
4975,1243.75,RNAP,RNAP,1.0
4975,1243.75,mRNA,tetA,15.0
4975,1243.75,mRNA,Raspberry,2.0
4975,1243.75,mRNA,mKalama1,1.0
4976,1244.0,topo,topoI,0.25
4976,1244.0,topo,gyrase,0.25
4976,1244.0,RNAP,RNAP,1.0
4976,1244.0,mRNA,tetA,15.0
4976,1244.0,mRNA,Raspberry,2.0
4976,1244.0,mRNA,mKalama1,1.0
4977,1244.25,topo,topoI,0.25
4977,1244.25,topo,gyrase,0.25
4977,1244.25,RNAP,RNAP,1.0
4977,1244.25,mRNA,tetA,15.0
4977,1244.25,mRNA,Raspberry,2.0
4977,1244.25,mRNA,mKalama1,1.0
4978,1244.5,topo,topoI,0.25
4978,1244.5,topo,gyrase,0.25
4978,1244.5,RNAP,RNAP,1.0
4978,1244.5,mRNA,tetA,15.0
4978,1244.5,mRNA,Raspberry,2.0
4978,1244.5,mRNA,mKalama1,1.0
4979,1244.75,topo,topoI,0.25
4979,1244.75,topo,gyrase,0.25
4979,1244.75,RNAP,RNAP,1.0
4979,1244.75,mRNA,tetA,15.0
4979,1244.75,mRNA,Raspberry,2.0
4979,1244.75,mRNA,mKalama1,1.0
4980,1245.0,topo,topoI,0.25
4980,1245.0,topo,gyrase,0.25
4980,1245.0,RNAP,RNAP,1.0
4980,1245.0,mRNA,tetA,15.0
4980,1245.0,mRNA,Raspberry,2.0
4980,1245.0,mRNA,mKalama1,1.0
4981,1245.25,topo,topoI,0.25
4981,1245.25,topo,gyrase,0.25
4981,1245.25,RNAP,RNAP,1.0
4981,1245.25,mRNA,tetA,15.0
4981,1245.25,mRNA,Raspberry,2.0
4981,1245.25,mRNA,mKalama1,1.0
4982,1245.5,topo,topoI,0.25
4982,1245.5,topo,gyrase,0.25
4982,1245.5,RNAP,RNAP,1.0
4982,1245.5,mRNA,tetA,15.0
4982,1245.5,mRNA,Raspberry,2.0
4982,1245.5,mRNA,mKalama1,1.0
4983,1245.75,topo,topoI,0.25
4983,1245.75,topo,gyrase,0.25
4983,1245.75,RNAP,RNAP,1.0
4983,1245.75,mRNA,tetA,15.0
4983,1245.75,mRNA,Raspberry,2.0
4983,1245.75,mRNA,mKalama1,1.0
4984,1246.0,topo,topoI,0.25
4984,1246.0,topo,gyrase,0.25
4984,1246.0,RNAP,RNAP,1.0
4984,1246.0,mRNA,tetA,15.0
4984,1246.0,mRNA,Raspberry,2.0
4984,1246.0,mRNA,mKalama1,1.0
4985,1246.25,topo,topoI,0.25
4985,1246.25,topo,gyrase,0.25
4985,1246.25,RNAP,RNAP,1.0
4985,1246.25,mRNA,tetA,15.0
4985,1246.25,mRNA,Raspberry,2.0
4985,1246.25,mRNA,mKalama1,1.0
4986,1246.5,topo,topoI,0.25
4986,1246.5,topo,gyrase,0.25
4986,1246.5,RNAP,RNAP,1.0
4986,1246.5,mRNA,tetA,15.0
4986,1246.5,mRNA,Raspberry,2.0
4986,1246.5,mRNA,mKalama1,1.0
4987,1246.75,topo,topoI,0.25
4987,1246.75,topo,gyrase,0.25
4987,1246.75,RNAP,RNAP,1.0
4987,1246.75,mRNA,tetA,15.0
4987,1246.75,mRNA,Raspberry,2.0
4987,1246.75,mRNA,mKalama1,1.0
4988,1247.0,topo,topoI,0.25
4988,1247.0,topo,gyrase,0.25
4988,1247.0,RNAP,RNAP,1.0
4988,1247.0,mRNA,tetA,15.0
4988,1247.0,mRNA,Raspberry,2.0
4988,1247.0,mRNA,mKalama1,1.0
4989,1247.25,topo,topoI,0.25
4989,1247.25,topo,gyrase,0.25
4989,1247.25,RNAP,RNAP,1.0
4989,1247.25,mRNA,tetA,15.0
4989,1247.25,mRNA,Raspberry,2.0
4989,1247.25,mRNA,mKalama1,1.0
4990,1247.5,topo,topoI,0.25
4990,1247.5,topo,gyrase,0.25
4990,1247.5,RNAP,RNAP,1.0
4990,1247.5,mRNA,tetA,15.0
4990,1247.5,mRNA,Raspberry,2.0
4990,1247.5,mRNA,mKalama1,1.0
4991,1247.75,topo,topoI,0.25
4991,1247.75,topo,gyrase,0.25
4991,1247.75,RNAP,RNAP,1.0
4991,1247.75,mRNA,tetA,15.0
4991,1247.75,mRNA,Raspberry,2.0
4991,1247.75,mRNA,mKalama1,1.0
4992,1248.0,topo,topoI,0.25
4992,1248.0,topo,gyrase,0.25
4992,1248.0,RNAP,RNAP,1.0
4992,1248.0,mRNA,tetA,15.0
4992,1248.0,mRNA,Raspberry,2.0
4992,1248.0,mRNA,mKalama1,1.0
4993,1248.25,topo,topoI,0.25
4993,1248.25,topo,gyrase,0.25
4993,1248.25,RNAP,RNAP,1.0
4993,1248.25,mRNA,tetA,15.0
4993,1248.25,mRNA,Raspberry,2.0
4993,1248.25,mRNA,mKalama1,1.0
4994,1248.5,topo,topoI,0.25
4994,1248.5,topo,gyrase,0.25
4994,1248.5,RNAP,RNAP,1.0
4994,1248.5,mRNA,tetA,15.0
4994,1248.5,mRNA,Raspberry,2.0
4994,1248.5,mRNA,mKalama1,1.0
4995,1248.75,topo,topoI,0.25
4995,1248.75,topo,gyrase,0.25
4995,1248.75,RNAP,RNAP,1.0
4995,1248.75,mRNA,tetA,15.0
4995,1248.75,mRNA,Raspberry,2.0
4995,1248.75,mRNA,mKalama1,1.0
4996,1249.0,topo,topoI,0.25
4996,1249.0,topo,gyrase,0.25
4996,1249.0,RNAP,RNAP,1.0
4996,1249.0,mRNA,tetA,15.0
4996,1249.0,mRNA,Raspberry,2.0
4996,1249.0,mRNA,mKalama1,1.0
4997,1249.25,topo,topoI,0.25
4997,1249.25,topo,gyrase,0.25
4997,1249.25,RNAP,RNAP,1.0
4997,1249.25,mRNA,tetA,15.0
4997,1249.25,mRNA,Raspberry,2.0
4997,1249.25,mRNA,mKalama1,1.0
4998,1249.5,topo,topoI,0.25
4998,1249.5,topo,gyrase,0.25
4998,1249.5,RNAP,RNAP,1.0
4998,1249.5,mRNA,tetA,15.0
4998,1249.5,mRNA,Raspberry,2.0
4998,1249.5,mRNA,mKalama1,1.0
4999,1249.75,topo,topoI,0.25
4999,1249.75,topo,gyrase,0.25
4999,1249.75,RNAP,RNAP,1.0
4999,1249.75,mRNA,tetA,15.0
4999,1249.75,mRNA,Raspberry,2.0
4999,1249.75,mRNA,mKalama1,1.0
5000,1250.0,topo,topoI,0.25
5000,1250.0,topo,gyrase,0.25
5000,1250.0,RNAP,RNAP,1.0
5000,1250.0,mRNA,tetA,15.0
5000,1250.0,mRNA,Raspberry,2.0
5000,1250.0,mRNA,mKalama1,1.0
5001,1250.25,topo,topoI,0.25
5001,1250.25,topo,gyrase,0.25
5001,1250.25,RNAP,RNAP,1.0
5001,1250.25,mRNA,tetA,16.0
5001,1250.25,mRNA,Raspberry,2.0
5001,1250.25,mRNA,mKalama1,1.0
5002,1250.5,topo,topoI,0.25
5002,1250.5,topo,gyrase,0.25
5002,1250.5,RNAP,RNAP,1.0
5002,1250.5,mRNA,tetA,16.0
5002,1250.5,mRNA,Raspberry,2.0
5002,1250.5,mRNA,mKalama1,1.0
5003,1250.75,topo,topoI,0.25
5003,1250.75,topo,gyrase,0.25
5003,1250.75,RNAP,RNAP,1.0
5003,1250.75,mRNA,tetA,16.0
5003,1250.75,mRNA,Raspberry,2.0
5003,1250.75,mRNA,mKalama1,1.0
5004,1251.0,topo,topoI,0.25
5004,1251.0,topo,gyrase,0.25
5004,1251.0,RNAP,RNAP,1.0
5004,1251.0,mRNA,tetA,16.0
5004,1251.0,mRNA,Raspberry,2.0
5004,1251.0,mRNA,mKalama1,1.0
5005,1251.25,topo,topoI,0.25
5005,1251.25,topo,gyrase,0.25
5005,1251.25,RNAP,RNAP,1.0
5005,1251.25,mRNA,tetA,16.0
5005,1251.25,mRNA,Raspberry,2.0
5005,1251.25,mRNA,mKalama1,1.0
5006,1251.5,topo,topoI,0.25
5006,1251.5,topo,gyrase,0.25
5006,1251.5,RNAP,RNAP,1.0
5006,1251.5,mRNA,tetA,16.0
5006,1251.5,mRNA,Raspberry,2.0
5006,1251.5,mRNA,mKalama1,1.0
5007,1251.75,topo,topoI,0.25
5007,1251.75,topo,gyrase,0.25
5007,1251.75,RNAP,RNAP,1.0
5007,1251.75,mRNA,tetA,16.0
5007,1251.75,mRNA,Raspberry,2.0
5007,1251.75,mRNA,mKalama1,1.0
5008,1252.0,topo,topoI,0.25
5008,1252.0,topo,gyrase,0.25
5008,1252.0,RNAP,RNAP,1.0
5008,1252.0,mRNA,tetA,16.0
5008,1252.0,mRNA,Raspberry,2.0
5008,1252.0,mRNA,mKalama1,1.0
5009,1252.25,topo,topoI,0.25
5009,1252.25,topo,gyrase,0.25
5009,1252.25,RNAP,RNAP,1.0
5009,1252.25,mRNA,tetA,16.0
5009,1252.25,mRNA,Raspberry,2.0
5009,1252.25,mRNA,mKalama1,1.0
5010,1252.5,topo,topoI,0.25
5010,1252.5,topo,gyrase,0.25
5010,1252.5,RNAP,RNAP,1.0
5010,1252.5,mRNA,tetA,16.0
5010,1252.5,mRNA,Raspberry,2.0
5010,1252.5,mRNA,mKalama1,1.0
5011,1252.75,topo,topoI,0.25
5011,1252.75,topo,gyrase,0.25
5011,1252.75,RNAP,RNAP,1.0
5011,1252.75,mRNA,tetA,16.0
5011,1252.75,mRNA,Raspberry,2.0
5011,1252.75,mRNA,mKalama1,1.0
5012,1253.0,topo,topoI,0.25
5012,1253.0,topo,gyrase,0.25
5012,1253.0,RNAP,RNAP,1.0
5012,1253.0,mRNA,tetA,16.0
5012,1253.0,mRNA,Raspberry,2.0
5012,1253.0,mRNA,mKalama1,1.0
5013,1253.25,topo,topoI,0.25
5013,1253.25,topo,gyrase,0.25
5013,1253.25,RNAP,RNAP,1.0
5013,1253.25,mRNA,tetA,16.0
5013,1253.25,mRNA,Raspberry,2.0
5013,1253.25,mRNA,mKalama1,1.0
5014,1253.5,topo,topoI,0.25
5014,1253.5,topo,gyrase,0.25
5014,1253.5,RNAP,RNAP,1.0
5014,1253.5,mRNA,tetA,16.0
5014,1253.5,mRNA,Raspberry,2.0
5014,1253.5,mRNA,mKalama1,1.0
5015,1253.75,topo,topoI,0.25
5015,1253.75,topo,gyrase,0.25
5015,1253.75,RNAP,RNAP,1.0
5015,1253.75,mRNA,tetA,16.0
5015,1253.75,mRNA,Raspberry,2.0
5015,1253.75,mRNA,mKalama1,1.0
5016,1254.0,topo,topoI,0.25
5016,1254.0,topo,gyrase,0.25
5016,1254.0,RNAP,RNAP,1.0
5016,1254.0,mRNA,tetA,16.0
5016,1254.0,mRNA,Raspberry,2.0
5016,1254.0,mRNA,mKalama1,1.0
5017,1254.25,topo,topoI,0.25
5017,1254.25,topo,gyrase,0.25
5017,1254.25,RNAP,RNAP,1.0
5017,1254.25,mRNA,tetA,16.0
5017,1254.25,mRNA,Raspberry,2.0
5017,1254.25,mRNA,mKalama1,1.0
5018,1254.5,topo,topoI,0.25
5018,1254.5,topo,gyrase,0.25
5018,1254.5,RNAP,RNAP,1.0
5018,1254.5,mRNA,tetA,16.0
5018,1254.5,mRNA,Raspberry,2.0
5018,1254.5,mRNA,mKalama1,1.0
5019,1254.75,topo,topoI,0.25
5019,1254.75,topo,gyrase,0.25
5019,1254.75,RNAP,RNAP,1.0
5019,1254.75,mRNA,tetA,16.0
5019,1254.75,mRNA,Raspberry,2.0
5019,1254.75,mRNA,mKalama1,1.0
5020,1255.0,topo,topoI,0.25
5020,1255.0,topo,gyrase,0.25
5020,1255.0,RNAP,RNAP,1.0
5020,1255.0,mRNA,tetA,16.0
5020,1255.0,mRNA,Raspberry,2.0
5020,1255.0,mRNA,mKalama1,1.0
5021,1255.25,topo,topoI,0.25
5021,1255.25,topo,gyrase,0.25
5021,1255.25,RNAP,RNAP,1.0
5021,1255.25,mRNA,tetA,16.0
5021,1255.25,mRNA,Raspberry,2.0
5021,1255.25,mRNA,mKalama1,1.0
5022,1255.5,topo,topoI,0.25
5022,1255.5,topo,gyrase,0.25
5022,1255.5,RNAP,RNAP,1.0
5022,1255.5,mRNA,tetA,16.0
5022,1255.5,mRNA,Raspberry,2.0
5022,1255.5,mRNA,mKalama1,1.0
5023,1255.75,topo,topoI,0.25
5023,1255.75,topo,gyrase,0.25
5023,1255.75,RNAP,RNAP,1.0
5023,1255.75,mRNA,tetA,16.0
5023,1255.75,mRNA,Raspberry,2.0
5023,1255.75,mRNA,mKalama1,1.0
5024,1256.0,topo,topoI,0.25
5024,1256.0,topo,gyrase,0.25
5024,1256.0,RNAP,RNAP,1.0
5024,1256.0,mRNA,tetA,16.0
5024,1256.0,mRNA,Raspberry,2.0
5024,1256.0,mRNA,mKalama1,1.0
5025,1256.25,topo,topoI,0.25
5025,1256.25,topo,gyrase,0.25
5025,1256.25,RNAP,RNAP,1.0
5025,1256.25,mRNA,tetA,16.0
5025,1256.25,mRNA,Raspberry,2.0
5025,1256.25,mRNA,mKalama1,1.0
5026,1256.5,topo,topoI,0.25
5026,1256.5,topo,gyrase,0.25
5026,1256.5,RNAP,RNAP,1.0
5026,1256.5,mRNA,tetA,16.0
5026,1256.5,mRNA,Raspberry,2.0
5026,1256.5,mRNA,mKalama1,1.0
5027,1256.75,topo,topoI,0.25
5027,1256.75,topo,gyrase,0.25
5027,1256.75,RNAP,RNAP,1.0
5027,1256.75,mRNA,tetA,16.0
5027,1256.75,mRNA,Raspberry,2.0
5027,1256.75,mRNA,mKalama1,1.0
5028,1257.0,topo,topoI,0.25
5028,1257.0,topo,gyrase,0.25
5028,1257.0,RNAP,RNAP,1.0
5028,1257.0,mRNA,tetA,16.0
5028,1257.0,mRNA,Raspberry,2.0
5028,1257.0,mRNA,mKalama1,1.0
5029,1257.25,topo,topoI,0.25
5029,1257.25,topo,gyrase,0.25
5029,1257.25,RNAP,RNAP,1.0
5029,1257.25,mRNA,tetA,16.0
5029,1257.25,mRNA,Raspberry,2.0
5029,1257.25,mRNA,mKalama1,1.0
5030,1257.5,topo,topoI,0.25
5030,1257.5,topo,gyrase,0.25
5030,1257.5,RNAP,RNAP,1.0
5030,1257.5,mRNA,tetA,16.0
5030,1257.5,mRNA,Raspberry,2.0
5030,1257.5,mRNA,mKalama1,1.0
5031,1257.75,topo,topoI,0.25
5031,1257.75,topo,gyrase,0.25
5031,1257.75,RNAP,RNAP,1.0
5031,1257.75,mRNA,tetA,16.0
5031,1257.75,mRNA,Raspberry,2.0
5031,1257.75,mRNA,mKalama1,1.0
5032,1258.0,topo,topoI,0.25
5032,1258.0,topo,gyrase,0.25
5032,1258.0,RNAP,RNAP,1.0
5032,1258.0,mRNA,tetA,16.0
5032,1258.0,mRNA,Raspberry,2.0
5032,1258.0,mRNA,mKalama1,1.0
5033,1258.25,topo,topoI,0.25
5033,1258.25,topo,gyrase,0.25
5033,1258.25,RNAP,RNAP,1.0
5033,1258.25,mRNA,tetA,16.0
5033,1258.25,mRNA,Raspberry,2.0
5033,1258.25,mRNA,mKalama1,1.0
5034,1258.5,topo,topoI,0.25
5034,1258.5,topo,gyrase,0.25
5034,1258.5,RNAP,RNAP,1.0
5034,1258.5,mRNA,tetA,16.0
5034,1258.5,mRNA,Raspberry,2.0
5034,1258.5,mRNA,mKalama1,1.0
5035,1258.75,topo,topoI,0.25
5035,1258.75,topo,gyrase,0.25
5035,1258.75,RNAP,RNAP,1.0
5035,1258.75,mRNA,tetA,16.0
5035,1258.75,mRNA,Raspberry,2.0
5035,1258.75,mRNA,mKalama1,1.0
5036,1259.0,topo,topoI,0.25
5036,1259.0,topo,gyrase,0.25
5036,1259.0,RNAP,RNAP,1.0
5036,1259.0,mRNA,tetA,16.0
5036,1259.0,mRNA,Raspberry,2.0
5036,1259.0,mRNA,mKalama1,1.0
5037,1259.25,topo,topoI,0.25
5037,1259.25,topo,gyrase,0.25
5037,1259.25,RNAP,RNAP,1.0
5037,1259.25,mRNA,tetA,16.0
5037,1259.25,mRNA,Raspberry,2.0
5037,1259.25,mRNA,mKalama1,1.0
5038,1259.5,topo,topoI,0.25
5038,1259.5,topo,gyrase,0.25
5038,1259.5,RNAP,RNAP,1.0
5038,1259.5,mRNA,tetA,16.0
5038,1259.5,mRNA,Raspberry,2.0
5038,1259.5,mRNA,mKalama1,1.0
5039,1259.75,topo,topoI,0.25
5039,1259.75,topo,gyrase,0.25
5039,1259.75,RNAP,RNAP,1.0
5039,1259.75,mRNA,tetA,16.0
5039,1259.75,mRNA,Raspberry,2.0
5039,1259.75,mRNA,mKalama1,1.0
5040,1260.0,topo,topoI,0.25
5040,1260.0,topo,gyrase,0.25
5040,1260.0,RNAP,RNAP,1.0
5040,1260.0,mRNA,tetA,16.0
5040,1260.0,mRNA,Raspberry,2.0
5040,1260.0,mRNA,mKalama1,1.0
5041,1260.25,topo,topoI,0.25
5041,1260.25,topo,gyrase,0.25
5041,1260.25,RNAP,RNAP,1.0
5041,1260.25,mRNA,tetA,16.0
5041,1260.25,mRNA,Raspberry,2.0
5041,1260.25,mRNA,mKalama1,1.0
5042,1260.5,topo,topoI,0.25
5042,1260.5,topo,gyrase,0.25
5042,1260.5,RNAP,RNAP,1.0
5042,1260.5,mRNA,tetA,16.0
5042,1260.5,mRNA,Raspberry,2.0
5042,1260.5,mRNA,mKalama1,1.0
5043,1260.75,topo,topoI,0.25
5043,1260.75,topo,gyrase,0.25
5043,1260.75,RNAP,RNAP,1.0
5043,1260.75,mRNA,tetA,16.0
5043,1260.75,mRNA,Raspberry,2.0
5043,1260.75,mRNA,mKalama1,1.0
5044,1261.0,topo,topoI,0.25
5044,1261.0,topo,gyrase,0.25
5044,1261.0,RNAP,RNAP,1.0
5044,1261.0,mRNA,tetA,16.0
5044,1261.0,mRNA,Raspberry,2.0
5044,1261.0,mRNA,mKalama1,1.0
5045,1261.25,topo,topoI,0.25
5045,1261.25,topo,gyrase,0.25
5045,1261.25,RNAP,RNAP,1.0
5045,1261.25,mRNA,tetA,16.0
5045,1261.25,mRNA,Raspberry,2.0
5045,1261.25,mRNA,mKalama1,1.0
5046,1261.5,topo,topoI,0.25
5046,1261.5,topo,gyrase,0.25
5046,1261.5,RNAP,RNAP,1.0
5046,1261.5,mRNA,tetA,16.0
5046,1261.5,mRNA,Raspberry,2.0
5046,1261.5,mRNA,mKalama1,1.0
5047,1261.75,topo,topoI,0.25
5047,1261.75,topo,gyrase,0.25
5047,1261.75,RNAP,RNAP,1.0
5047,1261.75,mRNA,tetA,16.0
5047,1261.75,mRNA,Raspberry,2.0
5047,1261.75,mRNA,mKalama1,1.0
5048,1262.0,topo,topoI,0.25
5048,1262.0,topo,gyrase,0.25
5048,1262.0,RNAP,RNAP,1.0
5048,1262.0,mRNA,tetA,16.0
5048,1262.0,mRNA,Raspberry,2.0
5048,1262.0,mRNA,mKalama1,1.0
5049,1262.25,topo,topoI,0.25
5049,1262.25,topo,gyrase,0.25
5049,1262.25,RNAP,RNAP,1.0
5049,1262.25,mRNA,tetA,16.0
5049,1262.25,mRNA,Raspberry,2.0
5049,1262.25,mRNA,mKalama1,1.0
5050,1262.5,topo,topoI,0.25
5050,1262.5,topo,gyrase,0.25
5050,1262.5,RNAP,RNAP,1.0
5050,1262.5,mRNA,tetA,16.0
5050,1262.5,mRNA,Raspberry,2.0
5050,1262.5,mRNA,mKalama1,1.0
5051,1262.75,topo,topoI,0.25
5051,1262.75,topo,gyrase,0.25
5051,1262.75,RNAP,RNAP,1.0
5051,1262.75,mRNA,tetA,16.0
5051,1262.75,mRNA,Raspberry,2.0
5051,1262.75,mRNA,mKalama1,1.0
5052,1263.0,topo,topoI,0.25
5052,1263.0,topo,gyrase,0.25
5052,1263.0,RNAP,RNAP,1.0
5052,1263.0,mRNA,tetA,16.0
5052,1263.0,mRNA,Raspberry,2.0
5052,1263.0,mRNA,mKalama1,1.0
5053,1263.25,topo,topoI,0.25
5053,1263.25,topo,gyrase,0.25
5053,1263.25,RNAP,RNAP,1.0
5053,1263.25,mRNA,tetA,16.0
5053,1263.25,mRNA,Raspberry,2.0
5053,1263.25,mRNA,mKalama1,1.0
5054,1263.5,topo,topoI,0.25
5054,1263.5,topo,gyrase,0.25
5054,1263.5,RNAP,RNAP,1.0
5054,1263.5,mRNA,tetA,16.0
5054,1263.5,mRNA,Raspberry,2.0
5054,1263.5,mRNA,mKalama1,1.0
5055,1263.75,topo,topoI,0.25
5055,1263.75,topo,gyrase,0.25
5055,1263.75,RNAP,RNAP,1.0
5055,1263.75,mRNA,tetA,16.0
5055,1263.75,mRNA,Raspberry,2.0
5055,1263.75,mRNA,mKalama1,1.0
5056,1264.0,topo,topoI,0.25
5056,1264.0,topo,gyrase,0.25
5056,1264.0,RNAP,RNAP,1.0
5056,1264.0,mRNA,tetA,16.0
5056,1264.0,mRNA,Raspberry,2.0
5056,1264.0,mRNA,mKalama1,1.0
5057,1264.25,topo,topoI,0.25
5057,1264.25,topo,gyrase,0.25
5057,1264.25,RNAP,RNAP,1.0
5057,1264.25,mRNA,tetA,16.0
5057,1264.25,mRNA,Raspberry,2.0
5057,1264.25,mRNA,mKalama1,1.0
5058,1264.5,topo,topoI,0.25
5058,1264.5,topo,gyrase,0.25
5058,1264.5,RNAP,RNAP,1.0
5058,1264.5,mRNA,tetA,16.0
5058,1264.5,mRNA,Raspberry,2.0
5058,1264.5,mRNA,mKalama1,1.0
5059,1264.75,topo,topoI,0.25
5059,1264.75,topo,gyrase,0.25
5059,1264.75,RNAP,RNAP,1.0
5059,1264.75,mRNA,tetA,16.0
5059,1264.75,mRNA,Raspberry,2.0
5059,1264.75,mRNA,mKalama1,1.0
5060,1265.0,topo,topoI,0.25
5060,1265.0,topo,gyrase,0.25
5060,1265.0,RNAP,RNAP,1.0
5060,1265.0,mRNA,tetA,16.0
5060,1265.0,mRNA,Raspberry,2.0
5060,1265.0,mRNA,mKalama1,1.0
5061,1265.25,topo,topoI,0.25
5061,1265.25,topo,gyrase,0.25
5061,1265.25,RNAP,RNAP,1.0
5061,1265.25,mRNA,tetA,16.0
5061,1265.25,mRNA,Raspberry,2.0
5061,1265.25,mRNA,mKalama1,1.0
5062,1265.5,topo,topoI,0.25
5062,1265.5,topo,gyrase,0.25
5062,1265.5,RNAP,RNAP,1.0
5062,1265.5,mRNA,tetA,16.0
5062,1265.5,mRNA,Raspberry,2.0
5062,1265.5,mRNA,mKalama1,1.0
5063,1265.75,topo,topoI,0.25
5063,1265.75,topo,gyrase,0.25
5063,1265.75,RNAP,RNAP,1.0
5063,1265.75,mRNA,tetA,16.0
5063,1265.75,mRNA,Raspberry,2.0
5063,1265.75,mRNA,mKalama1,1.0
5064,1266.0,topo,topoI,0.25
5064,1266.0,topo,gyrase,0.25
5064,1266.0,RNAP,RNAP,1.0
5064,1266.0,mRNA,tetA,16.0
5064,1266.0,mRNA,Raspberry,2.0
5064,1266.0,mRNA,mKalama1,1.0
5065,1266.25,topo,topoI,0.25
5065,1266.25,topo,gyrase,0.25
5065,1266.25,RNAP,RNAP,1.0
5065,1266.25,mRNA,tetA,16.0
5065,1266.25,mRNA,Raspberry,2.0
5065,1266.25,mRNA,mKalama1,1.0
5066,1266.5,topo,topoI,0.25
5066,1266.5,topo,gyrase,0.25
5066,1266.5,RNAP,RNAP,1.0
5066,1266.5,mRNA,tetA,16.0
5066,1266.5,mRNA,Raspberry,2.0
5066,1266.5,mRNA,mKalama1,1.0
5067,1266.75,topo,topoI,0.25
5067,1266.75,topo,gyrase,0.25
5067,1266.75,RNAP,RNAP,1.0
5067,1266.75,mRNA,tetA,16.0
5067,1266.75,mRNA,Raspberry,2.0
5067,1266.75,mRNA,mKalama1,1.0
5068,1267.0,topo,topoI,0.25
5068,1267.0,topo,gyrase,0.25
5068,1267.0,RNAP,RNAP,1.0
5068,1267.0,mRNA,tetA,16.0
5068,1267.0,mRNA,Raspberry,2.0
5068,1267.0,mRNA,mKalama1,1.0
5069,1267.25,topo,topoI,0.25
5069,1267.25,topo,gyrase,0.25
5069,1267.25,RNAP,RNAP,1.0
5069,1267.25,mRNA,tetA,16.0
5069,1267.25,mRNA,Raspberry,2.0
5069,1267.25,mRNA,mKalama1,1.0
5070,1267.5,topo,topoI,0.25
5070,1267.5,topo,gyrase,0.25
5070,1267.5,RNAP,RNAP,1.0
5070,1267.5,mRNA,tetA,16.0
5070,1267.5,mRNA,Raspberry,2.0
5070,1267.5,mRNA,mKalama1,1.0
5071,1267.75,topo,topoI,0.25
5071,1267.75,topo,gyrase,0.25
5071,1267.75,RNAP,RNAP,1.0
5071,1267.75,mRNA,tetA,16.0
5071,1267.75,mRNA,Raspberry,2.0
5071,1267.75,mRNA,mKalama1,1.0
5072,1268.0,topo,topoI,0.25
5072,1268.0,topo,gyrase,0.25
5072,1268.0,RNAP,RNAP,1.0
5072,1268.0,mRNA,tetA,16.0
5072,1268.0,mRNA,Raspberry,2.0
5072,1268.0,mRNA,mKalama1,1.0
5073,1268.25,topo,topoI,0.25
5073,1268.25,topo,gyrase,0.25
5073,1268.25,RNAP,RNAP,1.0
5073,1268.25,mRNA,tetA,16.0
5073,1268.25,mRNA,Raspberry,2.0
5073,1268.25,mRNA,mKalama1,1.0
5074,1268.5,topo,topoI,0.25
5074,1268.5,topo,gyrase,0.25
5074,1268.5,RNAP,RNAP,1.0
5074,1268.5,mRNA,tetA,16.0
5074,1268.5,mRNA,Raspberry,2.0
5074,1268.5,mRNA,mKalama1,1.0
5075,1268.75,topo,topoI,0.25
5075,1268.75,topo,gyrase,0.25
5075,1268.75,RNAP,RNAP,1.0
5075,1268.75,mRNA,tetA,16.0
5075,1268.75,mRNA,Raspberry,2.0
5075,1268.75,mRNA,mKalama1,1.0
5076,1269.0,topo,topoI,0.25
5076,1269.0,topo,gyrase,0.25
5076,1269.0,RNAP,RNAP,1.0
5076,1269.0,mRNA,tetA,16.0
5076,1269.0,mRNA,Raspberry,2.0
5076,1269.0,mRNA,mKalama1,1.0
5077,1269.25,topo,topoI,0.25
5077,1269.25,topo,gyrase,0.25
5077,1269.25,RNAP,RNAP,1.0
5077,1269.25,mRNA,tetA,16.0
5077,1269.25,mRNA,Raspberry,2.0
5077,1269.25,mRNA,mKalama1,1.0
5078,1269.5,topo,topoI,0.25
5078,1269.5,topo,gyrase,0.25
5078,1269.5,RNAP,RNAP,1.0
5078,1269.5,mRNA,tetA,16.0
5078,1269.5,mRNA,Raspberry,2.0
5078,1269.5,mRNA,mKalama1,1.0
5079,1269.75,topo,topoI,0.25
5079,1269.75,topo,gyrase,0.25
5079,1269.75,RNAP,RNAP,1.0
5079,1269.75,mRNA,tetA,16.0
5079,1269.75,mRNA,Raspberry,2.0
5079,1269.75,mRNA,mKalama1,1.0
5080,1270.0,topo,topoI,0.25
5080,1270.0,topo,gyrase,0.25
5080,1270.0,RNAP,RNAP,1.0
5080,1270.0,mRNA,tetA,16.0
5080,1270.0,mRNA,Raspberry,2.0
5080,1270.0,mRNA,mKalama1,1.0
5081,1270.25,topo,topoI,0.25
5081,1270.25,topo,gyrase,0.25
5081,1270.25,RNAP,RNAP,1.0
5081,1270.25,mRNA,tetA,16.0
5081,1270.25,mRNA,Raspberry,2.0
5081,1270.25,mRNA,mKalama1,1.0
5082,1270.5,topo,topoI,0.25
5082,1270.5,topo,gyrase,0.25
5082,1270.5,RNAP,RNAP,1.0
5082,1270.5,mRNA,tetA,16.0
5082,1270.5,mRNA,Raspberry,2.0
5082,1270.5,mRNA,mKalama1,1.0
5083,1270.75,topo,topoI,0.25
5083,1270.75,topo,gyrase,0.25
5083,1270.75,RNAP,RNAP,1.0
5083,1270.75,mRNA,tetA,16.0
5083,1270.75,mRNA,Raspberry,2.0
5083,1270.75,mRNA,mKalama1,1.0
5084,1271.0,topo,topoI,0.25
5084,1271.0,topo,gyrase,0.25
5084,1271.0,RNAP,RNAP,1.0
5084,1271.0,mRNA,tetA,16.0
5084,1271.0,mRNA,Raspberry,2.0
5084,1271.0,mRNA,mKalama1,1.0
5085,1271.25,topo,topoI,0.25
5085,1271.25,topo,gyrase,0.25
5085,1271.25,RNAP,RNAP,1.0
5085,1271.25,mRNA,tetA,16.0
5085,1271.25,mRNA,Raspberry,2.0
5085,1271.25,mRNA,mKalama1,1.0
5086,1271.5,topo,topoI,0.25
5086,1271.5,topo,gyrase,0.25
5086,1271.5,RNAP,RNAP,1.0
5086,1271.5,mRNA,tetA,16.0
5086,1271.5,mRNA,Raspberry,2.0
5086,1271.5,mRNA,mKalama1,1.0
5087,1271.75,topo,topoI,0.25
5087,1271.75,topo,gyrase,0.25
5087,1271.75,RNAP,RNAP,1.0
5087,1271.75,mRNA,tetA,16.0
5087,1271.75,mRNA,Raspberry,2.0
5087,1271.75,mRNA,mKalama1,1.0
5088,1272.0,topo,topoI,0.25
5088,1272.0,topo,gyrase,0.25
5088,1272.0,RNAP,RNAP,1.0
5088,1272.0,mRNA,tetA,16.0
5088,1272.0,mRNA,Raspberry,2.0
5088,1272.0,mRNA,mKalama1,1.0
5089,1272.25,topo,topoI,0.25
5089,1272.25,topo,gyrase,0.25
5089,1272.25,RNAP,RNAP,1.0
5089,1272.25,mRNA,tetA,16.0
5089,1272.25,mRNA,Raspberry,2.0
5089,1272.25,mRNA,mKalama1,1.0
5090,1272.5,topo,topoI,0.25
5090,1272.5,topo,gyrase,0.25
5090,1272.5,RNAP,RNAP,1.0
5090,1272.5,mRNA,tetA,16.0
5090,1272.5,mRNA,Raspberry,2.0
5090,1272.5,mRNA,mKalama1,1.0
5091,1272.75,topo,topoI,0.25
5091,1272.75,topo,gyrase,0.25
5091,1272.75,RNAP,RNAP,1.0
5091,1272.75,mRNA,tetA,16.0
5091,1272.75,mRNA,Raspberry,2.0
5091,1272.75,mRNA,mKalama1,1.0
5092,1273.0,topo,topoI,0.25
5092,1273.0,topo,gyrase,0.25
5092,1273.0,RNAP,RNAP,1.0
5092,1273.0,mRNA,tetA,16.0
5092,1273.0,mRNA,Raspberry,2.0
5092,1273.0,mRNA,mKalama1,1.0
5093,1273.25,topo,topoI,0.25
5093,1273.25,topo,gyrase,0.25
5093,1273.25,RNAP,RNAP,1.0
5093,1273.25,mRNA,tetA,16.0
5093,1273.25,mRNA,Raspberry,2.0
5093,1273.25,mRNA,mKalama1,1.0
5094,1273.5,topo,topoI,0.25
5094,1273.5,topo,gyrase,0.25
5094,1273.5,RNAP,RNAP,1.0
5094,1273.5,mRNA,tetA,16.0
5094,1273.5,mRNA,Raspberry,2.0
5094,1273.5,mRNA,mKalama1,1.0
5095,1273.75,topo,topoI,0.25
5095,1273.75,topo,gyrase,0.25
5095,1273.75,RNAP,RNAP,1.0
5095,1273.75,mRNA,tetA,16.0
5095,1273.75,mRNA,Raspberry,2.0
5095,1273.75,mRNA,mKalama1,1.0
5096,1274.0,topo,topoI,0.25
5096,1274.0,topo,gyrase,0.25
5096,1274.0,RNAP,RNAP,1.0
5096,1274.0,mRNA,tetA,16.0
5096,1274.0,mRNA,Raspberry,2.0
5096,1274.0,mRNA,mKalama1,1.0
5097,1274.25,topo,topoI,0.25
5097,1274.25,topo,gyrase,0.25
5097,1274.25,RNAP,RNAP,1.0
5097,1274.25,mRNA,tetA,16.0
5097,1274.25,mRNA,Raspberry,2.0
5097,1274.25,mRNA,mKalama1,1.0
5098,1274.5,topo,topoI,0.25
5098,1274.5,topo,gyrase,0.25
5098,1274.5,RNAP,RNAP,1.0
5098,1274.5,mRNA,tetA,16.0
5098,1274.5,mRNA,Raspberry,2.0
5098,1274.5,mRNA,mKalama1,1.0
5099,1274.75,topo,topoI,0.25
5099,1274.75,topo,gyrase,0.25
5099,1274.75,RNAP,RNAP,1.0
5099,1274.75,mRNA,tetA,16.0
5099,1274.75,mRNA,Raspberry,2.0
5099,1274.75,mRNA,mKalama1,1.0
5100,1275.0,topo,topoI,0.25
5100,1275.0,topo,gyrase,0.25
5100,1275.0,RNAP,RNAP,1.0
5100,1275.0,mRNA,tetA,16.0
5100,1275.0,mRNA,Raspberry,2.0
5100,1275.0,mRNA,mKalama1,1.0
5101,1275.25,topo,topoI,0.25
5101,1275.25,topo,gyrase,0.25
5101,1275.25,RNAP,RNAP,1.0
5101,1275.25,mRNA,tetA,16.0
5101,1275.25,mRNA,Raspberry,2.0
5101,1275.25,mRNA,mKalama1,1.0
5102,1275.5,topo,topoI,0.25
5102,1275.5,topo,gyrase,0.25
5102,1275.5,RNAP,RNAP,1.0
5102,1275.5,mRNA,tetA,16.0
5102,1275.5,mRNA,Raspberry,2.0
5102,1275.5,mRNA,mKalama1,1.0
5103,1275.75,topo,topoI,0.25
5103,1275.75,topo,gyrase,0.25
5103,1275.75,RNAP,RNAP,1.0
5103,1275.75,mRNA,tetA,16.0
5103,1275.75,mRNA,Raspberry,2.0
5103,1275.75,mRNA,mKalama1,1.0
5104,1276.0,topo,topoI,0.25
5104,1276.0,topo,gyrase,0.25
5104,1276.0,RNAP,RNAP,1.0
5104,1276.0,mRNA,tetA,17.0
5104,1276.0,mRNA,Raspberry,2.0
5104,1276.0,mRNA,mKalama1,1.0
5105,1276.25,topo,topoI,0.25
5105,1276.25,topo,gyrase,0.25
5105,1276.25,RNAP,RNAP,1.0
5105,1276.25,mRNA,tetA,17.0
5105,1276.25,mRNA,Raspberry,2.0
5105,1276.25,mRNA,mKalama1,1.0
5106,1276.5,topo,topoI,0.25
5106,1276.5,topo,gyrase,0.25
5106,1276.5,RNAP,RNAP,1.0
5106,1276.5,mRNA,tetA,17.0
5106,1276.5,mRNA,Raspberry,2.0
5106,1276.5,mRNA,mKalama1,1.0
5107,1276.75,topo,topoI,0.25
5107,1276.75,topo,gyrase,0.25
5107,1276.75,RNAP,RNAP,1.0
5107,1276.75,mRNA,tetA,17.0
5107,1276.75,mRNA,Raspberry,2.0
5107,1276.75,mRNA,mKalama1,1.0
5108,1277.0,topo,topoI,0.25
5108,1277.0,topo,gyrase,0.25
5108,1277.0,RNAP,RNAP,1.0
5108,1277.0,mRNA,tetA,17.0
5108,1277.0,mRNA,Raspberry,2.0
5108,1277.0,mRNA,mKalama1,1.0
5109,1277.25,topo,topoI,0.25
5109,1277.25,topo,gyrase,0.25
5109,1277.25,RNAP,RNAP,1.0
5109,1277.25,mRNA,tetA,17.0
5109,1277.25,mRNA,Raspberry,2.0
5109,1277.25,mRNA,mKalama1,1.0
5110,1277.5,topo,topoI,0.25
5110,1277.5,topo,gyrase,0.25
5110,1277.5,RNAP,RNAP,1.0
5110,1277.5,mRNA,tetA,17.0
5110,1277.5,mRNA,Raspberry,2.0
5110,1277.5,mRNA,mKalama1,1.0
5111,1277.75,topo,topoI,0.25
5111,1277.75,topo,gyrase,0.25
5111,1277.75,RNAP,RNAP,1.0
5111,1277.75,mRNA,tetA,17.0
5111,1277.75,mRNA,Raspberry,2.0
5111,1277.75,mRNA,mKalama1,1.0
5112,1278.0,topo,topoI,0.25
5112,1278.0,topo,gyrase,0.25
5112,1278.0,RNAP,RNAP,1.0
5112,1278.0,mRNA,tetA,17.0
5112,1278.0,mRNA,Raspberry,2.0
5112,1278.0,mRNA,mKalama1,1.0
5113,1278.25,topo,topoI,0.25
5113,1278.25,topo,gyrase,0.25
5113,1278.25,RNAP,RNAP,1.0
5113,1278.25,mRNA,tetA,17.0
5113,1278.25,mRNA,Raspberry,2.0
5113,1278.25,mRNA,mKalama1,1.0
5114,1278.5,topo,topoI,0.25
5114,1278.5,topo,gyrase,0.25
5114,1278.5,RNAP,RNAP,1.0
5114,1278.5,mRNA,tetA,17.0
5114,1278.5,mRNA,Raspberry,2.0
5114,1278.5,mRNA,mKalama1,1.0
5115,1278.75,topo,topoI,0.25
5115,1278.75,topo,gyrase,0.25
5115,1278.75,RNAP,RNAP,1.0
5115,1278.75,mRNA,tetA,17.0
5115,1278.75,mRNA,Raspberry,2.0
5115,1278.75,mRNA,mKalama1,1.0
5116,1279.0,topo,topoI,0.25
5116,1279.0,topo,gyrase,0.25
5116,1279.0,RNAP,RNAP,1.0
5116,1279.0,mRNA,tetA,17.0
5116,1279.0,mRNA,Raspberry,2.0
5116,1279.0,mRNA,mKalama1,1.0
5117,1279.25,topo,topoI,0.25
5117,1279.25,topo,gyrase,0.25
5117,1279.25,RNAP,RNAP,1.0
5117,1279.25,mRNA,tetA,17.0
5117,1279.25,mRNA,Raspberry,2.0
5117,1279.25,mRNA,mKalama1,1.0
5118,1279.5,topo,topoI,0.25
5118,1279.5,topo,gyrase,0.25
5118,1279.5,RNAP,RNAP,1.0
5118,1279.5,mRNA,tetA,17.0
5118,1279.5,mRNA,Raspberry,2.0
5118,1279.5,mRNA,mKalama1,1.0
5119,1279.75,topo,topoI,0.25
5119,1279.75,topo,gyrase,0.25
5119,1279.75,RNAP,RNAP,1.0
5119,1279.75,mRNA,tetA,17.0
5119,1279.75,mRNA,Raspberry,2.0
5119,1279.75,mRNA,mKalama1,1.0
5120,1280.0,topo,topoI,0.25
5120,1280.0,topo,gyrase,0.25
5120,1280.0,RNAP,RNAP,1.0
5120,1280.0,mRNA,tetA,17.0
5120,1280.0,mRNA,Raspberry,2.0
5120,1280.0,mRNA,mKalama1,1.0
5121,1280.25,topo,topoI,0.25
5121,1280.25,topo,gyrase,0.25
5121,1280.25,RNAP,RNAP,1.0
5121,1280.25,mRNA,tetA,17.0
5121,1280.25,mRNA,Raspberry,2.0
5121,1280.25,mRNA,mKalama1,1.0
5122,1280.5,topo,topoI,0.25
5122,1280.5,topo,gyrase,0.25
5122,1280.5,RNAP,RNAP,1.0
5122,1280.5,mRNA,tetA,17.0
5122,1280.5,mRNA,Raspberry,2.0
5122,1280.5,mRNA,mKalama1,1.0
5123,1280.75,topo,topoI,0.25
5123,1280.75,topo,gyrase,0.25
5123,1280.75,RNAP,RNAP,1.0
5123,1280.75,mRNA,tetA,17.0
5123,1280.75,mRNA,Raspberry,2.0
5123,1280.75,mRNA,mKalama1,1.0
5124,1281.0,topo,topoI,0.25
5124,1281.0,topo,gyrase,0.25
5124,1281.0,RNAP,RNAP,1.0
5124,1281.0,mRNA,tetA,17.0
5124,1281.0,mRNA,Raspberry,2.0
5124,1281.0,mRNA,mKalama1,1.0
5125,1281.25,topo,topoI,0.25
5125,1281.25,topo,gyrase,0.25
5125,1281.25,RNAP,RNAP,1.0
5125,1281.25,mRNA,tetA,18.0
5125,1281.25,mRNA,Raspberry,2.0
5125,1281.25,mRNA,mKalama1,1.0
5126,1281.5,topo,topoI,0.25
5126,1281.5,topo,gyrase,0.25
5126,1281.5,RNAP,RNAP,1.0
5126,1281.5,mRNA,tetA,18.0
5126,1281.5,mRNA,Raspberry,2.0
5126,1281.5,mRNA,mKalama1,1.0
5127,1281.75,topo,topoI,0.25
5127,1281.75,topo,gyrase,0.25
5127,1281.75,RNAP,RNAP,1.0
5127,1281.75,mRNA,tetA,18.0
5127,1281.75,mRNA,Raspberry,2.0
5127,1281.75,mRNA,mKalama1,1.0
5128,1282.0,topo,topoI,0.25
5128,1282.0,topo,gyrase,0.25
5128,1282.0,RNAP,RNAP,1.0
5128,1282.0,mRNA,tetA,18.0
5128,1282.0,mRNA,Raspberry,2.0
5128,1282.0,mRNA,mKalama1,1.0
5129,1282.25,topo,topoI,0.25
5129,1282.25,topo,gyrase,0.25
5129,1282.25,RNAP,RNAP,1.0
5129,1282.25,mRNA,tetA,18.0
5129,1282.25,mRNA,Raspberry,2.0
5129,1282.25,mRNA,mKalama1,1.0
5130,1282.5,topo,topoI,0.25
5130,1282.5,topo,gyrase,0.25
5130,1282.5,RNAP,RNAP,1.0
5130,1282.5,mRNA,tetA,18.0
5130,1282.5,mRNA,Raspberry,2.0
5130,1282.5,mRNA,mKalama1,1.0
5131,1282.75,topo,topoI,0.25
5131,1282.75,topo,gyrase,0.25
5131,1282.75,RNAP,RNAP,1.0
5131,1282.75,mRNA,tetA,18.0
5131,1282.75,mRNA,Raspberry,2.0
5131,1282.75,mRNA,mKalama1,1.0
5132,1283.0,topo,topoI,0.25
5132,1283.0,topo,gyrase,0.25
5132,1283.0,RNAP,RNAP,1.0
5132,1283.0,mRNA,tetA,18.0
5132,1283.0,mRNA,Raspberry,2.0
5132,1283.0,mRNA,mKalama1,1.0
5133,1283.25,topo,topoI,0.25
5133,1283.25,topo,gyrase,0.25
5133,1283.25,RNAP,RNAP,1.0
5133,1283.25,mRNA,tetA,18.0
5133,1283.25,mRNA,Raspberry,2.0
5133,1283.25,mRNA,mKalama1,1.0
5134,1283.5,topo,topoI,0.25
5134,1283.5,topo,gyrase,0.25
5134,1283.5,RNAP,RNAP,1.0
5134,1283.5,mRNA,tetA,18.0
5134,1283.5,mRNA,Raspberry,2.0
5134,1283.5,mRNA,mKalama1,1.0
5135,1283.75,topo,topoI,0.25
5135,1283.75,topo,gyrase,0.25
5135,1283.75,RNAP,RNAP,1.0
5135,1283.75,mRNA,tetA,18.0
5135,1283.75,mRNA,Raspberry,2.0
5135,1283.75,mRNA,mKalama1,1.0
5136,1284.0,topo,topoI,0.25
5136,1284.0,topo,gyrase,0.25
5136,1284.0,RNAP,RNAP,1.0
5136,1284.0,mRNA,tetA,18.0
5136,1284.0,mRNA,Raspberry,2.0
5136,1284.0,mRNA,mKalama1,1.0
5137,1284.25,topo,topoI,0.25
5137,1284.25,topo,gyrase,0.25
5137,1284.25,RNAP,RNAP,1.0
5137,1284.25,mRNA,tetA,18.0
5137,1284.25,mRNA,Raspberry,2.0
5137,1284.25,mRNA,mKalama1,1.0
5138,1284.5,topo,topoI,0.25
5138,1284.5,topo,gyrase,0.25
5138,1284.5,RNAP,RNAP,1.0
5138,1284.5,mRNA,tetA,18.0
5138,1284.5,mRNA,Raspberry,2.0
5138,1284.5,mRNA,mKalama1,1.0
5139,1284.75,topo,topoI,0.25
5139,1284.75,topo,gyrase,0.25
5139,1284.75,RNAP,RNAP,1.0
5139,1284.75,mRNA,tetA,18.0
5139,1284.75,mRNA,Raspberry,2.0
5139,1284.75,mRNA,mKalama1,1.0
5140,1285.0,topo,topoI,0.25
5140,1285.0,topo,gyrase,0.25
5140,1285.0,RNAP,RNAP,1.0
5140,1285.0,mRNA,tetA,18.0
5140,1285.0,mRNA,Raspberry,2.0
5140,1285.0,mRNA,mKalama1,1.0
5141,1285.25,topo,topoI,0.25
5141,1285.25,topo,gyrase,0.25
5141,1285.25,RNAP,RNAP,1.0
5141,1285.25,mRNA,tetA,18.0
5141,1285.25,mRNA,Raspberry,2.0
5141,1285.25,mRNA,mKalama1,1.0
5142,1285.5,topo,topoI,0.25
5142,1285.5,topo,gyrase,0.25
5142,1285.5,RNAP,RNAP,1.0
5142,1285.5,mRNA,tetA,18.0
5142,1285.5,mRNA,Raspberry,2.0
5142,1285.5,mRNA,mKalama1,1.0
5143,1285.75,topo,topoI,0.25
5143,1285.75,topo,gyrase,0.25
5143,1285.75,RNAP,RNAP,1.0
5143,1285.75,mRNA,tetA,18.0
5143,1285.75,mRNA,Raspberry,2.0
5143,1285.75,mRNA,mKalama1,1.0
5144,1286.0,topo,topoI,0.25
5144,1286.0,topo,gyrase,0.25
5144,1286.0,RNAP,RNAP,1.0
5144,1286.0,mRNA,tetA,18.0
5144,1286.0,mRNA,Raspberry,2.0
5144,1286.0,mRNA,mKalama1,1.0
5145,1286.25,topo,topoI,0.25
5145,1286.25,topo,gyrase,0.25
5145,1286.25,RNAP,RNAP,1.0
5145,1286.25,mRNA,tetA,18.0
5145,1286.25,mRNA,Raspberry,2.0
5145,1286.25,mRNA,mKalama1,1.0
5146,1286.5,topo,topoI,0.25
5146,1286.5,topo,gyrase,0.25
5146,1286.5,RNAP,RNAP,1.0
5146,1286.5,mRNA,tetA,18.0
5146,1286.5,mRNA,Raspberry,2.0
5146,1286.5,mRNA,mKalama1,1.0
5147,1286.75,topo,topoI,0.25
5147,1286.75,topo,gyrase,0.25
5147,1286.75,RNAP,RNAP,1.0
5147,1286.75,mRNA,tetA,18.0
5147,1286.75,mRNA,Raspberry,2.0
5147,1286.75,mRNA,mKalama1,1.0
5148,1287.0,topo,topoI,0.25
5148,1287.0,topo,gyrase,0.25
5148,1287.0,RNAP,RNAP,1.0
5148,1287.0,mRNA,tetA,18.0
5148,1287.0,mRNA,Raspberry,2.0
5148,1287.0,mRNA,mKalama1,1.0
5149,1287.25,topo,topoI,0.25
5149,1287.25,topo,gyrase,0.25
5149,1287.25,RNAP,RNAP,1.0
5149,1287.25,mRNA,tetA,18.0
5149,1287.25,mRNA,Raspberry,2.0
5149,1287.25,mRNA,mKalama1,1.0
5150,1287.5,topo,topoI,0.25
5150,1287.5,topo,gyrase,0.25
5150,1287.5,RNAP,RNAP,1.0
5150,1287.5,mRNA,tetA,18.0
5150,1287.5,mRNA,Raspberry,2.0
5150,1287.5,mRNA,mKalama1,1.0
5151,1287.75,topo,topoI,0.25
5151,1287.75,topo,gyrase,0.25
5151,1287.75,RNAP,RNAP,1.0
5151,1287.75,mRNA,tetA,18.0
5151,1287.75,mRNA,Raspberry,2.0
5151,1287.75,mRNA,mKalama1,1.0
5152,1288.0,topo,topoI,0.25
5152,1288.0,topo,gyrase,0.25
5152,1288.0,RNAP,RNAP,1.0
5152,1288.0,mRNA,tetA,18.0
5152,1288.0,mRNA,Raspberry,2.0
5152,1288.0,mRNA,mKalama1,1.0
5153,1288.25,topo,topoI,0.25
5153,1288.25,topo,gyrase,0.25
5153,1288.25,RNAP,RNAP,1.0
5153,1288.25,mRNA,tetA,18.0
5153,1288.25,mRNA,Raspberry,2.0
5153,1288.25,mRNA,mKalama1,1.0
5154,1288.5,topo,topoI,0.25
5154,1288.5,topo,gyrase,0.25
5154,1288.5,RNAP,RNAP,1.0
5154,1288.5,mRNA,tetA,18.0
5154,1288.5,mRNA,Raspberry,2.0
5154,1288.5,mRNA,mKalama1,1.0
5155,1288.75,topo,topoI,0.25
5155,1288.75,topo,gyrase,0.25
5155,1288.75,RNAP,RNAP,1.0
5155,1288.75,mRNA,tetA,18.0
5155,1288.75,mRNA,Raspberry,2.0
5155,1288.75,mRNA,mKalama1,1.0
5156,1289.0,topo,topoI,0.25
5156,1289.0,topo,gyrase,0.25
5156,1289.0,RNAP,RNAP,1.0
5156,1289.0,mRNA,tetA,18.0
5156,1289.0,mRNA,Raspberry,2.0
5156,1289.0,mRNA,mKalama1,1.0
5157,1289.25,topo,topoI,0.25
5157,1289.25,topo,gyrase,0.25
5157,1289.25,RNAP,RNAP,1.0
5157,1289.25,mRNA,tetA,18.0
5157,1289.25,mRNA,Raspberry,2.0
5157,1289.25,mRNA,mKalama1,1.0
5158,1289.5,topo,topoI,0.25
5158,1289.5,topo,gyrase,0.25
5158,1289.5,RNAP,RNAP,1.0
5158,1289.5,mRNA,tetA,18.0
5158,1289.5,mRNA,Raspberry,2.0
5158,1289.5,mRNA,mKalama1,1.0
5159,1289.75,topo,topoI,0.25
5159,1289.75,topo,gyrase,0.25
5159,1289.75,RNAP,RNAP,1.0
5159,1289.75,mRNA,tetA,18.0
5159,1289.75,mRNA,Raspberry,2.0
5159,1289.75,mRNA,mKalama1,1.0
5160,1290.0,topo,topoI,0.25
5160,1290.0,topo,gyrase,0.25
5160,1290.0,RNAP,RNAP,1.0
5160,1290.0,mRNA,tetA,18.0
5160,1290.0,mRNA,Raspberry,2.0
5160,1290.0,mRNA,mKalama1,1.0
5161,1290.25,topo,topoI,0.25
5161,1290.25,topo,gyrase,0.25
5161,1290.25,RNAP,RNAP,1.0
5161,1290.25,mRNA,tetA,18.0
5161,1290.25,mRNA,Raspberry,2.0
5161,1290.25,mRNA,mKalama1,1.0
5162,1290.5,topo,topoI,0.25
5162,1290.5,topo,gyrase,0.25
5162,1290.5,RNAP,RNAP,1.0
5162,1290.5,mRNA,tetA,18.0
5162,1290.5,mRNA,Raspberry,2.0
5162,1290.5,mRNA,mKalama1,1.0
5163,1290.75,topo,topoI,0.25
5163,1290.75,topo,gyrase,0.25
5163,1290.75,RNAP,RNAP,1.0
5163,1290.75,mRNA,tetA,18.0
5163,1290.75,mRNA,Raspberry,2.0
5163,1290.75,mRNA,mKalama1,1.0
5164,1291.0,topo,topoI,0.25
5164,1291.0,topo,gyrase,0.25
5164,1291.0,RNAP,RNAP,1.0
5164,1291.0,mRNA,tetA,18.0
5164,1291.0,mRNA,Raspberry,2.0
5164,1291.0,mRNA,mKalama1,1.0
5165,1291.25,topo,topoI,0.25
5165,1291.25,topo,gyrase,0.25
5165,1291.25,RNAP,RNAP,1.0
5165,1291.25,mRNA,tetA,18.0
5165,1291.25,mRNA,Raspberry,2.0
5165,1291.25,mRNA,mKalama1,1.0
5166,1291.5,topo,topoI,0.25
5166,1291.5,topo,gyrase,0.25
5166,1291.5,RNAP,RNAP,1.0
5166,1291.5,mRNA,tetA,18.0
5166,1291.5,mRNA,Raspberry,2.0
5166,1291.5,mRNA,mKalama1,1.0
5167,1291.75,topo,topoI,0.25
5167,1291.75,topo,gyrase,0.25
5167,1291.75,RNAP,RNAP,1.0
5167,1291.75,mRNA,tetA,18.0
5167,1291.75,mRNA,Raspberry,2.0
5167,1291.75,mRNA,mKalama1,1.0
5168,1292.0,topo,topoI,0.25
5168,1292.0,topo,gyrase,0.25
5168,1292.0,RNAP,RNAP,1.0
5168,1292.0,mRNA,tetA,18.0
5168,1292.0,mRNA,Raspberry,2.0
5168,1292.0,mRNA,mKalama1,1.0
5169,1292.25,topo,topoI,0.25
5169,1292.25,topo,gyrase,0.25
5169,1292.25,RNAP,RNAP,1.0
5169,1292.25,mRNA,tetA,18.0
5169,1292.25,mRNA,Raspberry,2.0
5169,1292.25,mRNA,mKalama1,1.0
5170,1292.5,topo,topoI,0.25
5170,1292.5,topo,gyrase,0.25
5170,1292.5,RNAP,RNAP,1.0
5170,1292.5,mRNA,tetA,18.0
5170,1292.5,mRNA,Raspberry,2.0
5170,1292.5,mRNA,mKalama1,1.0
5171,1292.75,topo,topoI,0.25
5171,1292.75,topo,gyrase,0.25
5171,1292.75,RNAP,RNAP,1.0
5171,1292.75,mRNA,tetA,18.0
5171,1292.75,mRNA,Raspberry,2.0
5171,1292.75,mRNA,mKalama1,1.0
5172,1293.0,topo,topoI,0.25
5172,1293.0,topo,gyrase,0.25
5172,1293.0,RNAP,RNAP,1.0
5172,1293.0,mRNA,tetA,18.0
5172,1293.0,mRNA,Raspberry,2.0
5172,1293.0,mRNA,mKalama1,1.0
5173,1293.25,topo,topoI,0.25
5173,1293.25,topo,gyrase,0.25
5173,1293.25,RNAP,RNAP,1.0
5173,1293.25,mRNA,tetA,18.0
5173,1293.25,mRNA,Raspberry,2.0
5173,1293.25,mRNA,mKalama1,1.0
5174,1293.5,topo,topoI,0.25
5174,1293.5,topo,gyrase,0.25
5174,1293.5,RNAP,RNAP,1.0
5174,1293.5,mRNA,tetA,18.0
5174,1293.5,mRNA,Raspberry,2.0
5174,1293.5,mRNA,mKalama1,1.0
5175,1293.75,topo,topoI,0.25
5175,1293.75,topo,gyrase,0.25
5175,1293.75,RNAP,RNAP,1.0
5175,1293.75,mRNA,tetA,18.0
5175,1293.75,mRNA,Raspberry,2.0
5175,1293.75,mRNA,mKalama1,1.0
5176,1294.0,topo,topoI,0.25
5176,1294.0,topo,gyrase,0.25
5176,1294.0,RNAP,RNAP,1.0
5176,1294.0,mRNA,tetA,18.0
5176,1294.0,mRNA,Raspberry,2.0
5176,1294.0,mRNA,mKalama1,1.0
5177,1294.25,topo,topoI,0.25
5177,1294.25,topo,gyrase,0.25
5177,1294.25,RNAP,RNAP,1.0
5177,1294.25,mRNA,tetA,18.0
5177,1294.25,mRNA,Raspberry,2.0
5177,1294.25,mRNA,mKalama1,1.0
5178,1294.5,topo,topoI,0.25
5178,1294.5,topo,gyrase,0.25
5178,1294.5,RNAP,RNAP,1.0
5178,1294.5,mRNA,tetA,18.0
5178,1294.5,mRNA,Raspberry,2.0
5178,1294.5,mRNA,mKalama1,1.0
5179,1294.75,topo,topoI,0.25
5179,1294.75,topo,gyrase,0.25
5179,1294.75,RNAP,RNAP,1.0
5179,1294.75,mRNA,tetA,18.0
5179,1294.75,mRNA,Raspberry,2.0
5179,1294.75,mRNA,mKalama1,1.0
5180,1295.0,topo,topoI,0.25
5180,1295.0,topo,gyrase,0.25
5180,1295.0,RNAP,RNAP,1.0
5180,1295.0,mRNA,tetA,18.0
5180,1295.0,mRNA,Raspberry,2.0
5180,1295.0,mRNA,mKalama1,1.0
5181,1295.25,topo,topoI,0.25
5181,1295.25,topo,gyrase,0.25
5181,1295.25,RNAP,RNAP,1.0
5181,1295.25,mRNA,tetA,18.0
5181,1295.25,mRNA,Raspberry,2.0
5181,1295.25,mRNA,mKalama1,1.0
5182,1295.5,topo,topoI,0.25
5182,1295.5,topo,gyrase,0.25
5182,1295.5,RNAP,RNAP,1.0
5182,1295.5,mRNA,tetA,18.0
5182,1295.5,mRNA,Raspberry,2.0
5182,1295.5,mRNA,mKalama1,1.0
5183,1295.75,topo,topoI,0.25
5183,1295.75,topo,gyrase,0.25
5183,1295.75,RNAP,RNAP,1.0
5183,1295.75,mRNA,tetA,18.0
5183,1295.75,mRNA,Raspberry,2.0
5183,1295.75,mRNA,mKalama1,1.0
5184,1296.0,topo,topoI,0.25
5184,1296.0,topo,gyrase,0.25
5184,1296.0,RNAP,RNAP,1.0
5184,1296.0,mRNA,tetA,18.0
5184,1296.0,mRNA,Raspberry,2.0
5184,1296.0,mRNA,mKalama1,1.0
5185,1296.25,topo,topoI,0.25
5185,1296.25,topo,gyrase,0.25
5185,1296.25,RNAP,RNAP,1.0
5185,1296.25,mRNA,tetA,18.0
5185,1296.25,mRNA,Raspberry,2.0
5185,1296.25,mRNA,mKalama1,1.0
5186,1296.5,topo,topoI,0.25
5186,1296.5,topo,gyrase,0.25
5186,1296.5,RNAP,RNAP,1.0
5186,1296.5,mRNA,tetA,18.0
5186,1296.5,mRNA,Raspberry,2.0
5186,1296.5,mRNA,mKalama1,1.0
5187,1296.75,topo,topoI,0.25
5187,1296.75,topo,gyrase,0.25
5187,1296.75,RNAP,RNAP,1.0
5187,1296.75,mRNA,tetA,18.0
5187,1296.75,mRNA,Raspberry,2.0
5187,1296.75,mRNA,mKalama1,1.0
5188,1297.0,topo,topoI,0.25
5188,1297.0,topo,gyrase,0.25
5188,1297.0,RNAP,RNAP,1.0
5188,1297.0,mRNA,tetA,18.0
5188,1297.0,mRNA,Raspberry,2.0
5188,1297.0,mRNA,mKalama1,1.0
5189,1297.25,topo,topoI,0.25
5189,1297.25,topo,gyrase,0.25
5189,1297.25,RNAP,RNAP,1.0
5189,1297.25,mRNA,tetA,18.0
5189,1297.25,mRNA,Raspberry,2.0
5189,1297.25,mRNA,mKalama1,1.0
5190,1297.5,topo,topoI,0.25
5190,1297.5,topo,gyrase,0.25
5190,1297.5,RNAP,RNAP,1.0
5190,1297.5,mRNA,tetA,18.0
5190,1297.5,mRNA,Raspberry,2.0
5190,1297.5,mRNA,mKalama1,1.0
5191,1297.75,topo,topoI,0.25
5191,1297.75,topo,gyrase,0.25
5191,1297.75,RNAP,RNAP,1.0
5191,1297.75,mRNA,tetA,18.0
5191,1297.75,mRNA,Raspberry,2.0
5191,1297.75,mRNA,mKalama1,1.0
5192,1298.0,topo,topoI,0.25
5192,1298.0,topo,gyrase,0.25
5192,1298.0,RNAP,RNAP,1.0
5192,1298.0,mRNA,tetA,18.0
5192,1298.0,mRNA,Raspberry,2.0
5192,1298.0,mRNA,mKalama1,1.0
5193,1298.25,topo,topoI,0.25
5193,1298.25,topo,gyrase,0.25
5193,1298.25,RNAP,RNAP,1.0
5193,1298.25,mRNA,tetA,18.0
5193,1298.25,mRNA,Raspberry,2.0
5193,1298.25,mRNA,mKalama1,1.0
5194,1298.5,topo,topoI,0.25
5194,1298.5,topo,gyrase,0.25
5194,1298.5,RNAP,RNAP,1.0
5194,1298.5,mRNA,tetA,18.0
5194,1298.5,mRNA,Raspberry,2.0
5194,1298.5,mRNA,mKalama1,1.0
5195,1298.75,topo,topoI,0.25
5195,1298.75,topo,gyrase,0.25
5195,1298.75,RNAP,RNAP,1.0
5195,1298.75,mRNA,tetA,18.0
5195,1298.75,mRNA,Raspberry,2.0
5195,1298.75,mRNA,mKalama1,1.0
5196,1299.0,topo,topoI,0.25
5196,1299.0,topo,gyrase,0.25
5196,1299.0,RNAP,RNAP,1.0
5196,1299.0,mRNA,tetA,18.0
5196,1299.0,mRNA,Raspberry,2.0
5196,1299.0,mRNA,mKalama1,1.0
5197,1299.25,topo,topoI,0.25
5197,1299.25,topo,gyrase,0.25
5197,1299.25,RNAP,RNAP,1.0
5197,1299.25,mRNA,tetA,18.0
5197,1299.25,mRNA,Raspberry,2.0
5197,1299.25,mRNA,mKalama1,1.0
5198,1299.5,topo,topoI,0.25
5198,1299.5,topo,gyrase,0.25
5198,1299.5,RNAP,RNAP,1.0
5198,1299.5,mRNA,tetA,18.0
5198,1299.5,mRNA,Raspberry,2.0
5198,1299.5,mRNA,mKalama1,1.0
5199,1299.75,topo,topoI,0.25
5199,1299.75,topo,gyrase,0.25
5199,1299.75,RNAP,RNAP,1.0
5199,1299.75,mRNA,tetA,18.0
5199,1299.75,mRNA,Raspberry,2.0
5199,1299.75,mRNA,mKalama1,1.0
5200,1300.0,topo,topoI,0.25
5200,1300.0,topo,gyrase,0.25
5200,1300.0,RNAP,RNAP,1.0
5200,1300.0,mRNA,tetA,18.0
5200,1300.0,mRNA,Raspberry,2.0
5200,1300.0,mRNA,mKalama1,1.0
5201,1300.25,topo,topoI,0.25
5201,1300.25,topo,gyrase,0.25
5201,1300.25,RNAP,RNAP,1.0
5201,1300.25,mRNA,tetA,18.0
5201,1300.25,mRNA,Raspberry,2.0
5201,1300.25,mRNA,mKalama1,1.0
5202,1300.5,topo,topoI,0.25
5202,1300.5,topo,gyrase,0.25
5202,1300.5,RNAP,RNAP,1.0
5202,1300.5,mRNA,tetA,18.0
5202,1300.5,mRNA,Raspberry,2.0
5202,1300.5,mRNA,mKalama1,1.0
5203,1300.75,topo,topoI,0.25
5203,1300.75,topo,gyrase,0.25
5203,1300.75,RNAP,RNAP,1.0
5203,1300.75,mRNA,tetA,18.0
5203,1300.75,mRNA,Raspberry,2.0
5203,1300.75,mRNA,mKalama1,1.0
5204,1301.0,topo,topoI,0.25
5204,1301.0,topo,gyrase,0.25
5204,1301.0,RNAP,RNAP,1.0
5204,1301.0,mRNA,tetA,18.0
5204,1301.0,mRNA,Raspberry,2.0
5204,1301.0,mRNA,mKalama1,1.0
5205,1301.25,topo,topoI,0.25
5205,1301.25,topo,gyrase,0.25
5205,1301.25,RNAP,RNAP,1.0
5205,1301.25,mRNA,tetA,18.0
5205,1301.25,mRNA,Raspberry,2.0
5205,1301.25,mRNA,mKalama1,1.0
5206,1301.5,topo,topoI,0.25
5206,1301.5,topo,gyrase,0.25
5206,1301.5,RNAP,RNAP,1.0
5206,1301.5,mRNA,tetA,18.0
5206,1301.5,mRNA,Raspberry,2.0
5206,1301.5,mRNA,mKalama1,1.0
5207,1301.75,topo,topoI,0.25
5207,1301.75,topo,gyrase,0.25
5207,1301.75,RNAP,RNAP,1.0
5207,1301.75,mRNA,tetA,18.0
5207,1301.75,mRNA,Raspberry,2.0
5207,1301.75,mRNA,mKalama1,1.0
5208,1302.0,topo,topoI,0.25
5208,1302.0,topo,gyrase,0.25
5208,1302.0,RNAP,RNAP,1.0
5208,1302.0,mRNA,tetA,18.0
5208,1302.0,mRNA,Raspberry,2.0
5208,1302.0,mRNA,mKalama1,1.0
5209,1302.25,topo,topoI,0.25
5209,1302.25,topo,gyrase,0.25
5209,1302.25,RNAP,RNAP,1.0
5209,1302.25,mRNA,tetA,18.0
5209,1302.25,mRNA,Raspberry,2.0
5209,1302.25,mRNA,mKalama1,1.0
5210,1302.5,topo,topoI,0.25
5210,1302.5,topo,gyrase,0.25
5210,1302.5,RNAP,RNAP,1.0
5210,1302.5,mRNA,tetA,18.0
5210,1302.5,mRNA,Raspberry,2.0
5210,1302.5,mRNA,mKalama1,1.0
5211,1302.75,topo,topoI,0.25
5211,1302.75,topo,gyrase,0.25
5211,1302.75,RNAP,RNAP,1.0
5211,1302.75,mRNA,tetA,18.0
5211,1302.75,mRNA,Raspberry,2.0
5211,1302.75,mRNA,mKalama1,1.0
5212,1303.0,topo,topoI,0.25
5212,1303.0,topo,gyrase,0.25
5212,1303.0,RNAP,RNAP,1.0
5212,1303.0,mRNA,tetA,18.0
5212,1303.0,mRNA,Raspberry,2.0
5212,1303.0,mRNA,mKalama1,1.0
5213,1303.25,topo,topoI,0.25
5213,1303.25,topo,gyrase,0.25
5213,1303.25,RNAP,RNAP,1.0
5213,1303.25,mRNA,tetA,18.0
5213,1303.25,mRNA,Raspberry,2.0
5213,1303.25,mRNA,mKalama1,2.0
5214,1303.5,topo,topoI,0.25
5214,1303.5,topo,gyrase,0.25
5214,1303.5,RNAP,RNAP,1.0
5214,1303.5,mRNA,tetA,18.0
5214,1303.5,mRNA,Raspberry,2.0
5214,1303.5,mRNA,mKalama1,2.0
5215,1303.75,topo,topoI,0.25
5215,1303.75,topo,gyrase,0.25
5215,1303.75,RNAP,RNAP,1.0
5215,1303.75,mRNA,tetA,18.0
5215,1303.75,mRNA,Raspberry,2.0
5215,1303.75,mRNA,mKalama1,2.0
5216,1304.0,topo,topoI,0.25
5216,1304.0,topo,gyrase,0.25
5216,1304.0,RNAP,RNAP,1.0
5216,1304.0,mRNA,tetA,18.0
5216,1304.0,mRNA,Raspberry,2.0
5216,1304.0,mRNA,mKalama1,2.0
5217,1304.25,topo,topoI,0.25
5217,1304.25,topo,gyrase,0.25
5217,1304.25,RNAP,RNAP,1.0
5217,1304.25,mRNA,tetA,18.0
5217,1304.25,mRNA,Raspberry,2.0
5217,1304.25,mRNA,mKalama1,2.0
5218,1304.5,topo,topoI,0.25
5218,1304.5,topo,gyrase,0.25
5218,1304.5,RNAP,RNAP,1.0
5218,1304.5,mRNA,tetA,18.0
5218,1304.5,mRNA,Raspberry,2.0
5218,1304.5,mRNA,mKalama1,2.0
5219,1304.75,topo,topoI,0.25
5219,1304.75,topo,gyrase,0.25
5219,1304.75,RNAP,RNAP,1.0
5219,1304.75,mRNA,tetA,18.0
5219,1304.75,mRNA,Raspberry,2.0
5219,1304.75,mRNA,mKalama1,2.0
5220,1305.0,topo,topoI,0.25
5220,1305.0,topo,gyrase,0.25
5220,1305.0,RNAP,RNAP,1.0
5220,1305.0,mRNA,tetA,18.0
5220,1305.0,mRNA,Raspberry,2.0
5220,1305.0,mRNA,mKalama1,2.0
5221,1305.25,topo,topoI,0.25
5221,1305.25,topo,gyrase,0.25
5221,1305.25,RNAP,RNAP,1.0
5221,1305.25,mRNA,tetA,18.0
5221,1305.25,mRNA,Raspberry,2.0
5221,1305.25,mRNA,mKalama1,2.0
5222,1305.5,topo,topoI,0.25
5222,1305.5,topo,gyrase,0.25
5222,1305.5,RNAP,RNAP,1.0
5222,1305.5,mRNA,tetA,18.0
5222,1305.5,mRNA,Raspberry,2.0
5222,1305.5,mRNA,mKalama1,2.0
5223,1305.75,topo,topoI,0.25
5223,1305.75,topo,gyrase,0.25
5223,1305.75,RNAP,RNAP,1.0
5223,1305.75,mRNA,tetA,18.0
5223,1305.75,mRNA,Raspberry,2.0
5223,1305.75,mRNA,mKalama1,2.0
5224,1306.0,topo,topoI,0.25
5224,1306.0,topo,gyrase,0.25
5224,1306.0,RNAP,RNAP,1.0
5224,1306.0,mRNA,tetA,18.0
5224,1306.0,mRNA,Raspberry,2.0
5224,1306.0,mRNA,mKalama1,2.0
5225,1306.25,topo,topoI,0.25
5225,1306.25,topo,gyrase,0.25
5225,1306.25,RNAP,RNAP,1.0
5225,1306.25,mRNA,tetA,18.0
5225,1306.25,mRNA,Raspberry,2.0
5225,1306.25,mRNA,mKalama1,2.0
5226,1306.5,topo,topoI,0.25
5226,1306.5,topo,gyrase,0.25
5226,1306.5,RNAP,RNAP,1.0
5226,1306.5,mRNA,tetA,18.0
5226,1306.5,mRNA,Raspberry,2.0
5226,1306.5,mRNA,mKalama1,2.0
5227,1306.75,topo,topoI,0.25
5227,1306.75,topo,gyrase,0.25
5227,1306.75,RNAP,RNAP,1.0
5227,1306.75,mRNA,tetA,18.0
5227,1306.75,mRNA,Raspberry,2.0
5227,1306.75,mRNA,mKalama1,2.0
5228,1307.0,topo,topoI,0.25
5228,1307.0,topo,gyrase,0.25
5228,1307.0,RNAP,RNAP,1.0
5228,1307.0,mRNA,tetA,18.0
5228,1307.0,mRNA,Raspberry,2.0
5228,1307.0,mRNA,mKalama1,2.0
5229,1307.25,topo,topoI,0.25
5229,1307.25,topo,gyrase,0.25
5229,1307.25,RNAP,RNAP,1.0
5229,1307.25,mRNA,tetA,18.0
5229,1307.25,mRNA,Raspberry,2.0
5229,1307.25,mRNA,mKalama1,2.0
5230,1307.5,topo,topoI,0.25
5230,1307.5,topo,gyrase,0.25
5230,1307.5,RNAP,RNAP,1.0
5230,1307.5,mRNA,tetA,18.0
5230,1307.5,mRNA,Raspberry,2.0
5230,1307.5,mRNA,mKalama1,2.0
5231,1307.75,topo,topoI,0.25
5231,1307.75,topo,gyrase,0.25
5231,1307.75,RNAP,RNAP,1.0
5231,1307.75,mRNA,tetA,18.0
5231,1307.75,mRNA,Raspberry,2.0
5231,1307.75,mRNA,mKalama1,2.0
5232,1308.0,topo,topoI,0.25
5232,1308.0,topo,gyrase,0.25
5232,1308.0,RNAP,RNAP,1.0
5232,1308.0,mRNA,tetA,18.0
5232,1308.0,mRNA,Raspberry,2.0
5232,1308.0,mRNA,mKalama1,2.0
5233,1308.25,topo,topoI,0.25
5233,1308.25,topo,gyrase,0.25
5233,1308.25,RNAP,RNAP,1.0
5233,1308.25,mRNA,tetA,18.0
5233,1308.25,mRNA,Raspberry,2.0
5233,1308.25,mRNA,mKalama1,2.0
5234,1308.5,topo,topoI,0.25
5234,1308.5,topo,gyrase,0.25
5234,1308.5,RNAP,RNAP,1.0
5234,1308.5,mRNA,tetA,18.0
5234,1308.5,mRNA,Raspberry,2.0
5234,1308.5,mRNA,mKalama1,2.0
5235,1308.75,topo,topoI,0.25
5235,1308.75,topo,gyrase,0.25
5235,1308.75,RNAP,RNAP,1.0
5235,1308.75,mRNA,tetA,18.0
5235,1308.75,mRNA,Raspberry,2.0
5235,1308.75,mRNA,mKalama1,2.0
5236,1309.0,topo,topoI,0.25
5236,1309.0,topo,gyrase,0.25
5236,1309.0,RNAP,RNAP,1.0
5236,1309.0,mRNA,tetA,18.0
5236,1309.0,mRNA,Raspberry,2.0
5236,1309.0,mRNA,mKalama1,2.0
5237,1309.25,topo,topoI,0.25
5237,1309.25,topo,gyrase,0.25
5237,1309.25,RNAP,RNAP,1.0
5237,1309.25,mRNA,tetA,18.0
5237,1309.25,mRNA,Raspberry,2.0
5237,1309.25,mRNA,mKalama1,2.0
5238,1309.5,topo,topoI,0.25
5238,1309.5,topo,gyrase,0.25
5238,1309.5,RNAP,RNAP,1.0
5238,1309.5,mRNA,tetA,18.0
5238,1309.5,mRNA,Raspberry,2.0
5238,1309.5,mRNA,mKalama1,2.0
5239,1309.75,topo,topoI,0.25
5239,1309.75,topo,gyrase,0.25
5239,1309.75,RNAP,RNAP,1.0
5239,1309.75,mRNA,tetA,18.0
5239,1309.75,mRNA,Raspberry,2.0
5239,1309.75,mRNA,mKalama1,2.0
5240,1310.0,topo,topoI,0.25
5240,1310.0,topo,gyrase,0.25
5240,1310.0,RNAP,RNAP,1.0
5240,1310.0,mRNA,tetA,18.0
5240,1310.0,mRNA,Raspberry,2.0
5240,1310.0,mRNA,mKalama1,2.0
5241,1310.25,topo,topoI,0.25
5241,1310.25,topo,gyrase,0.25
5241,1310.25,RNAP,RNAP,1.0
5241,1310.25,mRNA,tetA,18.0
5241,1310.25,mRNA,Raspberry,2.0
5241,1310.25,mRNA,mKalama1,2.0
5242,1310.5,topo,topoI,0.25
5242,1310.5,topo,gyrase,0.25
5242,1310.5,RNAP,RNAP,1.0
5242,1310.5,mRNA,tetA,18.0
5242,1310.5,mRNA,Raspberry,2.0
5242,1310.5,mRNA,mKalama1,2.0
5243,1310.75,topo,topoI,0.25
5243,1310.75,topo,gyrase,0.25
5243,1310.75,RNAP,RNAP,1.0
5243,1310.75,mRNA,tetA,18.0
5243,1310.75,mRNA,Raspberry,2.0
5243,1310.75,mRNA,mKalama1,2.0
5244,1311.0,topo,topoI,0.25
5244,1311.0,topo,gyrase,0.25
5244,1311.0,RNAP,RNAP,1.0
5244,1311.0,mRNA,tetA,18.0
5244,1311.0,mRNA,Raspberry,2.0
5244,1311.0,mRNA,mKalama1,2.0
5245,1311.25,topo,topoI,0.25
5245,1311.25,topo,gyrase,0.25
5245,1311.25,RNAP,RNAP,1.0
5245,1311.25,mRNA,tetA,18.0
5245,1311.25,mRNA,Raspberry,2.0
5245,1311.25,mRNA,mKalama1,2.0
5246,1311.5,topo,topoI,0.25
5246,1311.5,topo,gyrase,0.25
5246,1311.5,RNAP,RNAP,1.0
5246,1311.5,mRNA,tetA,18.0
5246,1311.5,mRNA,Raspberry,2.0
5246,1311.5,mRNA,mKalama1,2.0
5247,1311.75,topo,topoI,0.25
5247,1311.75,topo,gyrase,0.25
5247,1311.75,RNAP,RNAP,1.0
5247,1311.75,mRNA,tetA,18.0
5247,1311.75,mRNA,Raspberry,2.0
5247,1311.75,mRNA,mKalama1,2.0
5248,1312.0,topo,topoI,0.25
5248,1312.0,topo,gyrase,0.25
5248,1312.0,RNAP,RNAP,1.0
5248,1312.0,mRNA,tetA,18.0
5248,1312.0,mRNA,Raspberry,2.0
5248,1312.0,mRNA,mKalama1,2.0
5249,1312.25,topo,topoI,0.25
5249,1312.25,topo,gyrase,0.25
5249,1312.25,RNAP,RNAP,1.0
5249,1312.25,mRNA,tetA,18.0
5249,1312.25,mRNA,Raspberry,2.0
5249,1312.25,mRNA,mKalama1,2.0
5250,1312.5,topo,topoI,0.25
5250,1312.5,topo,gyrase,0.25
5250,1312.5,RNAP,RNAP,1.0
5250,1312.5,mRNA,tetA,18.0
5250,1312.5,mRNA,Raspberry,2.0
5250,1312.5,mRNA,mKalama1,2.0
5251,1312.75,topo,topoI,0.25
5251,1312.75,topo,gyrase,0.25
5251,1312.75,RNAP,RNAP,1.0
5251,1312.75,mRNA,tetA,18.0
5251,1312.75,mRNA,Raspberry,2.0
5251,1312.75,mRNA,mKalama1,2.0
5252,1313.0,topo,topoI,0.25
5252,1313.0,topo,gyrase,0.25
5252,1313.0,RNAP,RNAP,1.0
5252,1313.0,mRNA,tetA,18.0
5252,1313.0,mRNA,Raspberry,2.0
5252,1313.0,mRNA,mKalama1,2.0
5253,1313.25,topo,topoI,0.25
5253,1313.25,topo,gyrase,0.25
5253,1313.25,RNAP,RNAP,1.0
5253,1313.25,mRNA,tetA,18.0
5253,1313.25,mRNA,Raspberry,2.0
5253,1313.25,mRNA,mKalama1,2.0
5254,1313.5,topo,topoI,0.25
5254,1313.5,topo,gyrase,0.25
5254,1313.5,RNAP,RNAP,1.0
5254,1313.5,mRNA,tetA,18.0
5254,1313.5,mRNA,Raspberry,2.0
5254,1313.5,mRNA,mKalama1,2.0
5255,1313.75,topo,topoI,0.25
5255,1313.75,topo,gyrase,0.25
5255,1313.75,RNAP,RNAP,1.0
5255,1313.75,mRNA,tetA,18.0
5255,1313.75,mRNA,Raspberry,2.0
5255,1313.75,mRNA,mKalama1,2.0
5256,1314.0,topo,topoI,0.25
5256,1314.0,topo,gyrase,0.25
5256,1314.0,RNAP,RNAP,1.0
5256,1314.0,mRNA,tetA,18.0
5256,1314.0,mRNA,Raspberry,2.0
5256,1314.0,mRNA,mKalama1,2.0
5257,1314.25,topo,topoI,0.25
5257,1314.25,topo,gyrase,0.25
5257,1314.25,RNAP,RNAP,1.0
5257,1314.25,mRNA,tetA,18.0
5257,1314.25,mRNA,Raspberry,2.0
5257,1314.25,mRNA,mKalama1,2.0
5258,1314.5,topo,topoI,0.25
5258,1314.5,topo,gyrase,0.25
5258,1314.5,RNAP,RNAP,1.0
5258,1314.5,mRNA,tetA,18.0
5258,1314.5,mRNA,Raspberry,2.0
5258,1314.5,mRNA,mKalama1,2.0
5259,1314.75,topo,topoI,0.25
5259,1314.75,topo,gyrase,0.25
5259,1314.75,RNAP,RNAP,1.0
5259,1314.75,mRNA,tetA,18.0
5259,1314.75,mRNA,Raspberry,2.0
5259,1314.75,mRNA,mKalama1,2.0
5260,1315.0,topo,topoI,0.25
5260,1315.0,topo,gyrase,0.25
5260,1315.0,RNAP,RNAP,1.0
5260,1315.0,mRNA,tetA,18.0
5260,1315.0,mRNA,Raspberry,2.0
5260,1315.0,mRNA,mKalama1,2.0
5261,1315.25,topo,topoI,0.25
5261,1315.25,topo,gyrase,0.25
5261,1315.25,RNAP,RNAP,1.0
5261,1315.25,mRNA,tetA,18.0
5261,1315.25,mRNA,Raspberry,2.0
5261,1315.25,mRNA,mKalama1,2.0
5262,1315.5,topo,topoI,0.25
5262,1315.5,topo,gyrase,0.25
5262,1315.5,RNAP,RNAP,1.0
5262,1315.5,mRNA,tetA,18.0
5262,1315.5,mRNA,Raspberry,2.0
5262,1315.5,mRNA,mKalama1,2.0
5263,1315.75,topo,topoI,0.25
5263,1315.75,topo,gyrase,0.25
5263,1315.75,RNAP,RNAP,1.0
5263,1315.75,mRNA,tetA,18.0
5263,1315.75,mRNA,Raspberry,2.0
5263,1315.75,mRNA,mKalama1,2.0
5264,1316.0,topo,topoI,0.25
5264,1316.0,topo,gyrase,0.25
5264,1316.0,RNAP,RNAP,1.0
5264,1316.0,mRNA,tetA,18.0
5264,1316.0,mRNA,Raspberry,2.0
5264,1316.0,mRNA,mKalama1,2.0
5265,1316.25,topo,topoI,0.25
5265,1316.25,topo,gyrase,0.25
5265,1316.25,RNAP,RNAP,1.0
5265,1316.25,mRNA,tetA,18.0
5265,1316.25,mRNA,Raspberry,2.0
5265,1316.25,mRNA,mKalama1,2.0
5266,1316.5,topo,topoI,0.25
5266,1316.5,topo,gyrase,0.25
5266,1316.5,RNAP,RNAP,1.0
5266,1316.5,mRNA,tetA,18.0
5266,1316.5,mRNA,Raspberry,2.0
5266,1316.5,mRNA,mKalama1,2.0
5267,1316.75,topo,topoI,0.25
5267,1316.75,topo,gyrase,0.25
5267,1316.75,RNAP,RNAP,1.0
5267,1316.75,mRNA,tetA,18.0
5267,1316.75,mRNA,Raspberry,2.0
5267,1316.75,mRNA,mKalama1,2.0
5268,1317.0,topo,topoI,0.25
5268,1317.0,topo,gyrase,0.25
5268,1317.0,RNAP,RNAP,1.0
5268,1317.0,mRNA,tetA,18.0
5268,1317.0,mRNA,Raspberry,2.0
5268,1317.0,mRNA,mKalama1,2.0
5269,1317.25,topo,topoI,0.25
5269,1317.25,topo,gyrase,0.25
5269,1317.25,RNAP,RNAP,1.0
5269,1317.25,mRNA,tetA,18.0
5269,1317.25,mRNA,Raspberry,2.0
5269,1317.25,mRNA,mKalama1,2.0
5270,1317.5,topo,topoI,0.25
5270,1317.5,topo,gyrase,0.25
5270,1317.5,RNAP,RNAP,1.0
5270,1317.5,mRNA,tetA,18.0
5270,1317.5,mRNA,Raspberry,2.0
5270,1317.5,mRNA,mKalama1,2.0
5271,1317.75,topo,topoI,0.25
5271,1317.75,topo,gyrase,0.25
5271,1317.75,RNAP,RNAP,1.0
5271,1317.75,mRNA,tetA,18.0
5271,1317.75,mRNA,Raspberry,2.0
5271,1317.75,mRNA,mKalama1,2.0
5272,1318.0,topo,topoI,0.25
5272,1318.0,topo,gyrase,0.25
5272,1318.0,RNAP,RNAP,1.0
5272,1318.0,mRNA,tetA,18.0
5272,1318.0,mRNA,Raspberry,2.0
5272,1318.0,mRNA,mKalama1,2.0
5273,1318.25,topo,topoI,0.25
5273,1318.25,topo,gyrase,0.25
5273,1318.25,RNAP,RNAP,1.0
5273,1318.25,mRNA,tetA,18.0
5273,1318.25,mRNA,Raspberry,2.0
5273,1318.25,mRNA,mKalama1,2.0
5274,1318.5,topo,topoI,0.25
5274,1318.5,topo,gyrase,0.25
5274,1318.5,RNAP,RNAP,1.0
5274,1318.5,mRNA,tetA,18.0
5274,1318.5,mRNA,Raspberry,2.0
5274,1318.5,mRNA,mKalama1,2.0
5275,1318.75,topo,topoI,0.25
5275,1318.75,topo,gyrase,0.25
5275,1318.75,RNAP,RNAP,1.0
5275,1318.75,mRNA,tetA,18.0
5275,1318.75,mRNA,Raspberry,2.0
5275,1318.75,mRNA,mKalama1,2.0
5276,1319.0,topo,topoI,0.25
5276,1319.0,topo,gyrase,0.25
5276,1319.0,RNAP,RNAP,1.0
5276,1319.0,mRNA,tetA,18.0
5276,1319.0,mRNA,Raspberry,2.0
5276,1319.0,mRNA,mKalama1,2.0
5277,1319.25,topo,topoI,0.25
5277,1319.25,topo,gyrase,0.25
5277,1319.25,RNAP,RNAP,1.0
5277,1319.25,mRNA,tetA,18.0
5277,1319.25,mRNA,Raspberry,2.0
5277,1319.25,mRNA,mKalama1,2.0
5278,1319.5,topo,topoI,0.25
5278,1319.5,topo,gyrase,0.25
5278,1319.5,RNAP,RNAP,1.0
5278,1319.5,mRNA,tetA,18.0
5278,1319.5,mRNA,Raspberry,2.0
5278,1319.5,mRNA,mKalama1,2.0
5279,1319.75,topo,topoI,0.25
5279,1319.75,topo,gyrase,0.25
5279,1319.75,RNAP,RNAP,1.0
5279,1319.75,mRNA,tetA,18.0
5279,1319.75,mRNA,Raspberry,2.0
5279,1319.75,mRNA,mKalama1,2.0
5280,1320.0,topo,topoI,0.25
5280,1320.0,topo,gyrase,0.25
5280,1320.0,RNAP,RNAP,1.0
5280,1320.0,mRNA,tetA,18.0
5280,1320.0,mRNA,Raspberry,2.0
5280,1320.0,mRNA,mKalama1,2.0
5281,1320.25,topo,topoI,0.25
5281,1320.25,topo,gyrase,0.25
5281,1320.25,RNAP,RNAP,1.0
5281,1320.25,mRNA,tetA,18.0
5281,1320.25,mRNA,Raspberry,2.0
5281,1320.25,mRNA,mKalama1,2.0
5282,1320.5,topo,topoI,0.25
5282,1320.5,topo,gyrase,0.25
5282,1320.5,RNAP,RNAP,1.0
5282,1320.5,mRNA,tetA,18.0
5282,1320.5,mRNA,Raspberry,2.0
5282,1320.5,mRNA,mKalama1,2.0
5283,1320.75,topo,topoI,0.25
5283,1320.75,topo,gyrase,0.25
5283,1320.75,RNAP,RNAP,1.0
5283,1320.75,mRNA,tetA,18.0
5283,1320.75,mRNA,Raspberry,2.0
5283,1320.75,mRNA,mKalama1,2.0
5284,1321.0,topo,topoI,0.25
5284,1321.0,topo,gyrase,0.25
5284,1321.0,RNAP,RNAP,1.0
5284,1321.0,mRNA,tetA,18.0
5284,1321.0,mRNA,Raspberry,2.0
5284,1321.0,mRNA,mKalama1,2.0
5285,1321.25,topo,topoI,0.25
5285,1321.25,topo,gyrase,0.25
5285,1321.25,RNAP,RNAP,1.0
5285,1321.25,mRNA,tetA,18.0
5285,1321.25,mRNA,Raspberry,2.0
5285,1321.25,mRNA,mKalama1,2.0
5286,1321.5,topo,topoI,0.25
5286,1321.5,topo,gyrase,0.25
5286,1321.5,RNAP,RNAP,1.0
5286,1321.5,mRNA,tetA,18.0
5286,1321.5,mRNA,Raspberry,2.0
5286,1321.5,mRNA,mKalama1,2.0
5287,1321.75,topo,topoI,0.25
5287,1321.75,topo,gyrase,0.25
5287,1321.75,RNAP,RNAP,1.0
5287,1321.75,mRNA,tetA,18.0
5287,1321.75,mRNA,Raspberry,2.0
5287,1321.75,mRNA,mKalama1,2.0
5288,1322.0,topo,topoI,0.25
5288,1322.0,topo,gyrase,0.25
5288,1322.0,RNAP,RNAP,1.0
5288,1322.0,mRNA,tetA,18.0
5288,1322.0,mRNA,Raspberry,2.0
5288,1322.0,mRNA,mKalama1,2.0
5289,1322.25,topo,topoI,0.25
5289,1322.25,topo,gyrase,0.25
5289,1322.25,RNAP,RNAP,1.0
5289,1322.25,mRNA,tetA,18.0
5289,1322.25,mRNA,Raspberry,2.0
5289,1322.25,mRNA,mKalama1,2.0
5290,1322.5,topo,topoI,0.25
5290,1322.5,topo,gyrase,0.25
5290,1322.5,RNAP,RNAP,1.0
5290,1322.5,mRNA,tetA,18.0
5290,1322.5,mRNA,Raspberry,2.0
5290,1322.5,mRNA,mKalama1,2.0
5291,1322.75,topo,topoI,0.25
5291,1322.75,topo,gyrase,0.25
5291,1322.75,RNAP,RNAP,1.0
5291,1322.75,mRNA,tetA,18.0
5291,1322.75,mRNA,Raspberry,2.0
5291,1322.75,mRNA,mKalama1,2.0
5292,1323.0,topo,topoI,0.25
5292,1323.0,topo,gyrase,0.25
5292,1323.0,RNAP,RNAP,1.0
5292,1323.0,mRNA,tetA,18.0
5292,1323.0,mRNA,Raspberry,2.0
5292,1323.0,mRNA,mKalama1,2.0
5293,1323.25,topo,topoI,0.25
5293,1323.25,topo,gyrase,0.25
5293,1323.25,RNAP,RNAP,1.0
5293,1323.25,mRNA,tetA,18.0
5293,1323.25,mRNA,Raspberry,2.0
5293,1323.25,mRNA,mKalama1,2.0
5294,1323.5,topo,topoI,0.25
5294,1323.5,topo,gyrase,0.25
5294,1323.5,RNAP,RNAP,1.0
5294,1323.5,mRNA,tetA,18.0
5294,1323.5,mRNA,Raspberry,2.0
5294,1323.5,mRNA,mKalama1,2.0
5295,1323.75,topo,topoI,0.25
5295,1323.75,topo,gyrase,0.25
5295,1323.75,RNAP,RNAP,1.0
5295,1323.75,mRNA,tetA,18.0
5295,1323.75,mRNA,Raspberry,2.0
5295,1323.75,mRNA,mKalama1,2.0
5296,1324.0,topo,topoI,0.25
5296,1324.0,topo,gyrase,0.25
5296,1324.0,RNAP,RNAP,1.0
5296,1324.0,mRNA,tetA,18.0
5296,1324.0,mRNA,Raspberry,2.0
5296,1324.0,mRNA,mKalama1,2.0
5297,1324.25,topo,topoI,0.25
5297,1324.25,topo,gyrase,0.25
5297,1324.25,RNAP,RNAP,1.0
5297,1324.25,mRNA,tetA,18.0
5297,1324.25,mRNA,Raspberry,2.0
5297,1324.25,mRNA,mKalama1,2.0
5298,1324.5,topo,topoI,0.25
5298,1324.5,topo,gyrase,0.25
5298,1324.5,RNAP,RNAP,1.0
5298,1324.5,mRNA,tetA,18.0
5298,1324.5,mRNA,Raspberry,2.0
5298,1324.5,mRNA,mKalama1,2.0
5299,1324.75,topo,topoI,0.25
5299,1324.75,topo,gyrase,0.25
5299,1324.75,RNAP,RNAP,1.0
5299,1324.75,mRNA,tetA,18.0
5299,1324.75,mRNA,Raspberry,2.0
5299,1324.75,mRNA,mKalama1,2.0
5300,1325.0,topo,topoI,0.25
5300,1325.0,topo,gyrase,0.25
5300,1325.0,RNAP,RNAP,1.0
5300,1325.0,mRNA,tetA,18.0
5300,1325.0,mRNA,Raspberry,2.0
5300,1325.0,mRNA,mKalama1,2.0
5301,1325.25,topo,topoI,0.25
5301,1325.25,topo,gyrase,0.25
5301,1325.25,RNAP,RNAP,1.0
5301,1325.25,mRNA,tetA,18.0
5301,1325.25,mRNA,Raspberry,2.0
5301,1325.25,mRNA,mKalama1,2.0
5302,1325.5,topo,topoI,0.25
5302,1325.5,topo,gyrase,0.25
5302,1325.5,RNAP,RNAP,1.0
5302,1325.5,mRNA,tetA,18.0
5302,1325.5,mRNA,Raspberry,2.0
5302,1325.5,mRNA,mKalama1,2.0
5303,1325.75,topo,topoI,0.25
5303,1325.75,topo,gyrase,0.25
5303,1325.75,RNAP,RNAP,1.0
5303,1325.75,mRNA,tetA,18.0
5303,1325.75,mRNA,Raspberry,2.0
5303,1325.75,mRNA,mKalama1,2.0
5304,1326.0,topo,topoI,0.25
5304,1326.0,topo,gyrase,0.25
5304,1326.0,RNAP,RNAP,1.0
5304,1326.0,mRNA,tetA,18.0
5304,1326.0,mRNA,Raspberry,2.0
5304,1326.0,mRNA,mKalama1,2.0
5305,1326.25,topo,topoI,0.25
5305,1326.25,topo,gyrase,0.25
5305,1326.25,RNAP,RNAP,1.0
5305,1326.25,mRNA,tetA,18.0
5305,1326.25,mRNA,Raspberry,2.0
5305,1326.25,mRNA,mKalama1,2.0
5306,1326.5,topo,topoI,0.25
5306,1326.5,topo,gyrase,0.25
5306,1326.5,RNAP,RNAP,1.0
5306,1326.5,mRNA,tetA,18.0
5306,1326.5,mRNA,Raspberry,2.0
5306,1326.5,mRNA,mKalama1,2.0
5307,1326.75,topo,topoI,0.25
5307,1326.75,topo,gyrase,0.25
5307,1326.75,RNAP,RNAP,1.0
5307,1326.75,mRNA,tetA,18.0
5307,1326.75,mRNA,Raspberry,2.0
5307,1326.75,mRNA,mKalama1,2.0
5308,1327.0,topo,topoI,0.25
5308,1327.0,topo,gyrase,0.25
5308,1327.0,RNAP,RNAP,1.0
5308,1327.0,mRNA,tetA,18.0
5308,1327.0,mRNA,Raspberry,2.0
5308,1327.0,mRNA,mKalama1,2.0
5309,1327.25,topo,topoI,0.25
5309,1327.25,topo,gyrase,0.25
5309,1327.25,RNAP,RNAP,1.0
5309,1327.25,mRNA,tetA,18.0
5309,1327.25,mRNA,Raspberry,2.0
5309,1327.25,mRNA,mKalama1,2.0
5310,1327.5,topo,topoI,0.25
5310,1327.5,topo,gyrase,0.25
5310,1327.5,RNAP,RNAP,1.0
5310,1327.5,mRNA,tetA,18.0
5310,1327.5,mRNA,Raspberry,2.0
5310,1327.5,mRNA,mKalama1,2.0
5311,1327.75,topo,topoI,0.25
5311,1327.75,topo,gyrase,0.25
5311,1327.75,RNAP,RNAP,1.0
5311,1327.75,mRNA,tetA,18.0
5311,1327.75,mRNA,Raspberry,2.0
5311,1327.75,mRNA,mKalama1,2.0
5312,1328.0,topo,topoI,0.25
5312,1328.0,topo,gyrase,0.25
5312,1328.0,RNAP,RNAP,1.0
5312,1328.0,mRNA,tetA,18.0
5312,1328.0,mRNA,Raspberry,2.0
5312,1328.0,mRNA,mKalama1,2.0
5313,1328.25,topo,topoI,0.25
5313,1328.25,topo,gyrase,0.25
5313,1328.25,RNAP,RNAP,1.0
5313,1328.25,mRNA,tetA,18.0
5313,1328.25,mRNA,Raspberry,2.0
5313,1328.25,mRNA,mKalama1,2.0
5314,1328.5,topo,topoI,0.25
5314,1328.5,topo,gyrase,0.25
5314,1328.5,RNAP,RNAP,1.0
5314,1328.5,mRNA,tetA,18.0
5314,1328.5,mRNA,Raspberry,2.0
5314,1328.5,mRNA,mKalama1,2.0
5315,1328.75,topo,topoI,0.25
5315,1328.75,topo,gyrase,0.25
5315,1328.75,RNAP,RNAP,1.0
5315,1328.75,mRNA,tetA,18.0
5315,1328.75,mRNA,Raspberry,2.0
5315,1328.75,mRNA,mKalama1,2.0
5316,1329.0,topo,topoI,0.25
5316,1329.0,topo,gyrase,0.25
5316,1329.0,RNAP,RNAP,1.0
5316,1329.0,mRNA,tetA,18.0
5316,1329.0,mRNA,Raspberry,2.0
5316,1329.0,mRNA,mKalama1,2.0
5317,1329.25,topo,topoI,0.25
5317,1329.25,topo,gyrase,0.25
5317,1329.25,RNAP,RNAP,1.0
5317,1329.25,mRNA,tetA,18.0
5317,1329.25,mRNA,Raspberry,2.0
5317,1329.25,mRNA,mKalama1,2.0
5318,1329.5,topo,topoI,0.25
5318,1329.5,topo,gyrase,0.25
5318,1329.5,RNAP,RNAP,1.0
5318,1329.5,mRNA,tetA,18.0
5318,1329.5,mRNA,Raspberry,2.0
5318,1329.5,mRNA,mKalama1,2.0
5319,1329.75,topo,topoI,0.25
5319,1329.75,topo,gyrase,0.25
5319,1329.75,RNAP,RNAP,1.0
5319,1329.75,mRNA,tetA,18.0
5319,1329.75,mRNA,Raspberry,2.0
5319,1329.75,mRNA,mKalama1,2.0
5320,1330.0,topo,topoI,0.25
5320,1330.0,topo,gyrase,0.25
5320,1330.0,RNAP,RNAP,1.0
5320,1330.0,mRNA,tetA,18.0
5320,1330.0,mRNA,Raspberry,2.0
5320,1330.0,mRNA,mKalama1,2.0
5321,1330.25,topo,topoI,0.25
5321,1330.25,topo,gyrase,0.25
5321,1330.25,RNAP,RNAP,1.0
5321,1330.25,mRNA,tetA,18.0
5321,1330.25,mRNA,Raspberry,2.0
5321,1330.25,mRNA,mKalama1,2.0
5322,1330.5,topo,topoI,0.25
5322,1330.5,topo,gyrase,0.25
5322,1330.5,RNAP,RNAP,1.0
5322,1330.5,mRNA,tetA,18.0
5322,1330.5,mRNA,Raspberry,2.0
5322,1330.5,mRNA,mKalama1,2.0
5323,1330.75,topo,topoI,0.25
5323,1330.75,topo,gyrase,0.25
5323,1330.75,RNAP,RNAP,1.0
5323,1330.75,mRNA,tetA,18.0
5323,1330.75,mRNA,Raspberry,2.0
5323,1330.75,mRNA,mKalama1,2.0
5324,1331.0,topo,topoI,0.25
5324,1331.0,topo,gyrase,0.25
5324,1331.0,RNAP,RNAP,1.0
5324,1331.0,mRNA,tetA,18.0
5324,1331.0,mRNA,Raspberry,2.0
5324,1331.0,mRNA,mKalama1,2.0
5325,1331.25,topo,topoI,0.25
5325,1331.25,topo,gyrase,0.25
5325,1331.25,RNAP,RNAP,1.0
5325,1331.25,mRNA,tetA,18.0
5325,1331.25,mRNA,Raspberry,2.0
5325,1331.25,mRNA,mKalama1,2.0
5326,1331.5,topo,topoI,0.25
5326,1331.5,topo,gyrase,0.25
5326,1331.5,RNAP,RNAP,1.0
5326,1331.5,mRNA,tetA,18.0
5326,1331.5,mRNA,Raspberry,2.0
5326,1331.5,mRNA,mKalama1,2.0
5327,1331.75,topo,topoI,0.25
5327,1331.75,topo,gyrase,0.25
5327,1331.75,RNAP,RNAP,1.0
5327,1331.75,mRNA,tetA,18.0
5327,1331.75,mRNA,Raspberry,2.0
5327,1331.75,mRNA,mKalama1,2.0
5328,1332.0,topo,topoI,0.25
5328,1332.0,topo,gyrase,0.25
5328,1332.0,RNAP,RNAP,1.0
5328,1332.0,mRNA,tetA,18.0
5328,1332.0,mRNA,Raspberry,2.0
5328,1332.0,mRNA,mKalama1,2.0
5329,1332.25,topo,topoI,0.25
5329,1332.25,topo,gyrase,0.25
5329,1332.25,RNAP,RNAP,1.0
5329,1332.25,mRNA,tetA,18.0
5329,1332.25,mRNA,Raspberry,2.0
5329,1332.25,mRNA,mKalama1,2.0
5330,1332.5,topo,topoI,0.25
5330,1332.5,topo,gyrase,0.25
5330,1332.5,RNAP,RNAP,1.0
5330,1332.5,mRNA,tetA,18.0
5330,1332.5,mRNA,Raspberry,2.0
5330,1332.5,mRNA,mKalama1,2.0
5331,1332.75,topo,topoI,0.25
5331,1332.75,topo,gyrase,0.25
5331,1332.75,RNAP,RNAP,1.0
5331,1332.75,mRNA,tetA,18.0
5331,1332.75,mRNA,Raspberry,2.0
5331,1332.75,mRNA,mKalama1,2.0
5332,1333.0,topo,topoI,0.25
5332,1333.0,topo,gyrase,0.25
5332,1333.0,RNAP,RNAP,1.0
5332,1333.0,mRNA,tetA,18.0
5332,1333.0,mRNA,Raspberry,2.0
5332,1333.0,mRNA,mKalama1,2.0
5333,1333.25,topo,topoI,0.25
5333,1333.25,topo,gyrase,0.25
5333,1333.25,RNAP,RNAP,1.0
5333,1333.25,mRNA,tetA,18.0
5333,1333.25,mRNA,Raspberry,2.0
5333,1333.25,mRNA,mKalama1,2.0
5334,1333.5,topo,topoI,0.25
5334,1333.5,topo,gyrase,0.25
5334,1333.5,RNAP,RNAP,1.0
5334,1333.5,mRNA,tetA,18.0
5334,1333.5,mRNA,Raspberry,2.0
5334,1333.5,mRNA,mKalama1,2.0
5335,1333.75,topo,topoI,0.25
5335,1333.75,topo,gyrase,0.25
5335,1333.75,RNAP,RNAP,1.0
5335,1333.75,mRNA,tetA,18.0
5335,1333.75,mRNA,Raspberry,2.0
5335,1333.75,mRNA,mKalama1,2.0
5336,1334.0,topo,topoI,0.25
5336,1334.0,topo,gyrase,0.25
5336,1334.0,RNAP,RNAP,1.0
5336,1334.0,mRNA,tetA,18.0
5336,1334.0,mRNA,Raspberry,2.0
5336,1334.0,mRNA,mKalama1,2.0
5337,1334.25,topo,topoI,0.25
5337,1334.25,topo,gyrase,0.25
5337,1334.25,RNAP,RNAP,1.0
5337,1334.25,mRNA,tetA,18.0
5337,1334.25,mRNA,Raspberry,2.0
5337,1334.25,mRNA,mKalama1,2.0
5338,1334.5,topo,topoI,0.25
5338,1334.5,topo,gyrase,0.25
5338,1334.5,RNAP,RNAP,1.0
5338,1334.5,mRNA,tetA,18.0
5338,1334.5,mRNA,Raspberry,2.0
5338,1334.5,mRNA,mKalama1,2.0
5339,1334.75,topo,topoI,0.25
5339,1334.75,topo,gyrase,0.25
5339,1334.75,RNAP,RNAP,1.0
5339,1334.75,mRNA,tetA,18.0
5339,1334.75,mRNA,Raspberry,2.0
5339,1334.75,mRNA,mKalama1,2.0
5340,1335.0,topo,topoI,0.25
5340,1335.0,topo,gyrase,0.25
5340,1335.0,RNAP,RNAP,1.0
5340,1335.0,mRNA,tetA,18.0
5340,1335.0,mRNA,Raspberry,2.0
5340,1335.0,mRNA,mKalama1,2.0
5341,1335.25,topo,topoI,0.25
5341,1335.25,topo,gyrase,0.25
5341,1335.25,RNAP,RNAP,1.0
5341,1335.25,mRNA,tetA,18.0
5341,1335.25,mRNA,Raspberry,2.0
5341,1335.25,mRNA,mKalama1,2.0
5342,1335.5,topo,topoI,0.25
5342,1335.5,topo,gyrase,0.25
5342,1335.5,RNAP,RNAP,1.0
5342,1335.5,mRNA,tetA,18.0
5342,1335.5,mRNA,Raspberry,2.0
5342,1335.5,mRNA,mKalama1,2.0
5343,1335.75,topo,topoI,0.25
5343,1335.75,topo,gyrase,0.25
5343,1335.75,RNAP,RNAP,1.0
5343,1335.75,mRNA,tetA,18.0
5343,1335.75,mRNA,Raspberry,2.0
5343,1335.75,mRNA,mKalama1,2.0
5344,1336.0,topo,topoI,0.25
5344,1336.0,topo,gyrase,0.25
5344,1336.0,RNAP,RNAP,1.0
5344,1336.0,mRNA,tetA,18.0
5344,1336.0,mRNA,Raspberry,2.0
5344,1336.0,mRNA,mKalama1,2.0
5345,1336.25,topo,topoI,0.25
5345,1336.25,topo,gyrase,0.25
5345,1336.25,RNAP,RNAP,1.0
5345,1336.25,mRNA,tetA,18.0
5345,1336.25,mRNA,Raspberry,2.0
5345,1336.25,mRNA,mKalama1,2.0
5346,1336.5,topo,topoI,0.25
5346,1336.5,topo,gyrase,0.25
5346,1336.5,RNAP,RNAP,1.0
5346,1336.5,mRNA,tetA,18.0
5346,1336.5,mRNA,Raspberry,2.0
5346,1336.5,mRNA,mKalama1,2.0
5347,1336.75,topo,topoI,0.25
5347,1336.75,topo,gyrase,0.25
5347,1336.75,RNAP,RNAP,1.0
5347,1336.75,mRNA,tetA,18.0
5347,1336.75,mRNA,Raspberry,2.0
5347,1336.75,mRNA,mKalama1,2.0
5348,1337.0,topo,topoI,0.25
5348,1337.0,topo,gyrase,0.25
5348,1337.0,RNAP,RNAP,1.0
5348,1337.0,mRNA,tetA,18.0
5348,1337.0,mRNA,Raspberry,2.0
5348,1337.0,mRNA,mKalama1,2.0
5349,1337.25,topo,topoI,0.25
5349,1337.25,topo,gyrase,0.25
5349,1337.25,RNAP,RNAP,1.0
5349,1337.25,mRNA,tetA,18.0
5349,1337.25,mRNA,Raspberry,2.0
5349,1337.25,mRNA,mKalama1,2.0
5350,1337.5,topo,topoI,0.25
5350,1337.5,topo,gyrase,0.25
5350,1337.5,RNAP,RNAP,1.0
5350,1337.5,mRNA,tetA,18.0
5350,1337.5,mRNA,Raspberry,2.0
5350,1337.5,mRNA,mKalama1,2.0
5351,1337.75,topo,topoI,0.25
5351,1337.75,topo,gyrase,0.25
5351,1337.75,RNAP,RNAP,1.0
5351,1337.75,mRNA,tetA,18.0
5351,1337.75,mRNA,Raspberry,2.0
5351,1337.75,mRNA,mKalama1,2.0
5352,1338.0,topo,topoI,0.25
5352,1338.0,topo,gyrase,0.25
5352,1338.0,RNAP,RNAP,1.0
5352,1338.0,mRNA,tetA,18.0
5352,1338.0,mRNA,Raspberry,2.0
5352,1338.0,mRNA,mKalama1,2.0
5353,1338.25,topo,topoI,0.25
5353,1338.25,topo,gyrase,0.25
5353,1338.25,RNAP,RNAP,1.0
5353,1338.25,mRNA,tetA,18.0
5353,1338.25,mRNA,Raspberry,2.0
5353,1338.25,mRNA,mKalama1,2.0
5354,1338.5,topo,topoI,0.25
5354,1338.5,topo,gyrase,0.25
5354,1338.5,RNAP,RNAP,1.0
5354,1338.5,mRNA,tetA,18.0
5354,1338.5,mRNA,Raspberry,2.0
5354,1338.5,mRNA,mKalama1,2.0
5355,1338.75,topo,topoI,0.25
5355,1338.75,topo,gyrase,0.25
5355,1338.75,RNAP,RNAP,1.0
5355,1338.75,mRNA,tetA,18.0
5355,1338.75,mRNA,Raspberry,2.0
5355,1338.75,mRNA,mKalama1,2.0
5356,1339.0,topo,topoI,0.25
5356,1339.0,topo,gyrase,0.25
5356,1339.0,RNAP,RNAP,1.0
5356,1339.0,mRNA,tetA,18.0
5356,1339.0,mRNA,Raspberry,2.0
5356,1339.0,mRNA,mKalama1,2.0
5357,1339.25,topo,topoI,0.25
5357,1339.25,topo,gyrase,0.25
5357,1339.25,RNAP,RNAP,1.0
5357,1339.25,mRNA,tetA,18.0
5357,1339.25,mRNA,Raspberry,2.0
5357,1339.25,mRNA,mKalama1,2.0
5358,1339.5,topo,topoI,0.25
5358,1339.5,topo,gyrase,0.25
5358,1339.5,RNAP,RNAP,1.0
5358,1339.5,mRNA,tetA,18.0
5358,1339.5,mRNA,Raspberry,2.0
5358,1339.5,mRNA,mKalama1,2.0
5359,1339.75,topo,topoI,0.25
5359,1339.75,topo,gyrase,0.25
5359,1339.75,RNAP,RNAP,1.0
5359,1339.75,mRNA,tetA,18.0
5359,1339.75,mRNA,Raspberry,2.0
5359,1339.75,mRNA,mKalama1,2.0
5360,1340.0,topo,topoI,0.25
5360,1340.0,topo,gyrase,0.25
5360,1340.0,RNAP,RNAP,1.0
5360,1340.0,mRNA,tetA,18.0
5360,1340.0,mRNA,Raspberry,2.0
5360,1340.0,mRNA,mKalama1,2.0
5361,1340.25,topo,topoI,0.25
5361,1340.25,topo,gyrase,0.25
5361,1340.25,RNAP,RNAP,1.0
5361,1340.25,mRNA,tetA,18.0
5361,1340.25,mRNA,Raspberry,2.0
5361,1340.25,mRNA,mKalama1,2.0
5362,1340.5,topo,topoI,0.25
5362,1340.5,topo,gyrase,0.25
5362,1340.5,RNAP,RNAP,1.0
5362,1340.5,mRNA,tetA,18.0
5362,1340.5,mRNA,Raspberry,2.0
5362,1340.5,mRNA,mKalama1,2.0
5363,1340.75,topo,topoI,0.25
5363,1340.75,topo,gyrase,0.25
5363,1340.75,RNAP,RNAP,1.0
5363,1340.75,mRNA,tetA,18.0
5363,1340.75,mRNA,Raspberry,2.0
5363,1340.75,mRNA,mKalama1,2.0
5364,1341.0,topo,topoI,0.25
5364,1341.0,topo,gyrase,0.25
5364,1341.0,RNAP,RNAP,1.0
5364,1341.0,mRNA,tetA,18.0
5364,1341.0,mRNA,Raspberry,2.0
5364,1341.0,mRNA,mKalama1,2.0
5365,1341.25,topo,topoI,0.25
5365,1341.25,topo,gyrase,0.25
5365,1341.25,RNAP,RNAP,1.0
5365,1341.25,mRNA,tetA,18.0
5365,1341.25,mRNA,Raspberry,2.0
5365,1341.25,mRNA,mKalama1,2.0
5366,1341.5,topo,topoI,0.25
5366,1341.5,topo,gyrase,0.25
5366,1341.5,RNAP,RNAP,1.0
5366,1341.5,mRNA,tetA,18.0
5366,1341.5,mRNA,Raspberry,2.0
5366,1341.5,mRNA,mKalama1,2.0
5367,1341.75,topo,topoI,0.25
5367,1341.75,topo,gyrase,0.25
5367,1341.75,RNAP,RNAP,1.0
5367,1341.75,mRNA,tetA,18.0
5367,1341.75,mRNA,Raspberry,2.0
5367,1341.75,mRNA,mKalama1,3.0
5368,1342.0,topo,topoI,0.25
5368,1342.0,topo,gyrase,0.25
5368,1342.0,RNAP,RNAP,1.0
5368,1342.0,mRNA,tetA,18.0
5368,1342.0,mRNA,Raspberry,2.0
5368,1342.0,mRNA,mKalama1,3.0
5369,1342.25,topo,topoI,0.25
5369,1342.25,topo,gyrase,0.25
5369,1342.25,RNAP,RNAP,1.0
5369,1342.25,mRNA,tetA,18.0
5369,1342.25,mRNA,Raspberry,2.0
5369,1342.25,mRNA,mKalama1,3.0
5370,1342.5,topo,topoI,0.25
5370,1342.5,topo,gyrase,0.25
5370,1342.5,RNAP,RNAP,1.0
5370,1342.5,mRNA,tetA,18.0
5370,1342.5,mRNA,Raspberry,2.0
5370,1342.5,mRNA,mKalama1,3.0
5371,1342.75,topo,topoI,0.25
5371,1342.75,topo,gyrase,0.25
5371,1342.75,RNAP,RNAP,1.0
5371,1342.75,mRNA,tetA,18.0
5371,1342.75,mRNA,Raspberry,2.0
5371,1342.75,mRNA,mKalama1,3.0
5372,1343.0,topo,topoI,0.25
5372,1343.0,topo,gyrase,0.25
5372,1343.0,RNAP,RNAP,1.0
5372,1343.0,mRNA,tetA,18.0
5372,1343.0,mRNA,Raspberry,2.0
5372,1343.0,mRNA,mKalama1,3.0
5373,1343.25,topo,topoI,0.25
5373,1343.25,topo,gyrase,0.25
5373,1343.25,RNAP,RNAP,1.0
5373,1343.25,mRNA,tetA,18.0
5373,1343.25,mRNA,Raspberry,2.0
5373,1343.25,mRNA,mKalama1,3.0
5374,1343.5,topo,topoI,0.25
5374,1343.5,topo,gyrase,0.25
5374,1343.5,RNAP,RNAP,1.0
5374,1343.5,mRNA,tetA,18.0
5374,1343.5,mRNA,Raspberry,2.0
5374,1343.5,mRNA,mKalama1,3.0
5375,1343.75,topo,topoI,0.25
5375,1343.75,topo,gyrase,0.25
5375,1343.75,RNAP,RNAP,1.0
5375,1343.75,mRNA,tetA,18.0
5375,1343.75,mRNA,Raspberry,2.0
5375,1343.75,mRNA,mKalama1,3.0
5376,1344.0,topo,topoI,0.25
5376,1344.0,topo,gyrase,0.25
5376,1344.0,RNAP,RNAP,1.0
5376,1344.0,mRNA,tetA,18.0
5376,1344.0,mRNA,Raspberry,2.0
5376,1344.0,mRNA,mKalama1,3.0
5377,1344.25,topo,topoI,0.25
5377,1344.25,topo,gyrase,0.25
5377,1344.25,RNAP,RNAP,1.0
5377,1344.25,mRNA,tetA,18.0
5377,1344.25,mRNA,Raspberry,2.0
5377,1344.25,mRNA,mKalama1,3.0
5378,1344.5,topo,topoI,0.25
5378,1344.5,topo,gyrase,0.25
5378,1344.5,RNAP,RNAP,1.0
5378,1344.5,mRNA,tetA,18.0
5378,1344.5,mRNA,Raspberry,2.0
5378,1344.5,mRNA,mKalama1,3.0
5379,1344.75,topo,topoI,0.25
5379,1344.75,topo,gyrase,0.25
5379,1344.75,RNAP,RNAP,1.0
5379,1344.75,mRNA,tetA,18.0
5379,1344.75,mRNA,Raspberry,2.0
5379,1344.75,mRNA,mKalama1,3.0
5380,1345.0,topo,topoI,0.25
5380,1345.0,topo,gyrase,0.25
5380,1345.0,RNAP,RNAP,1.0
5380,1345.0,mRNA,tetA,18.0
5380,1345.0,mRNA,Raspberry,2.0
5380,1345.0,mRNA,mKalama1,3.0
5381,1345.25,topo,topoI,0.25
5381,1345.25,topo,gyrase,0.25
5381,1345.25,RNAP,RNAP,1.0
5381,1345.25,mRNA,tetA,18.0
5381,1345.25,mRNA,Raspberry,2.0
5381,1345.25,mRNA,mKalama1,3.0
5382,1345.5,topo,topoI,0.25
5382,1345.5,topo,gyrase,0.25
5382,1345.5,RNAP,RNAP,1.0
5382,1345.5,mRNA,tetA,18.0
5382,1345.5,mRNA,Raspberry,2.0
5382,1345.5,mRNA,mKalama1,3.0
5383,1345.75,topo,topoI,0.25
5383,1345.75,topo,gyrase,0.25
5383,1345.75,RNAP,RNAP,1.0
5383,1345.75,mRNA,tetA,18.0
5383,1345.75,mRNA,Raspberry,2.0
5383,1345.75,mRNA,mKalama1,3.0
5384,1346.0,topo,topoI,0.25
5384,1346.0,topo,gyrase,0.25
5384,1346.0,RNAP,RNAP,1.0
5384,1346.0,mRNA,tetA,18.0
5384,1346.0,mRNA,Raspberry,2.0
5384,1346.0,mRNA,mKalama1,3.0
5385,1346.25,topo,topoI,0.25
5385,1346.25,topo,gyrase,0.25
5385,1346.25,RNAP,RNAP,1.0
5385,1346.25,mRNA,tetA,18.0
5385,1346.25,mRNA,Raspberry,2.0
5385,1346.25,mRNA,mKalama1,3.0
5386,1346.5,topo,topoI,0.25
5386,1346.5,topo,gyrase,0.25
5386,1346.5,RNAP,RNAP,1.0
5386,1346.5,mRNA,tetA,18.0
5386,1346.5,mRNA,Raspberry,2.0
5386,1346.5,mRNA,mKalama1,3.0
5387,1346.75,topo,topoI,0.25
5387,1346.75,topo,gyrase,0.25
5387,1346.75,RNAP,RNAP,1.0
5387,1346.75,mRNA,tetA,18.0
5387,1346.75,mRNA,Raspberry,2.0
5387,1346.75,mRNA,mKalama1,3.0
5388,1347.0,topo,topoI,0.25
5388,1347.0,topo,gyrase,0.25
5388,1347.0,RNAP,RNAP,1.0
5388,1347.0,mRNA,tetA,18.0
5388,1347.0,mRNA,Raspberry,2.0
5388,1347.0,mRNA,mKalama1,3.0
5389,1347.25,topo,topoI,0.25
5389,1347.25,topo,gyrase,0.25
5389,1347.25,RNAP,RNAP,1.0
5389,1347.25,mRNA,tetA,18.0
5389,1347.25,mRNA,Raspberry,2.0
5389,1347.25,mRNA,mKalama1,3.0
5390,1347.5,topo,topoI,0.25
5390,1347.5,topo,gyrase,0.25
5390,1347.5,RNAP,RNAP,1.0
5390,1347.5,mRNA,tetA,18.0
5390,1347.5,mRNA,Raspberry,2.0
5390,1347.5,mRNA,mKalama1,3.0
5391,1347.75,topo,topoI,0.25
5391,1347.75,topo,gyrase,0.25
5391,1347.75,RNAP,RNAP,1.0
5391,1347.75,mRNA,tetA,18.0
5391,1347.75,mRNA,Raspberry,2.0
5391,1347.75,mRNA,mKalama1,3.0
5392,1348.0,topo,topoI,0.25
5392,1348.0,topo,gyrase,0.25
5392,1348.0,RNAP,RNAP,1.0
5392,1348.0,mRNA,tetA,18.0
5392,1348.0,mRNA,Raspberry,2.0
5392,1348.0,mRNA,mKalama1,3.0
5393,1348.25,topo,topoI,0.25
5393,1348.25,topo,gyrase,0.25
5393,1348.25,RNAP,RNAP,1.0
5393,1348.25,mRNA,tetA,18.0
5393,1348.25,mRNA,Raspberry,2.0
5393,1348.25,mRNA,mKalama1,3.0
5394,1348.5,topo,topoI,0.25
5394,1348.5,topo,gyrase,0.25
5394,1348.5,RNAP,RNAP,1.0
5394,1348.5,mRNA,tetA,18.0
5394,1348.5,mRNA,Raspberry,2.0
5394,1348.5,mRNA,mKalama1,3.0
5395,1348.75,topo,topoI,0.25
5395,1348.75,topo,gyrase,0.25
5395,1348.75,RNAP,RNAP,1.0
5395,1348.75,mRNA,tetA,18.0
5395,1348.75,mRNA,Raspberry,2.0
5395,1348.75,mRNA,mKalama1,3.0
5396,1349.0,topo,topoI,0.25
5396,1349.0,topo,gyrase,0.25
5396,1349.0,RNAP,RNAP,1.0
5396,1349.0,mRNA,tetA,18.0
5396,1349.0,mRNA,Raspberry,2.0
5396,1349.0,mRNA,mKalama1,3.0
5397,1349.25,topo,topoI,0.25
5397,1349.25,topo,gyrase,0.25
5397,1349.25,RNAP,RNAP,1.0
5397,1349.25,mRNA,tetA,18.0
5397,1349.25,mRNA,Raspberry,2.0
5397,1349.25,mRNA,mKalama1,3.0
5398,1349.5,topo,topoI,0.25
5398,1349.5,topo,gyrase,0.25
5398,1349.5,RNAP,RNAP,1.0
5398,1349.5,mRNA,tetA,18.0
5398,1349.5,mRNA,Raspberry,2.0
5398,1349.5,mRNA,mKalama1,3.0
5399,1349.75,topo,topoI,0.25
5399,1349.75,topo,gyrase,0.25
5399,1349.75,RNAP,RNAP,1.0
5399,1349.75,mRNA,tetA,18.0
5399,1349.75,mRNA,Raspberry,2.0
5399,1349.75,mRNA,mKalama1,3.0
5400,1350.0,topo,topoI,0.25
5400,1350.0,topo,gyrase,0.25
5400,1350.0,RNAP,RNAP,1.0
5400,1350.0,mRNA,tetA,18.0
5400,1350.0,mRNA,Raspberry,2.0
5400,1350.0,mRNA,mKalama1,3.0
5401,1350.25,topo,topoI,0.25
5401,1350.25,topo,gyrase,0.25
5401,1350.25,RNAP,RNAP,1.0
5401,1350.25,mRNA,tetA,18.0
5401,1350.25,mRNA,Raspberry,2.0
5401,1350.25,mRNA,mKalama1,3.0
5402,1350.5,topo,topoI,0.25
5402,1350.5,topo,gyrase,0.25
5402,1350.5,RNAP,RNAP,1.0
5402,1350.5,mRNA,tetA,18.0
5402,1350.5,mRNA,Raspberry,2.0
5402,1350.5,mRNA,mKalama1,3.0
5403,1350.75,topo,topoI,0.25
5403,1350.75,topo,gyrase,0.25
5403,1350.75,RNAP,RNAP,1.0
5403,1350.75,mRNA,tetA,18.0
5403,1350.75,mRNA,Raspberry,2.0
5403,1350.75,mRNA,mKalama1,3.0
5404,1351.0,topo,topoI,0.25
5404,1351.0,topo,gyrase,0.25
5404,1351.0,RNAP,RNAP,1.0
5404,1351.0,mRNA,tetA,18.0
5404,1351.0,mRNA,Raspberry,2.0
5404,1351.0,mRNA,mKalama1,3.0
5405,1351.25,topo,topoI,0.25
5405,1351.25,topo,gyrase,0.25
5405,1351.25,RNAP,RNAP,1.0
5405,1351.25,mRNA,tetA,18.0
5405,1351.25,mRNA,Raspberry,2.0
5405,1351.25,mRNA,mKalama1,3.0
5406,1351.5,topo,topoI,0.25
5406,1351.5,topo,gyrase,0.25
5406,1351.5,RNAP,RNAP,1.0
5406,1351.5,mRNA,tetA,18.0
5406,1351.5,mRNA,Raspberry,2.0
5406,1351.5,mRNA,mKalama1,3.0
5407,1351.75,topo,topoI,0.25
5407,1351.75,topo,gyrase,0.25
5407,1351.75,RNAP,RNAP,1.0
5407,1351.75,mRNA,tetA,18.0
5407,1351.75,mRNA,Raspberry,2.0
5407,1351.75,mRNA,mKalama1,3.0
5408,1352.0,topo,topoI,0.25
5408,1352.0,topo,gyrase,0.25
5408,1352.0,RNAP,RNAP,1.0
5408,1352.0,mRNA,tetA,18.0
5408,1352.0,mRNA,Raspberry,2.0
5408,1352.0,mRNA,mKalama1,3.0
5409,1352.25,topo,topoI,0.25
5409,1352.25,topo,gyrase,0.25
5409,1352.25,RNAP,RNAP,1.0
5409,1352.25,mRNA,tetA,18.0
5409,1352.25,mRNA,Raspberry,2.0
5409,1352.25,mRNA,mKalama1,3.0
5410,1352.5,topo,topoI,0.25
5410,1352.5,topo,gyrase,0.25
5410,1352.5,RNAP,RNAP,1.0
5410,1352.5,mRNA,tetA,18.0
5410,1352.5,mRNA,Raspberry,2.0
5410,1352.5,mRNA,mKalama1,3.0
5411,1352.75,topo,topoI,0.25
5411,1352.75,topo,gyrase,0.25
5411,1352.75,RNAP,RNAP,1.0
5411,1352.75,mRNA,tetA,18.0
5411,1352.75,mRNA,Raspberry,2.0
5411,1352.75,mRNA,mKalama1,3.0
5412,1353.0,topo,topoI,0.25
5412,1353.0,topo,gyrase,0.25
5412,1353.0,RNAP,RNAP,1.0
5412,1353.0,mRNA,tetA,18.0
5412,1353.0,mRNA,Raspberry,2.0
5412,1353.0,mRNA,mKalama1,3.0
5413,1353.25,topo,topoI,0.25
5413,1353.25,topo,gyrase,0.25
5413,1353.25,RNAP,RNAP,1.0
5413,1353.25,mRNA,tetA,18.0
5413,1353.25,mRNA,Raspberry,2.0
5413,1353.25,mRNA,mKalama1,3.0
5414,1353.5,topo,topoI,0.25
5414,1353.5,topo,gyrase,0.25
5414,1353.5,RNAP,RNAP,1.0
5414,1353.5,mRNA,tetA,18.0
5414,1353.5,mRNA,Raspberry,2.0
5414,1353.5,mRNA,mKalama1,3.0
5415,1353.75,topo,topoI,0.25
5415,1353.75,topo,gyrase,0.25
5415,1353.75,RNAP,RNAP,1.0
5415,1353.75,mRNA,tetA,18.0
5415,1353.75,mRNA,Raspberry,2.0
5415,1353.75,mRNA,mKalama1,3.0
5416,1354.0,topo,topoI,0.25
5416,1354.0,topo,gyrase,0.25
5416,1354.0,RNAP,RNAP,1.0
5416,1354.0,mRNA,tetA,18.0
5416,1354.0,mRNA,Raspberry,2.0
5416,1354.0,mRNA,mKalama1,3.0
5417,1354.25,topo,topoI,0.25
5417,1354.25,topo,gyrase,0.25
5417,1354.25,RNAP,RNAP,1.0
5417,1354.25,mRNA,tetA,18.0
5417,1354.25,mRNA,Raspberry,2.0
5417,1354.25,mRNA,mKalama1,3.0
5418,1354.5,topo,topoI,0.25
5418,1354.5,topo,gyrase,0.25
5418,1354.5,RNAP,RNAP,1.0
5418,1354.5,mRNA,tetA,18.0
5418,1354.5,mRNA,Raspberry,2.0
5418,1354.5,mRNA,mKalama1,3.0
5419,1354.75,topo,topoI,0.25
5419,1354.75,topo,gyrase,0.25
5419,1354.75,RNAP,RNAP,1.0
5419,1354.75,mRNA,tetA,18.0
5419,1354.75,mRNA,Raspberry,2.0
5419,1354.75,mRNA,mKalama1,3.0
5420,1355.0,topo,topoI,0.25
5420,1355.0,topo,gyrase,0.25
5420,1355.0,RNAP,RNAP,1.0
5420,1355.0,mRNA,tetA,18.0
5420,1355.0,mRNA,Raspberry,2.0
5420,1355.0,mRNA,mKalama1,3.0
5421,1355.25,topo,topoI,0.25
5421,1355.25,topo,gyrase,0.25
5421,1355.25,RNAP,RNAP,1.0
5421,1355.25,mRNA,tetA,18.0
5421,1355.25,mRNA,Raspberry,2.0
5421,1355.25,mRNA,mKalama1,3.0
5422,1355.5,topo,topoI,0.25
5422,1355.5,topo,gyrase,0.25
5422,1355.5,RNAP,RNAP,1.0
5422,1355.5,mRNA,tetA,18.0
5422,1355.5,mRNA,Raspberry,2.0
5422,1355.5,mRNA,mKalama1,3.0
5423,1355.75,topo,topoI,0.25
5423,1355.75,topo,gyrase,0.25
5423,1355.75,RNAP,RNAP,1.0
5423,1355.75,mRNA,tetA,18.0
5423,1355.75,mRNA,Raspberry,2.0
5423,1355.75,mRNA,mKalama1,3.0
5424,1356.0,topo,topoI,0.25
5424,1356.0,topo,gyrase,0.25
5424,1356.0,RNAP,RNAP,1.0
5424,1356.0,mRNA,tetA,18.0
5424,1356.0,mRNA,Raspberry,2.0
5424,1356.0,mRNA,mKalama1,3.0
5425,1356.25,topo,topoI,0.25
5425,1356.25,topo,gyrase,0.25
5425,1356.25,RNAP,RNAP,1.0
5425,1356.25,mRNA,tetA,18.0
5425,1356.25,mRNA,Raspberry,2.0
5425,1356.25,mRNA,mKalama1,3.0
5426,1356.5,topo,topoI,0.25
5426,1356.5,topo,gyrase,0.25
5426,1356.5,RNAP,RNAP,1.0
5426,1356.5,mRNA,tetA,18.0
5426,1356.5,mRNA,Raspberry,2.0
5426,1356.5,mRNA,mKalama1,3.0
5427,1356.75,topo,topoI,0.25
5427,1356.75,topo,gyrase,0.25
5427,1356.75,RNAP,RNAP,1.0
5427,1356.75,mRNA,tetA,18.0
5427,1356.75,mRNA,Raspberry,2.0
5427,1356.75,mRNA,mKalama1,3.0
5428,1357.0,topo,topoI,0.25
5428,1357.0,topo,gyrase,0.25
5428,1357.0,RNAP,RNAP,1.0
5428,1357.0,mRNA,tetA,18.0
5428,1357.0,mRNA,Raspberry,2.0
5428,1357.0,mRNA,mKalama1,3.0
5429,1357.25,topo,topoI,0.25
5429,1357.25,topo,gyrase,0.25
5429,1357.25,RNAP,RNAP,1.0
5429,1357.25,mRNA,tetA,18.0
5429,1357.25,mRNA,Raspberry,2.0
5429,1357.25,mRNA,mKalama1,3.0
5430,1357.5,topo,topoI,0.25
5430,1357.5,topo,gyrase,0.25
5430,1357.5,RNAP,RNAP,1.0
5430,1357.5,mRNA,tetA,18.0
5430,1357.5,mRNA,Raspberry,2.0
5430,1357.5,mRNA,mKalama1,3.0
5431,1357.75,topo,topoI,0.25
5431,1357.75,topo,gyrase,0.25
5431,1357.75,RNAP,RNAP,1.0
5431,1357.75,mRNA,tetA,18.0
5431,1357.75,mRNA,Raspberry,2.0
5431,1357.75,mRNA,mKalama1,3.0
5432,1358.0,topo,topoI,0.25
5432,1358.0,topo,gyrase,0.25
5432,1358.0,RNAP,RNAP,1.0
5432,1358.0,mRNA,tetA,18.0
5432,1358.0,mRNA,Raspberry,2.0
5432,1358.0,mRNA,mKalama1,3.0
5433,1358.25,topo,topoI,0.25
5433,1358.25,topo,gyrase,0.25
5433,1358.25,RNAP,RNAP,1.0
5433,1358.25,mRNA,tetA,18.0
5433,1358.25,mRNA,Raspberry,2.0
5433,1358.25,mRNA,mKalama1,3.0
5434,1358.5,topo,topoI,0.25
5434,1358.5,topo,gyrase,0.25
5434,1358.5,RNAP,RNAP,1.0
5434,1358.5,mRNA,tetA,18.0
5434,1358.5,mRNA,Raspberry,2.0
5434,1358.5,mRNA,mKalama1,3.0
5435,1358.75,topo,topoI,0.25
5435,1358.75,topo,gyrase,0.25
5435,1358.75,RNAP,RNAP,1.0
5435,1358.75,mRNA,tetA,18.0
5435,1358.75,mRNA,Raspberry,2.0
5435,1358.75,mRNA,mKalama1,3.0
5436,1359.0,topo,topoI,0.25
5436,1359.0,topo,gyrase,0.25
5436,1359.0,RNAP,RNAP,1.0
5436,1359.0,mRNA,tetA,18.0
5436,1359.0,mRNA,Raspberry,2.0
5436,1359.0,mRNA,mKalama1,3.0
5437,1359.25,topo,topoI,0.25
5437,1359.25,topo,gyrase,0.25
5437,1359.25,RNAP,RNAP,1.0
5437,1359.25,mRNA,tetA,18.0
5437,1359.25,mRNA,Raspberry,2.0
5437,1359.25,mRNA,mKalama1,3.0
5438,1359.5,topo,topoI,0.25
5438,1359.5,topo,gyrase,0.25
5438,1359.5,RNAP,RNAP,1.0
5438,1359.5,mRNA,tetA,18.0
5438,1359.5,mRNA,Raspberry,2.0
5438,1359.5,mRNA,mKalama1,3.0
5439,1359.75,topo,topoI,0.25
5439,1359.75,topo,gyrase,0.25
5439,1359.75,RNAP,RNAP,1.0
5439,1359.75,mRNA,tetA,18.0
5439,1359.75,mRNA,Raspberry,2.0
5439,1359.75,mRNA,mKalama1,3.0
5440,1360.0,topo,topoI,0.25
5440,1360.0,topo,gyrase,0.25
5440,1360.0,RNAP,RNAP,1.0
5440,1360.0,mRNA,tetA,18.0
5440,1360.0,mRNA,Raspberry,2.0
5440,1360.0,mRNA,mKalama1,3.0
5441,1360.25,topo,topoI,0.25
5441,1360.25,topo,gyrase,0.25
5441,1360.25,RNAP,RNAP,1.0
5441,1360.25,mRNA,tetA,18.0
5441,1360.25,mRNA,Raspberry,2.0
5441,1360.25,mRNA,mKalama1,3.0
5442,1360.5,topo,topoI,0.25
5442,1360.5,topo,gyrase,0.25
5442,1360.5,RNAP,RNAP,1.0
5442,1360.5,mRNA,tetA,18.0
5442,1360.5,mRNA,Raspberry,2.0
5442,1360.5,mRNA,mKalama1,3.0
5443,1360.75,topo,topoI,0.25
5443,1360.75,topo,gyrase,0.25
5443,1360.75,RNAP,RNAP,1.0
5443,1360.75,mRNA,tetA,18.0
5443,1360.75,mRNA,Raspberry,2.0
5443,1360.75,mRNA,mKalama1,3.0
5444,1361.0,topo,topoI,0.25
5444,1361.0,topo,gyrase,0.25
5444,1361.0,RNAP,RNAP,1.0
5444,1361.0,mRNA,tetA,18.0
5444,1361.0,mRNA,Raspberry,2.0
5444,1361.0,mRNA,mKalama1,3.0
5445,1361.25,topo,topoI,0.25
5445,1361.25,topo,gyrase,0.25
5445,1361.25,RNAP,RNAP,1.0
5445,1361.25,mRNA,tetA,18.0
5445,1361.25,mRNA,Raspberry,2.0
5445,1361.25,mRNA,mKalama1,3.0
5446,1361.5,topo,topoI,0.25
5446,1361.5,topo,gyrase,0.25
5446,1361.5,RNAP,RNAP,1.0
5446,1361.5,mRNA,tetA,18.0
5446,1361.5,mRNA,Raspberry,2.0
5446,1361.5,mRNA,mKalama1,3.0
5447,1361.75,topo,topoI,0.25
5447,1361.75,topo,gyrase,0.25
5447,1361.75,RNAP,RNAP,1.0
5447,1361.75,mRNA,tetA,18.0
5447,1361.75,mRNA,Raspberry,2.0
5447,1361.75,mRNA,mKalama1,3.0
5448,1362.0,topo,topoI,0.25
5448,1362.0,topo,gyrase,0.25
5448,1362.0,RNAP,RNAP,1.0
5448,1362.0,mRNA,tetA,18.0
5448,1362.0,mRNA,Raspberry,2.0
5448,1362.0,mRNA,mKalama1,3.0
5449,1362.25,topo,topoI,0.25
5449,1362.25,topo,gyrase,0.25
5449,1362.25,RNAP,RNAP,1.0
5449,1362.25,mRNA,tetA,18.0
5449,1362.25,mRNA,Raspberry,2.0
5449,1362.25,mRNA,mKalama1,3.0
5450,1362.5,topo,topoI,0.25
5450,1362.5,topo,gyrase,0.25
5450,1362.5,RNAP,RNAP,1.0
5450,1362.5,mRNA,tetA,18.0
5450,1362.5,mRNA,Raspberry,2.0
5450,1362.5,mRNA,mKalama1,3.0
5451,1362.75,topo,topoI,0.25
5451,1362.75,topo,gyrase,0.25
5451,1362.75,RNAP,RNAP,1.0
5451,1362.75,mRNA,tetA,18.0
5451,1362.75,mRNA,Raspberry,2.0
5451,1362.75,mRNA,mKalama1,3.0
5452,1363.0,topo,topoI,0.25
5452,1363.0,topo,gyrase,0.25
5452,1363.0,RNAP,RNAP,1.0
5452,1363.0,mRNA,tetA,18.0
5452,1363.0,mRNA,Raspberry,2.0
5452,1363.0,mRNA,mKalama1,3.0
5453,1363.25,topo,topoI,0.25
5453,1363.25,topo,gyrase,0.25
5453,1363.25,RNAP,RNAP,1.0
5453,1363.25,mRNA,tetA,18.0
5453,1363.25,mRNA,Raspberry,2.0
5453,1363.25,mRNA,mKalama1,3.0
5454,1363.5,topo,topoI,0.25
5454,1363.5,topo,gyrase,0.25
5454,1363.5,RNAP,RNAP,1.0
5454,1363.5,mRNA,tetA,18.0
5454,1363.5,mRNA,Raspberry,2.0
5454,1363.5,mRNA,mKalama1,3.0
5455,1363.75,topo,topoI,0.25
5455,1363.75,topo,gyrase,0.25
5455,1363.75,RNAP,RNAP,1.0
5455,1363.75,mRNA,tetA,18.0
5455,1363.75,mRNA,Raspberry,2.0
5455,1363.75,mRNA,mKalama1,3.0
5456,1364.0,topo,topoI,0.25
5456,1364.0,topo,gyrase,0.25
5456,1364.0,RNAP,RNAP,1.0
5456,1364.0,mRNA,tetA,18.0
5456,1364.0,mRNA,Raspberry,2.0
5456,1364.0,mRNA,mKalama1,3.0
5457,1364.25,topo,topoI,0.25
5457,1364.25,topo,gyrase,0.25
5457,1364.25,RNAP,RNAP,1.0
5457,1364.25,mRNA,tetA,18.0
5457,1364.25,mRNA,Raspberry,2.0
5457,1364.25,mRNA,mKalama1,3.0
5458,1364.5,topo,topoI,0.25
5458,1364.5,topo,gyrase,0.25
5458,1364.5,RNAP,RNAP,1.0
5458,1364.5,mRNA,tetA,18.0
5458,1364.5,mRNA,Raspberry,2.0
5458,1364.5,mRNA,mKalama1,3.0
5459,1364.75,topo,topoI,0.25
5459,1364.75,topo,gyrase,0.25
5459,1364.75,RNAP,RNAP,1.0
5459,1364.75,mRNA,tetA,18.0
5459,1364.75,mRNA,Raspberry,2.0
5459,1364.75,mRNA,mKalama1,3.0
5460,1365.0,topo,topoI,0.25
5460,1365.0,topo,gyrase,0.25
5460,1365.0,RNAP,RNAP,1.0
5460,1365.0,mRNA,tetA,18.0
5460,1365.0,mRNA,Raspberry,2.0
5460,1365.0,mRNA,mKalama1,3.0
5461,1365.25,topo,topoI,0.25
5461,1365.25,topo,gyrase,0.25
5461,1365.25,RNAP,RNAP,1.0
5461,1365.25,mRNA,tetA,18.0
5461,1365.25,mRNA,Raspberry,2.0
5461,1365.25,mRNA,mKalama1,3.0
5462,1365.5,topo,topoI,0.25
5462,1365.5,topo,gyrase,0.25
5462,1365.5,RNAP,RNAP,1.0
5462,1365.5,mRNA,tetA,18.0
5462,1365.5,mRNA,Raspberry,2.0
5462,1365.5,mRNA,mKalama1,3.0
5463,1365.75,topo,topoI,0.25
5463,1365.75,topo,gyrase,0.25
5463,1365.75,RNAP,RNAP,1.0
5463,1365.75,mRNA,tetA,18.0
5463,1365.75,mRNA,Raspberry,2.0
5463,1365.75,mRNA,mKalama1,3.0
5464,1366.0,topo,topoI,0.25
5464,1366.0,topo,gyrase,0.25
5464,1366.0,RNAP,RNAP,1.0
5464,1366.0,mRNA,tetA,18.0
5464,1366.0,mRNA,Raspberry,2.0
5464,1366.0,mRNA,mKalama1,3.0
5465,1366.25,topo,topoI,0.25
5465,1366.25,topo,gyrase,0.25
5465,1366.25,RNAP,RNAP,1.0
5465,1366.25,mRNA,tetA,18.0
5465,1366.25,mRNA,Raspberry,2.0
5465,1366.25,mRNA,mKalama1,3.0
5466,1366.5,topo,topoI,0.25
5466,1366.5,topo,gyrase,0.25
5466,1366.5,RNAP,RNAP,1.0
5466,1366.5,mRNA,tetA,18.0
5466,1366.5,mRNA,Raspberry,2.0
5466,1366.5,mRNA,mKalama1,3.0
5467,1366.75,topo,topoI,0.25
5467,1366.75,topo,gyrase,0.25
5467,1366.75,RNAP,RNAP,1.0
5467,1366.75,mRNA,tetA,18.0
5467,1366.75,mRNA,Raspberry,2.0
5467,1366.75,mRNA,mKalama1,3.0
5468,1367.0,topo,topoI,0.25
5468,1367.0,topo,gyrase,0.25
5468,1367.0,RNAP,RNAP,1.0
5468,1367.0,mRNA,tetA,18.0
5468,1367.0,mRNA,Raspberry,2.0
5468,1367.0,mRNA,mKalama1,3.0
5469,1367.25,topo,topoI,0.25
5469,1367.25,topo,gyrase,0.25
5469,1367.25,RNAP,RNAP,1.0
5469,1367.25,mRNA,tetA,18.0
5469,1367.25,mRNA,Raspberry,2.0
5469,1367.25,mRNA,mKalama1,3.0
5470,1367.5,topo,topoI,0.25
5470,1367.5,topo,gyrase,0.25
5470,1367.5,RNAP,RNAP,1.0
5470,1367.5,mRNA,tetA,18.0
5470,1367.5,mRNA,Raspberry,2.0
5470,1367.5,mRNA,mKalama1,3.0
5471,1367.75,topo,topoI,0.25
5471,1367.75,topo,gyrase,0.25
5471,1367.75,RNAP,RNAP,1.0
5471,1367.75,mRNA,tetA,18.0
5471,1367.75,mRNA,Raspberry,2.0
5471,1367.75,mRNA,mKalama1,3.0
5472,1368.0,topo,topoI,0.25
5472,1368.0,topo,gyrase,0.25
5472,1368.0,RNAP,RNAP,1.0
5472,1368.0,mRNA,tetA,18.0
5472,1368.0,mRNA,Raspberry,2.0
5472,1368.0,mRNA,mKalama1,3.0
5473,1368.25,topo,topoI,0.25
5473,1368.25,topo,gyrase,0.25
5473,1368.25,RNAP,RNAP,1.0
5473,1368.25,mRNA,tetA,18.0
5473,1368.25,mRNA,Raspberry,2.0
5473,1368.25,mRNA,mKalama1,3.0
5474,1368.5,topo,topoI,0.25
5474,1368.5,topo,gyrase,0.25
5474,1368.5,RNAP,RNAP,1.0
5474,1368.5,mRNA,tetA,18.0
5474,1368.5,mRNA,Raspberry,2.0
5474,1368.5,mRNA,mKalama1,3.0
5475,1368.75,topo,topoI,0.25
5475,1368.75,topo,gyrase,0.25
5475,1368.75,RNAP,RNAP,1.0
5475,1368.75,mRNA,tetA,18.0
5475,1368.75,mRNA,Raspberry,2.0
5475,1368.75,mRNA,mKalama1,3.0
5476,1369.0,topo,topoI,0.25
5476,1369.0,topo,gyrase,0.25
5476,1369.0,RNAP,RNAP,1.0
5476,1369.0,mRNA,tetA,18.0
5476,1369.0,mRNA,Raspberry,2.0
5476,1369.0,mRNA,mKalama1,3.0
5477,1369.25,topo,topoI,0.25
5477,1369.25,topo,gyrase,0.25
5477,1369.25,RNAP,RNAP,1.0
5477,1369.25,mRNA,tetA,18.0
5477,1369.25,mRNA,Raspberry,2.0
5477,1369.25,mRNA,mKalama1,3.0
5478,1369.5,topo,topoI,0.25
5478,1369.5,topo,gyrase,0.25
5478,1369.5,RNAP,RNAP,1.0
5478,1369.5,mRNA,tetA,18.0
5478,1369.5,mRNA,Raspberry,2.0
5478,1369.5,mRNA,mKalama1,3.0
5479,1369.75,topo,topoI,0.25
5479,1369.75,topo,gyrase,0.25
5479,1369.75,RNAP,RNAP,1.0
5479,1369.75,mRNA,tetA,18.0
5479,1369.75,mRNA,Raspberry,2.0
5479,1369.75,mRNA,mKalama1,3.0
5480,1370.0,topo,topoI,0.25
5480,1370.0,topo,gyrase,0.25
5480,1370.0,RNAP,RNAP,1.0
5480,1370.0,mRNA,tetA,18.0
5480,1370.0,mRNA,Raspberry,2.0
5480,1370.0,mRNA,mKalama1,3.0
5481,1370.25,topo,topoI,0.25
5481,1370.25,topo,gyrase,0.25
5481,1370.25,RNAP,RNAP,1.0
5481,1370.25,mRNA,tetA,18.0
5481,1370.25,mRNA,Raspberry,2.0
5481,1370.25,mRNA,mKalama1,3.0
5482,1370.5,topo,topoI,0.25
5482,1370.5,topo,gyrase,0.25
5482,1370.5,RNAP,RNAP,1.0
5482,1370.5,mRNA,tetA,18.0
5482,1370.5,mRNA,Raspberry,2.0
5482,1370.5,mRNA,mKalama1,3.0
5483,1370.75,topo,topoI,0.25
5483,1370.75,topo,gyrase,0.25
5483,1370.75,RNAP,RNAP,1.0
5483,1370.75,mRNA,tetA,18.0
5483,1370.75,mRNA,Raspberry,2.0
5483,1370.75,mRNA,mKalama1,3.0
5484,1371.0,topo,topoI,0.25
5484,1371.0,topo,gyrase,0.25
5484,1371.0,RNAP,RNAP,1.0
5484,1371.0,mRNA,tetA,18.0
5484,1371.0,mRNA,Raspberry,2.0
5484,1371.0,mRNA,mKalama1,3.0
5485,1371.25,topo,topoI,0.25
5485,1371.25,topo,gyrase,0.25
5485,1371.25,RNAP,RNAP,1.0
5485,1371.25,mRNA,tetA,18.0
5485,1371.25,mRNA,Raspberry,2.0
5485,1371.25,mRNA,mKalama1,3.0
5486,1371.5,topo,topoI,0.25
5486,1371.5,topo,gyrase,0.25
5486,1371.5,RNAP,RNAP,1.0
5486,1371.5,mRNA,tetA,18.0
5486,1371.5,mRNA,Raspberry,2.0
5486,1371.5,mRNA,mKalama1,3.0
5487,1371.75,topo,topoI,0.25
5487,1371.75,topo,gyrase,0.25
5487,1371.75,RNAP,RNAP,1.0
5487,1371.75,mRNA,tetA,18.0
5487,1371.75,mRNA,Raspberry,2.0
5487,1371.75,mRNA,mKalama1,3.0
5488,1372.0,topo,topoI,0.25
5488,1372.0,topo,gyrase,0.25
5488,1372.0,RNAP,RNAP,1.0
5488,1372.0,mRNA,tetA,18.0
5488,1372.0,mRNA,Raspberry,2.0
5488,1372.0,mRNA,mKalama1,3.0
5489,1372.25,topo,topoI,0.25
5489,1372.25,topo,gyrase,0.25
5489,1372.25,RNAP,RNAP,1.0
5489,1372.25,mRNA,tetA,18.0
5489,1372.25,mRNA,Raspberry,2.0
5489,1372.25,mRNA,mKalama1,3.0
5490,1372.5,topo,topoI,0.25
5490,1372.5,topo,gyrase,0.25
5490,1372.5,RNAP,RNAP,1.0
5490,1372.5,mRNA,tetA,18.0
5490,1372.5,mRNA,Raspberry,2.0
5490,1372.5,mRNA,mKalama1,3.0
5491,1372.75,topo,topoI,0.25
5491,1372.75,topo,gyrase,0.25
5491,1372.75,RNAP,RNAP,1.0
5491,1372.75,mRNA,tetA,18.0
5491,1372.75,mRNA,Raspberry,2.0
5491,1372.75,mRNA,mKalama1,3.0
5492,1373.0,topo,topoI,0.25
5492,1373.0,topo,gyrase,0.25
5492,1373.0,RNAP,RNAP,1.0
5492,1373.0,mRNA,tetA,18.0
5492,1373.0,mRNA,Raspberry,2.0
5492,1373.0,mRNA,mKalama1,3.0
5493,1373.25,topo,topoI,0.25
5493,1373.25,topo,gyrase,0.25
5493,1373.25,RNAP,RNAP,1.0
5493,1373.25,mRNA,tetA,18.0
5493,1373.25,mRNA,Raspberry,2.0
5493,1373.25,mRNA,mKalama1,3.0
5494,1373.5,topo,topoI,0.25
5494,1373.5,topo,gyrase,0.25
5494,1373.5,RNAP,RNAP,1.0
5494,1373.5,mRNA,tetA,18.0
5494,1373.5,mRNA,Raspberry,2.0
5494,1373.5,mRNA,mKalama1,3.0
5495,1373.75,topo,topoI,0.25
5495,1373.75,topo,gyrase,0.25
5495,1373.75,RNAP,RNAP,1.0
5495,1373.75,mRNA,tetA,18.0
5495,1373.75,mRNA,Raspberry,2.0
5495,1373.75,mRNA,mKalama1,3.0
5496,1374.0,topo,topoI,0.25
5496,1374.0,topo,gyrase,0.25
5496,1374.0,RNAP,RNAP,1.0
5496,1374.0,mRNA,tetA,18.0
5496,1374.0,mRNA,Raspberry,2.0
5496,1374.0,mRNA,mKalama1,3.0
5497,1374.25,topo,topoI,0.25
5497,1374.25,topo,gyrase,0.25
5497,1374.25,RNAP,RNAP,1.0
5497,1374.25,mRNA,tetA,18.0
5497,1374.25,mRNA,Raspberry,2.0
5497,1374.25,mRNA,mKalama1,3.0
5498,1374.5,topo,topoI,0.25
5498,1374.5,topo,gyrase,0.25
5498,1374.5,RNAP,RNAP,1.0
5498,1374.5,mRNA,tetA,18.0
5498,1374.5,mRNA,Raspberry,2.0
5498,1374.5,mRNA,mKalama1,3.0
5499,1374.75,topo,topoI,0.25
5499,1374.75,topo,gyrase,0.25
5499,1374.75,RNAP,RNAP,1.0
5499,1374.75,mRNA,tetA,18.0
5499,1374.75,mRNA,Raspberry,2.0
5499,1374.75,mRNA,mKalama1,3.0
5500,1375.0,topo,topoI,0.25
5500,1375.0,topo,gyrase,0.25
5500,1375.0,RNAP,RNAP,1.0
5500,1375.0,mRNA,tetA,18.0
5500,1375.0,mRNA,Raspberry,2.0
5500,1375.0,mRNA,mKalama1,3.0
5501,1375.25,topo,topoI,0.25
5501,1375.25,topo,gyrase,0.25
5501,1375.25,RNAP,RNAP,1.0
5501,1375.25,mRNA,tetA,18.0
5501,1375.25,mRNA,Raspberry,2.0
5501,1375.25,mRNA,mKalama1,3.0
5502,1375.5,topo,topoI,0.25
5502,1375.5,topo,gyrase,0.25
5502,1375.5,RNAP,RNAP,1.0
5502,1375.5,mRNA,tetA,18.0
5502,1375.5,mRNA,Raspberry,2.0
5502,1375.5,mRNA,mKalama1,3.0
5503,1375.75,topo,topoI,0.25
5503,1375.75,topo,gyrase,0.25
5503,1375.75,RNAP,RNAP,1.0
5503,1375.75,mRNA,tetA,18.0
5503,1375.75,mRNA,Raspberry,2.0
5503,1375.75,mRNA,mKalama1,3.0
5504,1376.0,topo,topoI,0.25
5504,1376.0,topo,gyrase,0.25
5504,1376.0,RNAP,RNAP,1.0
5504,1376.0,mRNA,tetA,18.0
5504,1376.0,mRNA,Raspberry,2.0
5504,1376.0,mRNA,mKalama1,3.0
5505,1376.25,topo,topoI,0.25
5505,1376.25,topo,gyrase,0.25
5505,1376.25,RNAP,RNAP,1.0
5505,1376.25,mRNA,tetA,18.0
5505,1376.25,mRNA,Raspberry,2.0
5505,1376.25,mRNA,mKalama1,3.0
5506,1376.5,topo,topoI,0.25
5506,1376.5,topo,gyrase,0.25
5506,1376.5,RNAP,RNAP,1.0
5506,1376.5,mRNA,tetA,18.0
5506,1376.5,mRNA,Raspberry,2.0
5506,1376.5,mRNA,mKalama1,3.0
5507,1376.75,topo,topoI,0.25
5507,1376.75,topo,gyrase,0.25
5507,1376.75,RNAP,RNAP,1.0
5507,1376.75,mRNA,tetA,18.0
5507,1376.75,mRNA,Raspberry,2.0
5507,1376.75,mRNA,mKalama1,3.0
5508,1377.0,topo,topoI,0.25
5508,1377.0,topo,gyrase,0.25
5508,1377.0,RNAP,RNAP,1.0
5508,1377.0,mRNA,tetA,18.0
5508,1377.0,mRNA,Raspberry,2.0
5508,1377.0,mRNA,mKalama1,3.0
5509,1377.25,topo,topoI,0.25
5509,1377.25,topo,gyrase,0.25
5509,1377.25,RNAP,RNAP,1.0
5509,1377.25,mRNA,tetA,18.0
5509,1377.25,mRNA,Raspberry,2.0
5509,1377.25,mRNA,mKalama1,3.0
5510,1377.5,topo,topoI,0.25
5510,1377.5,topo,gyrase,0.25
5510,1377.5,RNAP,RNAP,1.0
5510,1377.5,mRNA,tetA,18.0
5510,1377.5,mRNA,Raspberry,2.0
5510,1377.5,mRNA,mKalama1,3.0
5511,1377.75,topo,topoI,0.25
5511,1377.75,topo,gyrase,0.25
5511,1377.75,RNAP,RNAP,1.0
5511,1377.75,mRNA,tetA,18.0
5511,1377.75,mRNA,Raspberry,2.0
5511,1377.75,mRNA,mKalama1,3.0
5512,1378.0,topo,topoI,0.25
5512,1378.0,topo,gyrase,0.25
5512,1378.0,RNAP,RNAP,1.0
5512,1378.0,mRNA,tetA,18.0
5512,1378.0,mRNA,Raspberry,2.0
5512,1378.0,mRNA,mKalama1,3.0
5513,1378.25,topo,topoI,0.25
5513,1378.25,topo,gyrase,0.25
5513,1378.25,RNAP,RNAP,1.0
5513,1378.25,mRNA,tetA,18.0
5513,1378.25,mRNA,Raspberry,2.0
5513,1378.25,mRNA,mKalama1,3.0
5514,1378.5,topo,topoI,0.25
5514,1378.5,topo,gyrase,0.25
5514,1378.5,RNAP,RNAP,1.0
5514,1378.5,mRNA,tetA,18.0
5514,1378.5,mRNA,Raspberry,2.0
5514,1378.5,mRNA,mKalama1,3.0
5515,1378.75,topo,topoI,0.25
5515,1378.75,topo,gyrase,0.25
5515,1378.75,RNAP,RNAP,1.0
5515,1378.75,mRNA,tetA,18.0
5515,1378.75,mRNA,Raspberry,2.0
5515,1378.75,mRNA,mKalama1,3.0
5516,1379.0,topo,topoI,0.25
5516,1379.0,topo,gyrase,0.25
5516,1379.0,RNAP,RNAP,1.0
5516,1379.0,mRNA,tetA,18.0
5516,1379.0,mRNA,Raspberry,2.0
5516,1379.0,mRNA,mKalama1,3.0
5517,1379.25,topo,topoI,0.25
5517,1379.25,topo,gyrase,0.25
5517,1379.25,RNAP,RNAP,1.0
5517,1379.25,mRNA,tetA,18.0
5517,1379.25,mRNA,Raspberry,2.0
5517,1379.25,mRNA,mKalama1,3.0
5518,1379.5,topo,topoI,0.25
5518,1379.5,topo,gyrase,0.25
5518,1379.5,RNAP,RNAP,1.0
5518,1379.5,mRNA,tetA,18.0
5518,1379.5,mRNA,Raspberry,2.0
5518,1379.5,mRNA,mKalama1,3.0
5519,1379.75,topo,topoI,0.25
5519,1379.75,topo,gyrase,0.25
5519,1379.75,RNAP,RNAP,1.0
5519,1379.75,mRNA,tetA,18.0
5519,1379.75,mRNA,Raspberry,2.0
5519,1379.75,mRNA,mKalama1,3.0
5520,1380.0,topo,topoI,0.25
5520,1380.0,topo,gyrase,0.25
5520,1380.0,RNAP,RNAP,1.0
5520,1380.0,mRNA,tetA,18.0
5520,1380.0,mRNA,Raspberry,2.0
5520,1380.0,mRNA,mKalama1,3.0
5521,1380.25,topo,topoI,0.25
5521,1380.25,topo,gyrase,0.25
5521,1380.25,RNAP,RNAP,1.0
5521,1380.25,mRNA,tetA,18.0
5521,1380.25,mRNA,Raspberry,2.0
5521,1380.25,mRNA,mKalama1,3.0
5522,1380.5,topo,topoI,0.25
5522,1380.5,topo,gyrase,0.25
5522,1380.5,RNAP,RNAP,1.0
5522,1380.5,mRNA,tetA,18.0
5522,1380.5,mRNA,Raspberry,2.0
5522,1380.5,mRNA,mKalama1,3.0
5523,1380.75,topo,topoI,0.25
5523,1380.75,topo,gyrase,0.25
5523,1380.75,RNAP,RNAP,1.0
5523,1380.75,mRNA,tetA,18.0
5523,1380.75,mRNA,Raspberry,2.0
5523,1380.75,mRNA,mKalama1,3.0
5524,1381.0,topo,topoI,0.25
5524,1381.0,topo,gyrase,0.25
5524,1381.0,RNAP,RNAP,1.0
5524,1381.0,mRNA,tetA,18.0
5524,1381.0,mRNA,Raspberry,2.0
5524,1381.0,mRNA,mKalama1,3.0
5525,1381.25,topo,topoI,0.25
5525,1381.25,topo,gyrase,0.25
5525,1381.25,RNAP,RNAP,1.0
5525,1381.25,mRNA,tetA,18.0
5525,1381.25,mRNA,Raspberry,2.0
5525,1381.25,mRNA,mKalama1,3.0
5526,1381.5,topo,topoI,0.25
5526,1381.5,topo,gyrase,0.25
5526,1381.5,RNAP,RNAP,1.0
5526,1381.5,mRNA,tetA,18.0
5526,1381.5,mRNA,Raspberry,2.0
5526,1381.5,mRNA,mKalama1,3.0
5527,1381.75,topo,topoI,0.25
5527,1381.75,topo,gyrase,0.25
5527,1381.75,RNAP,RNAP,1.0
5527,1381.75,mRNA,tetA,18.0
5527,1381.75,mRNA,Raspberry,2.0
5527,1381.75,mRNA,mKalama1,3.0
5528,1382.0,topo,topoI,0.25
5528,1382.0,topo,gyrase,0.25
5528,1382.0,RNAP,RNAP,1.0
5528,1382.0,mRNA,tetA,18.0
5528,1382.0,mRNA,Raspberry,2.0
5528,1382.0,mRNA,mKalama1,3.0
5529,1382.25,topo,topoI,0.25
5529,1382.25,topo,gyrase,0.25
5529,1382.25,RNAP,RNAP,1.0
5529,1382.25,mRNA,tetA,18.0
5529,1382.25,mRNA,Raspberry,2.0
5529,1382.25,mRNA,mKalama1,3.0
5530,1382.5,topo,topoI,0.25
5530,1382.5,topo,gyrase,0.25
5530,1382.5,RNAP,RNAP,1.0
5530,1382.5,mRNA,tetA,18.0
5530,1382.5,mRNA,Raspberry,2.0
5530,1382.5,mRNA,mKalama1,3.0
5531,1382.75,topo,topoI,0.25
5531,1382.75,topo,gyrase,0.25
5531,1382.75,RNAP,RNAP,1.0
5531,1382.75,mRNA,tetA,18.0
5531,1382.75,mRNA,Raspberry,2.0
5531,1382.75,mRNA,mKalama1,3.0
5532,1383.0,topo,topoI,0.25
5532,1383.0,topo,gyrase,0.25
5532,1383.0,RNAP,RNAP,1.0
5532,1383.0,mRNA,tetA,18.0
5532,1383.0,mRNA,Raspberry,2.0
5532,1383.0,mRNA,mKalama1,3.0
5533,1383.25,topo,topoI,0.25
5533,1383.25,topo,gyrase,0.25
5533,1383.25,RNAP,RNAP,1.0
5533,1383.25,mRNA,tetA,18.0
5533,1383.25,mRNA,Raspberry,2.0
5533,1383.25,mRNA,mKalama1,3.0
5534,1383.5,topo,topoI,0.25
5534,1383.5,topo,gyrase,0.25
5534,1383.5,RNAP,RNAP,1.0
5534,1383.5,mRNA,tetA,18.0
5534,1383.5,mRNA,Raspberry,2.0
5534,1383.5,mRNA,mKalama1,3.0
5535,1383.75,topo,topoI,0.25
5535,1383.75,topo,gyrase,0.25
5535,1383.75,RNAP,RNAP,1.0
5535,1383.75,mRNA,tetA,18.0
5535,1383.75,mRNA,Raspberry,2.0
5535,1383.75,mRNA,mKalama1,3.0
5536,1384.0,topo,topoI,0.25
5536,1384.0,topo,gyrase,0.25
5536,1384.0,RNAP,RNAP,1.0
5536,1384.0,mRNA,tetA,18.0
5536,1384.0,mRNA,Raspberry,2.0
5536,1384.0,mRNA,mKalama1,3.0
5537,1384.25,topo,topoI,0.25
5537,1384.25,topo,gyrase,0.25
5537,1384.25,RNAP,RNAP,1.0
5537,1384.25,mRNA,tetA,18.0
5537,1384.25,mRNA,Raspberry,2.0
5537,1384.25,mRNA,mKalama1,3.0
5538,1384.5,topo,topoI,0.25
5538,1384.5,topo,gyrase,0.25
5538,1384.5,RNAP,RNAP,1.0
5538,1384.5,mRNA,tetA,18.0
5538,1384.5,mRNA,Raspberry,2.0
5538,1384.5,mRNA,mKalama1,3.0
5539,1384.75,topo,topoI,0.25
5539,1384.75,topo,gyrase,0.25
5539,1384.75,RNAP,RNAP,1.0
5539,1384.75,mRNA,tetA,18.0
5539,1384.75,mRNA,Raspberry,2.0
5539,1384.75,mRNA,mKalama1,3.0
5540,1385.0,topo,topoI,0.25
5540,1385.0,topo,gyrase,0.25
5540,1385.0,RNAP,RNAP,1.0
5540,1385.0,mRNA,tetA,18.0
5540,1385.0,mRNA,Raspberry,2.0
5540,1385.0,mRNA,mKalama1,3.0
5541,1385.25,topo,topoI,0.25
5541,1385.25,topo,gyrase,0.25
5541,1385.25,RNAP,RNAP,1.0
5541,1385.25,mRNA,tetA,18.0
5541,1385.25,mRNA,Raspberry,2.0
5541,1385.25,mRNA,mKalama1,3.0
5542,1385.5,topo,topoI,0.25
5542,1385.5,topo,gyrase,0.25
5542,1385.5,RNAP,RNAP,1.0
5542,1385.5,mRNA,tetA,18.0
5542,1385.5,mRNA,Raspberry,2.0
5542,1385.5,mRNA,mKalama1,3.0
5543,1385.75,topo,topoI,0.25
5543,1385.75,topo,gyrase,0.25
5543,1385.75,RNAP,RNAP,1.0
5543,1385.75,mRNA,tetA,18.0
5543,1385.75,mRNA,Raspberry,2.0
5543,1385.75,mRNA,mKalama1,3.0
5544,1386.0,topo,topoI,0.25
5544,1386.0,topo,gyrase,0.25
5544,1386.0,RNAP,RNAP,1.0
5544,1386.0,mRNA,tetA,18.0
5544,1386.0,mRNA,Raspberry,2.0
5544,1386.0,mRNA,mKalama1,3.0
5545,1386.25,topo,topoI,0.25
5545,1386.25,topo,gyrase,0.25
5545,1386.25,RNAP,RNAP,1.0
5545,1386.25,mRNA,tetA,18.0
5545,1386.25,mRNA,Raspberry,2.0
5545,1386.25,mRNA,mKalama1,3.0
5546,1386.5,topo,topoI,0.25
5546,1386.5,topo,gyrase,0.25
5546,1386.5,RNAP,RNAP,1.0
5546,1386.5,mRNA,tetA,18.0
5546,1386.5,mRNA,Raspberry,2.0
5546,1386.5,mRNA,mKalama1,3.0
5547,1386.75,topo,topoI,0.25
5547,1386.75,topo,gyrase,0.25
5547,1386.75,RNAP,RNAP,1.0
5547,1386.75,mRNA,tetA,18.0
5547,1386.75,mRNA,Raspberry,2.0
5547,1386.75,mRNA,mKalama1,3.0
5548,1387.0,topo,topoI,0.25
5548,1387.0,topo,gyrase,0.25
5548,1387.0,RNAP,RNAP,1.0
5548,1387.0,mRNA,tetA,18.0
5548,1387.0,mRNA,Raspberry,2.0
5548,1387.0,mRNA,mKalama1,3.0
5549,1387.25,topo,topoI,0.25
5549,1387.25,topo,gyrase,0.25
5549,1387.25,RNAP,RNAP,1.0
5549,1387.25,mRNA,tetA,18.0
5549,1387.25,mRNA,Raspberry,2.0
5549,1387.25,mRNA,mKalama1,3.0
5550,1387.5,topo,topoI,0.25
5550,1387.5,topo,gyrase,0.25
5550,1387.5,RNAP,RNAP,1.0
5550,1387.5,mRNA,tetA,18.0
5550,1387.5,mRNA,Raspberry,2.0
5550,1387.5,mRNA,mKalama1,3.0
5551,1387.75,topo,topoI,0.25
5551,1387.75,topo,gyrase,0.25
5551,1387.75,RNAP,RNAP,1.0
5551,1387.75,mRNA,tetA,18.0
5551,1387.75,mRNA,Raspberry,2.0
5551,1387.75,mRNA,mKalama1,3.0
5552,1388.0,topo,topoI,0.25
5552,1388.0,topo,gyrase,0.25
5552,1388.0,RNAP,RNAP,1.0
5552,1388.0,mRNA,tetA,18.0
5552,1388.0,mRNA,Raspberry,2.0
5552,1388.0,mRNA,mKalama1,3.0
5553,1388.25,topo,topoI,0.25
5553,1388.25,topo,gyrase,0.25
5553,1388.25,RNAP,RNAP,1.0
5553,1388.25,mRNA,tetA,18.0
5553,1388.25,mRNA,Raspberry,2.0
5553,1388.25,mRNA,mKalama1,3.0
5554,1388.5,topo,topoI,0.25
5554,1388.5,topo,gyrase,0.25
5554,1388.5,RNAP,RNAP,1.0
5554,1388.5,mRNA,tetA,18.0
5554,1388.5,mRNA,Raspberry,2.0
5554,1388.5,mRNA,mKalama1,3.0
5555,1388.75,topo,topoI,0.25
5555,1388.75,topo,gyrase,0.25
5555,1388.75,RNAP,RNAP,1.0
5555,1388.75,mRNA,tetA,18.0
5555,1388.75,mRNA,Raspberry,2.0
5555,1388.75,mRNA,mKalama1,3.0
5556,1389.0,topo,topoI,0.25
5556,1389.0,topo,gyrase,0.25
5556,1389.0,RNAP,RNAP,1.0
5556,1389.0,mRNA,tetA,18.0
5556,1389.0,mRNA,Raspberry,2.0
5556,1389.0,mRNA,mKalama1,3.0
5557,1389.25,topo,topoI,0.25
5557,1389.25,topo,gyrase,0.25
5557,1389.25,RNAP,RNAP,1.0
5557,1389.25,mRNA,tetA,18.0
5557,1389.25,mRNA,Raspberry,2.0
5557,1389.25,mRNA,mKalama1,3.0
5558,1389.5,topo,topoI,0.25
5558,1389.5,topo,gyrase,0.25
5558,1389.5,RNAP,RNAP,1.0
5558,1389.5,mRNA,tetA,18.0
5558,1389.5,mRNA,Raspberry,2.0
5558,1389.5,mRNA,mKalama1,3.0
5559,1389.75,topo,topoI,0.25
5559,1389.75,topo,gyrase,0.25
5559,1389.75,RNAP,RNAP,1.0
5559,1389.75,mRNA,tetA,18.0
5559,1389.75,mRNA,Raspberry,2.0
5559,1389.75,mRNA,mKalama1,3.0
5560,1390.0,topo,topoI,0.25
5560,1390.0,topo,gyrase,0.25
5560,1390.0,RNAP,RNAP,1.0
5560,1390.0,mRNA,tetA,18.0
5560,1390.0,mRNA,Raspberry,2.0
5560,1390.0,mRNA,mKalama1,3.0
5561,1390.25,topo,topoI,0.25
5561,1390.25,topo,gyrase,0.25
5561,1390.25,RNAP,RNAP,1.0
5561,1390.25,mRNA,tetA,18.0
5561,1390.25,mRNA,Raspberry,2.0
5561,1390.25,mRNA,mKalama1,3.0
5562,1390.5,topo,topoI,0.25
5562,1390.5,topo,gyrase,0.25
5562,1390.5,RNAP,RNAP,1.0
5562,1390.5,mRNA,tetA,18.0
5562,1390.5,mRNA,Raspberry,2.0
5562,1390.5,mRNA,mKalama1,3.0
5563,1390.75,topo,topoI,0.25
5563,1390.75,topo,gyrase,0.25
5563,1390.75,RNAP,RNAP,1.0
5563,1390.75,mRNA,tetA,18.0
5563,1390.75,mRNA,Raspberry,2.0
5563,1390.75,mRNA,mKalama1,3.0
5564,1391.0,topo,topoI,0.25
5564,1391.0,topo,gyrase,0.25
5564,1391.0,RNAP,RNAP,1.0
5564,1391.0,mRNA,tetA,18.0
5564,1391.0,mRNA,Raspberry,2.0
5564,1391.0,mRNA,mKalama1,3.0
5565,1391.25,topo,topoI,0.25
5565,1391.25,topo,gyrase,0.25
5565,1391.25,RNAP,RNAP,1.0
5565,1391.25,mRNA,tetA,18.0
5565,1391.25,mRNA,Raspberry,2.0
5565,1391.25,mRNA,mKalama1,3.0
5566,1391.5,topo,topoI,0.25
5566,1391.5,topo,gyrase,0.25
5566,1391.5,RNAP,RNAP,1.0
5566,1391.5,mRNA,tetA,18.0
5566,1391.5,mRNA,Raspberry,2.0
5566,1391.5,mRNA,mKalama1,3.0
5567,1391.75,topo,topoI,0.25
5567,1391.75,topo,gyrase,0.25
5567,1391.75,RNAP,RNAP,1.0
5567,1391.75,mRNA,tetA,18.0
5567,1391.75,mRNA,Raspberry,2.0
5567,1391.75,mRNA,mKalama1,3.0
5568,1392.0,topo,topoI,0.25
5568,1392.0,topo,gyrase,0.25
5568,1392.0,RNAP,RNAP,1.0
5568,1392.0,mRNA,tetA,18.0
5568,1392.0,mRNA,Raspberry,2.0
5568,1392.0,mRNA,mKalama1,3.0
5569,1392.25,topo,topoI,0.25
5569,1392.25,topo,gyrase,0.25
5569,1392.25,RNAP,RNAP,1.0
5569,1392.25,mRNA,tetA,18.0
5569,1392.25,mRNA,Raspberry,2.0
5569,1392.25,mRNA,mKalama1,3.0
5570,1392.5,topo,topoI,0.25
5570,1392.5,topo,gyrase,0.25
5570,1392.5,RNAP,RNAP,1.0
5570,1392.5,mRNA,tetA,18.0
5570,1392.5,mRNA,Raspberry,2.0
5570,1392.5,mRNA,mKalama1,3.0
5571,1392.75,topo,topoI,0.25
5571,1392.75,topo,gyrase,0.25
5571,1392.75,RNAP,RNAP,1.0
5571,1392.75,mRNA,tetA,18.0
5571,1392.75,mRNA,Raspberry,2.0
5571,1392.75,mRNA,mKalama1,3.0
5572,1393.0,topo,topoI,0.25
5572,1393.0,topo,gyrase,0.25
5572,1393.0,RNAP,RNAP,1.0
5572,1393.0,mRNA,tetA,18.0
5572,1393.0,mRNA,Raspberry,2.0
5572,1393.0,mRNA,mKalama1,3.0
5573,1393.25,topo,topoI,0.25
5573,1393.25,topo,gyrase,0.25
5573,1393.25,RNAP,RNAP,1.0
5573,1393.25,mRNA,tetA,18.0
5573,1393.25,mRNA,Raspberry,2.0
5573,1393.25,mRNA,mKalama1,3.0
5574,1393.5,topo,topoI,0.25
5574,1393.5,topo,gyrase,0.25
5574,1393.5,RNAP,RNAP,1.0
5574,1393.5,mRNA,tetA,18.0
5574,1393.5,mRNA,Raspberry,2.0
5574,1393.5,mRNA,mKalama1,3.0
5575,1393.75,topo,topoI,0.25
5575,1393.75,topo,gyrase,0.25
5575,1393.75,RNAP,RNAP,1.0
5575,1393.75,mRNA,tetA,18.0
5575,1393.75,mRNA,Raspberry,2.0
5575,1393.75,mRNA,mKalama1,3.0
5576,1394.0,topo,topoI,0.25
5576,1394.0,topo,gyrase,0.25
5576,1394.0,RNAP,RNAP,1.0
5576,1394.0,mRNA,tetA,18.0
5576,1394.0,mRNA,Raspberry,2.0
5576,1394.0,mRNA,mKalama1,3.0
5577,1394.25,topo,topoI,0.25
5577,1394.25,topo,gyrase,0.25
5577,1394.25,RNAP,RNAP,1.0
5577,1394.25,mRNA,tetA,18.0
5577,1394.25,mRNA,Raspberry,2.0
5577,1394.25,mRNA,mKalama1,3.0
5578,1394.5,topo,topoI,0.25
5578,1394.5,topo,gyrase,0.25
5578,1394.5,RNAP,RNAP,1.0
5578,1394.5,mRNA,tetA,18.0
5578,1394.5,mRNA,Raspberry,2.0
5578,1394.5,mRNA,mKalama1,3.0
5579,1394.75,topo,topoI,0.25
5579,1394.75,topo,gyrase,0.25
5579,1394.75,RNAP,RNAP,1.0
5579,1394.75,mRNA,tetA,18.0
5579,1394.75,mRNA,Raspberry,2.0
5579,1394.75,mRNA,mKalama1,3.0
5580,1395.0,topo,topoI,0.25
5580,1395.0,topo,gyrase,0.25
5580,1395.0,RNAP,RNAP,1.0
5580,1395.0,mRNA,tetA,18.0
5580,1395.0,mRNA,Raspberry,2.0
5580,1395.0,mRNA,mKalama1,3.0
5581,1395.25,topo,topoI,0.25
5581,1395.25,topo,gyrase,0.25
5581,1395.25,RNAP,RNAP,1.0
5581,1395.25,mRNA,tetA,18.0
5581,1395.25,mRNA,Raspberry,2.0
5581,1395.25,mRNA,mKalama1,3.0
5582,1395.5,topo,topoI,0.25
5582,1395.5,topo,gyrase,0.25
5582,1395.5,RNAP,RNAP,1.0
5582,1395.5,mRNA,tetA,18.0
5582,1395.5,mRNA,Raspberry,2.0
5582,1395.5,mRNA,mKalama1,3.0
5583,1395.75,topo,topoI,0.25
5583,1395.75,topo,gyrase,0.25
5583,1395.75,RNAP,RNAP,1.0
5583,1395.75,mRNA,tetA,18.0
5583,1395.75,mRNA,Raspberry,2.0
5583,1395.75,mRNA,mKalama1,3.0
5584,1396.0,topo,topoI,0.25
5584,1396.0,topo,gyrase,0.25
5584,1396.0,RNAP,RNAP,1.0
5584,1396.0,mRNA,tetA,18.0
5584,1396.0,mRNA,Raspberry,2.0
5584,1396.0,mRNA,mKalama1,3.0
5585,1396.25,topo,topoI,0.25
5585,1396.25,topo,gyrase,0.25
5585,1396.25,RNAP,RNAP,1.0
5585,1396.25,mRNA,tetA,18.0
5585,1396.25,mRNA,Raspberry,2.0
5585,1396.25,mRNA,mKalama1,3.0
5586,1396.5,topo,topoI,0.25
5586,1396.5,topo,gyrase,0.25
5586,1396.5,RNAP,RNAP,1.0
5586,1396.5,mRNA,tetA,18.0
5586,1396.5,mRNA,Raspberry,2.0
5586,1396.5,mRNA,mKalama1,3.0
5587,1396.75,topo,topoI,0.25
5587,1396.75,topo,gyrase,0.25
5587,1396.75,RNAP,RNAP,1.0
5587,1396.75,mRNA,tetA,18.0
5587,1396.75,mRNA,Raspberry,2.0
5587,1396.75,mRNA,mKalama1,3.0
5588,1397.0,topo,topoI,0.25
5588,1397.0,topo,gyrase,0.25
5588,1397.0,RNAP,RNAP,1.0
5588,1397.0,mRNA,tetA,18.0
5588,1397.0,mRNA,Raspberry,2.0
5588,1397.0,mRNA,mKalama1,3.0
5589,1397.25,topo,topoI,0.25
5589,1397.25,topo,gyrase,0.25
5589,1397.25,RNAP,RNAP,1.0
5589,1397.25,mRNA,tetA,18.0
5589,1397.25,mRNA,Raspberry,2.0
5589,1397.25,mRNA,mKalama1,3.0
5590,1397.5,topo,topoI,0.25
5590,1397.5,topo,gyrase,0.25
5590,1397.5,RNAP,RNAP,1.0
5590,1397.5,mRNA,tetA,18.0
5590,1397.5,mRNA,Raspberry,2.0
5590,1397.5,mRNA,mKalama1,3.0
5591,1397.75,topo,topoI,0.25
5591,1397.75,topo,gyrase,0.25
5591,1397.75,RNAP,RNAP,1.0
5591,1397.75,mRNA,tetA,18.0
5591,1397.75,mRNA,Raspberry,2.0
5591,1397.75,mRNA,mKalama1,3.0
5592,1398.0,topo,topoI,0.25
5592,1398.0,topo,gyrase,0.25
5592,1398.0,RNAP,RNAP,1.0
5592,1398.0,mRNA,tetA,18.0
5592,1398.0,mRNA,Raspberry,2.0
5592,1398.0,mRNA,mKalama1,3.0
5593,1398.25,topo,topoI,0.25
5593,1398.25,topo,gyrase,0.25
5593,1398.25,RNAP,RNAP,1.0
5593,1398.25,mRNA,tetA,18.0
5593,1398.25,mRNA,Raspberry,2.0
5593,1398.25,mRNA,mKalama1,3.0
5594,1398.5,topo,topoI,0.25
5594,1398.5,topo,gyrase,0.25
5594,1398.5,RNAP,RNAP,1.0
5594,1398.5,mRNA,tetA,18.0
5594,1398.5,mRNA,Raspberry,2.0
5594,1398.5,mRNA,mKalama1,3.0
5595,1398.75,topo,topoI,0.25
5595,1398.75,topo,gyrase,0.25
5595,1398.75,RNAP,RNAP,1.0
5595,1398.75,mRNA,tetA,18.0
5595,1398.75,mRNA,Raspberry,2.0
5595,1398.75,mRNA,mKalama1,3.0
5596,1399.0,topo,topoI,0.25
5596,1399.0,topo,gyrase,0.25
5596,1399.0,RNAP,RNAP,1.0
5596,1399.0,mRNA,tetA,18.0
5596,1399.0,mRNA,Raspberry,2.0
5596,1399.0,mRNA,mKalama1,3.0
5597,1399.25,topo,topoI,0.25
5597,1399.25,topo,gyrase,0.25
5597,1399.25,RNAP,RNAP,1.0
5597,1399.25,mRNA,tetA,18.0
5597,1399.25,mRNA,Raspberry,2.0
5597,1399.25,mRNA,mKalama1,3.0
5598,1399.5,topo,topoI,0.25
5598,1399.5,topo,gyrase,0.25
5598,1399.5,RNAP,RNAP,1.0
5598,1399.5,mRNA,tetA,18.0
5598,1399.5,mRNA,Raspberry,2.0
5598,1399.5,mRNA,mKalama1,3.0
5599,1399.75,topo,topoI,0.25
5599,1399.75,topo,gyrase,0.25
5599,1399.75,RNAP,RNAP,1.0
5599,1399.75,mRNA,tetA,18.0
5599,1399.75,mRNA,Raspberry,2.0
5599,1399.75,mRNA,mKalama1,3.0
5600,1400.0,topo,topoI,0.25
5600,1400.0,topo,gyrase,0.25
5600,1400.0,RNAP,RNAP,1.0
5600,1400.0,mRNA,tetA,18.0
5600,1400.0,mRNA,Raspberry,2.0
5600,1400.0,mRNA,mKalama1,3.0
5601,1400.25,topo,topoI,0.25
5601,1400.25,topo,gyrase,0.25
5601,1400.25,RNAP,RNAP,1.0
5601,1400.25,mRNA,tetA,18.0
5601,1400.25,mRNA,Raspberry,2.0
5601,1400.25,mRNA,mKalama1,3.0
5602,1400.5,topo,topoI,0.25
5602,1400.5,topo,gyrase,0.25
5602,1400.5,RNAP,RNAP,1.0
5602,1400.5,mRNA,tetA,18.0
5602,1400.5,mRNA,Raspberry,2.0
5602,1400.5,mRNA,mKalama1,3.0
5603,1400.75,topo,topoI,0.25
5603,1400.75,topo,gyrase,0.25
5603,1400.75,RNAP,RNAP,1.0
5603,1400.75,mRNA,tetA,18.0
5603,1400.75,mRNA,Raspberry,2.0
5603,1400.75,mRNA,mKalama1,3.0
5604,1401.0,topo,topoI,0.25
5604,1401.0,topo,gyrase,0.25
5604,1401.0,RNAP,RNAP,1.0
5604,1401.0,mRNA,tetA,19.0
5604,1401.0,mRNA,Raspberry,2.0
5604,1401.0,mRNA,mKalama1,3.0
5605,1401.25,topo,topoI,0.25
5605,1401.25,topo,gyrase,0.25
5605,1401.25,RNAP,RNAP,1.0
5605,1401.25,mRNA,tetA,19.0
5605,1401.25,mRNA,Raspberry,2.0
5605,1401.25,mRNA,mKalama1,3.0
5606,1401.5,topo,topoI,0.25
5606,1401.5,topo,gyrase,0.25
5606,1401.5,RNAP,RNAP,1.0
5606,1401.5,mRNA,tetA,19.0
5606,1401.5,mRNA,Raspberry,2.0
5606,1401.5,mRNA,mKalama1,3.0
5607,1401.75,topo,topoI,0.25
5607,1401.75,topo,gyrase,0.25
5607,1401.75,RNAP,RNAP,1.0
5607,1401.75,mRNA,tetA,19.0
5607,1401.75,mRNA,Raspberry,2.0
5607,1401.75,mRNA,mKalama1,3.0
5608,1402.0,topo,topoI,0.25
5608,1402.0,topo,gyrase,0.25
5608,1402.0,RNAP,RNAP,1.0
5608,1402.0,mRNA,tetA,19.0
5608,1402.0,mRNA,Raspberry,2.0
5608,1402.0,mRNA,mKalama1,3.0
5609,1402.25,topo,topoI,0.25
5609,1402.25,topo,gyrase,0.25
5609,1402.25,RNAP,RNAP,1.0
5609,1402.25,mRNA,tetA,19.0
5609,1402.25,mRNA,Raspberry,2.0
5609,1402.25,mRNA,mKalama1,3.0
5610,1402.5,topo,topoI,0.25
5610,1402.5,topo,gyrase,0.25
5610,1402.5,RNAP,RNAP,1.0
5610,1402.5,mRNA,tetA,19.0
5610,1402.5,mRNA,Raspberry,2.0
5610,1402.5,mRNA,mKalama1,3.0
5611,1402.75,topo,topoI,0.25
5611,1402.75,topo,gyrase,0.25
5611,1402.75,RNAP,RNAP,1.0
5611,1402.75,mRNA,tetA,19.0
5611,1402.75,mRNA,Raspberry,2.0
5611,1402.75,mRNA,mKalama1,3.0
5612,1403.0,topo,topoI,0.25
5612,1403.0,topo,gyrase,0.25
5612,1403.0,RNAP,RNAP,1.0
5612,1403.0,mRNA,tetA,19.0
5612,1403.0,mRNA,Raspberry,2.0
5612,1403.0,mRNA,mKalama1,3.0
5613,1403.25,topo,topoI,0.25
5613,1403.25,topo,gyrase,0.25
5613,1403.25,RNAP,RNAP,1.0
5613,1403.25,mRNA,tetA,19.0
5613,1403.25,mRNA,Raspberry,2.0
5613,1403.25,mRNA,mKalama1,3.0
5614,1403.5,topo,topoI,0.25
5614,1403.5,topo,gyrase,0.25
5614,1403.5,RNAP,RNAP,1.0
5614,1403.5,mRNA,tetA,19.0
5614,1403.5,mRNA,Raspberry,2.0
5614,1403.5,mRNA,mKalama1,3.0
5615,1403.75,topo,topoI,0.25
5615,1403.75,topo,gyrase,0.25
5615,1403.75,RNAP,RNAP,1.0
5615,1403.75,mRNA,tetA,19.0
5615,1403.75,mRNA,Raspberry,2.0
5615,1403.75,mRNA,mKalama1,3.0
5616,1404.0,topo,topoI,0.25
5616,1404.0,topo,gyrase,0.25
5616,1404.0,RNAP,RNAP,1.0
5616,1404.0,mRNA,tetA,19.0
5616,1404.0,mRNA,Raspberry,2.0
5616,1404.0,mRNA,mKalama1,3.0
5617,1404.25,topo,topoI,0.25
5617,1404.25,topo,gyrase,0.25
5617,1404.25,RNAP,RNAP,1.0
5617,1404.25,mRNA,tetA,19.0
5617,1404.25,mRNA,Raspberry,2.0
5617,1404.25,mRNA,mKalama1,3.0
5618,1404.5,topo,topoI,0.25
5618,1404.5,topo,gyrase,0.25
5618,1404.5,RNAP,RNAP,1.0
5618,1404.5,mRNA,tetA,19.0
5618,1404.5,mRNA,Raspberry,2.0
5618,1404.5,mRNA,mKalama1,3.0
5619,1404.75,topo,topoI,0.25
5619,1404.75,topo,gyrase,0.25
5619,1404.75,RNAP,RNAP,1.0
5619,1404.75,mRNA,tetA,19.0
5619,1404.75,mRNA,Raspberry,2.0
5619,1404.75,mRNA,mKalama1,3.0
5620,1405.0,topo,topoI,0.25
5620,1405.0,topo,gyrase,0.25
5620,1405.0,RNAP,RNAP,1.0
5620,1405.0,mRNA,tetA,19.0
5620,1405.0,mRNA,Raspberry,2.0
5620,1405.0,mRNA,mKalama1,3.0
5621,1405.25,topo,topoI,0.25
5621,1405.25,topo,gyrase,0.25
5621,1405.25,RNAP,RNAP,1.0
5621,1405.25,mRNA,tetA,19.0
5621,1405.25,mRNA,Raspberry,2.0
5621,1405.25,mRNA,mKalama1,3.0
5622,1405.5,topo,topoI,0.25
5622,1405.5,topo,gyrase,0.25
5622,1405.5,RNAP,RNAP,1.0
5622,1405.5,mRNA,tetA,19.0
5622,1405.5,mRNA,Raspberry,2.0
5622,1405.5,mRNA,mKalama1,3.0
5623,1405.75,topo,topoI,0.25
5623,1405.75,topo,gyrase,0.25
5623,1405.75,RNAP,RNAP,1.0
5623,1405.75,mRNA,tetA,19.0
5623,1405.75,mRNA,Raspberry,2.0
5623,1405.75,mRNA,mKalama1,3.0
5624,1406.0,topo,topoI,0.25
5624,1406.0,topo,gyrase,0.25
5624,1406.0,RNAP,RNAP,1.0
5624,1406.0,mRNA,tetA,19.0
5624,1406.0,mRNA,Raspberry,2.0
5624,1406.0,mRNA,mKalama1,3.0
5625,1406.25,topo,topoI,0.25
5625,1406.25,topo,gyrase,0.25
5625,1406.25,RNAP,RNAP,1.0
5625,1406.25,mRNA,tetA,19.0
5625,1406.25,mRNA,Raspberry,2.0
5625,1406.25,mRNA,mKalama1,3.0
5626,1406.5,topo,topoI,0.25
5626,1406.5,topo,gyrase,0.25
5626,1406.5,RNAP,RNAP,1.0
5626,1406.5,mRNA,tetA,19.0
5626,1406.5,mRNA,Raspberry,2.0
5626,1406.5,mRNA,mKalama1,3.0
5627,1406.75,topo,topoI,0.25
5627,1406.75,topo,gyrase,0.25
5627,1406.75,RNAP,RNAP,1.0
5627,1406.75,mRNA,tetA,19.0
5627,1406.75,mRNA,Raspberry,2.0
5627,1406.75,mRNA,mKalama1,3.0
5628,1407.0,topo,topoI,0.25
5628,1407.0,topo,gyrase,0.25
5628,1407.0,RNAP,RNAP,1.0
5628,1407.0,mRNA,tetA,19.0
5628,1407.0,mRNA,Raspberry,2.0
5628,1407.0,mRNA,mKalama1,3.0
5629,1407.25,topo,topoI,0.25
5629,1407.25,topo,gyrase,0.25
5629,1407.25,RNAP,RNAP,1.0
5629,1407.25,mRNA,tetA,19.0
5629,1407.25,mRNA,Raspberry,2.0
5629,1407.25,mRNA,mKalama1,3.0
5630,1407.5,topo,topoI,0.25
5630,1407.5,topo,gyrase,0.25
5630,1407.5,RNAP,RNAP,1.0
5630,1407.5,mRNA,tetA,19.0
5630,1407.5,mRNA,Raspberry,2.0
5630,1407.5,mRNA,mKalama1,3.0
5631,1407.75,topo,topoI,0.25
5631,1407.75,topo,gyrase,0.25
5631,1407.75,RNAP,RNAP,1.0
5631,1407.75,mRNA,tetA,19.0
5631,1407.75,mRNA,Raspberry,2.0
5631,1407.75,mRNA,mKalama1,3.0
5632,1408.0,topo,topoI,0.25
5632,1408.0,topo,gyrase,0.25
5632,1408.0,RNAP,RNAP,1.0
5632,1408.0,mRNA,tetA,19.0
5632,1408.0,mRNA,Raspberry,2.0
5632,1408.0,mRNA,mKalama1,3.0
5633,1408.25,topo,topoI,0.25
5633,1408.25,topo,gyrase,0.25
5633,1408.25,RNAP,RNAP,1.0
5633,1408.25,mRNA,tetA,19.0
5633,1408.25,mRNA,Raspberry,2.0
5633,1408.25,mRNA,mKalama1,3.0
5634,1408.5,topo,topoI,0.25
5634,1408.5,topo,gyrase,0.25
5634,1408.5,RNAP,RNAP,1.0
5634,1408.5,mRNA,tetA,19.0
5634,1408.5,mRNA,Raspberry,2.0
5634,1408.5,mRNA,mKalama1,3.0
5635,1408.75,topo,topoI,0.25
5635,1408.75,topo,gyrase,0.25
5635,1408.75,RNAP,RNAP,1.0
5635,1408.75,mRNA,tetA,19.0
5635,1408.75,mRNA,Raspberry,2.0
5635,1408.75,mRNA,mKalama1,3.0
5636,1409.0,topo,topoI,0.25
5636,1409.0,topo,gyrase,0.25
5636,1409.0,RNAP,RNAP,1.0
5636,1409.0,mRNA,tetA,19.0
5636,1409.0,mRNA,Raspberry,2.0
5636,1409.0,mRNA,mKalama1,3.0
5637,1409.25,topo,topoI,0.25
5637,1409.25,topo,gyrase,0.25
5637,1409.25,RNAP,RNAP,1.0
5637,1409.25,mRNA,tetA,19.0
5637,1409.25,mRNA,Raspberry,2.0
5637,1409.25,mRNA,mKalama1,3.0
5638,1409.5,topo,topoI,0.25
5638,1409.5,topo,gyrase,0.25
5638,1409.5,RNAP,RNAP,1.0
5638,1409.5,mRNA,tetA,19.0
5638,1409.5,mRNA,Raspberry,2.0
5638,1409.5,mRNA,mKalama1,3.0
5639,1409.75,topo,topoI,0.25
5639,1409.75,topo,gyrase,0.25
5639,1409.75,RNAP,RNAP,1.0
5639,1409.75,mRNA,tetA,19.0
5639,1409.75,mRNA,Raspberry,2.0
5639,1409.75,mRNA,mKalama1,3.0
5640,1410.0,topo,topoI,0.25
5640,1410.0,topo,gyrase,0.25
5640,1410.0,RNAP,RNAP,1.0
5640,1410.0,mRNA,tetA,19.0
5640,1410.0,mRNA,Raspberry,2.0
5640,1410.0,mRNA,mKalama1,3.0
5641,1410.25,topo,topoI,0.25
5641,1410.25,topo,gyrase,0.25
5641,1410.25,RNAP,RNAP,1.0
5641,1410.25,mRNA,tetA,19.0
5641,1410.25,mRNA,Raspberry,2.0
5641,1410.25,mRNA,mKalama1,3.0
5642,1410.5,topo,topoI,0.25
5642,1410.5,topo,gyrase,0.25
5642,1410.5,RNAP,RNAP,1.0
5642,1410.5,mRNA,tetA,19.0
5642,1410.5,mRNA,Raspberry,2.0
5642,1410.5,mRNA,mKalama1,3.0
5643,1410.75,topo,topoI,0.25
5643,1410.75,topo,gyrase,0.25
5643,1410.75,RNAP,RNAP,1.0
5643,1410.75,mRNA,tetA,19.0
5643,1410.75,mRNA,Raspberry,2.0
5643,1410.75,mRNA,mKalama1,3.0
5644,1411.0,topo,topoI,0.25
5644,1411.0,topo,gyrase,0.25
5644,1411.0,RNAP,RNAP,1.0
5644,1411.0,mRNA,tetA,19.0
5644,1411.0,mRNA,Raspberry,2.0
5644,1411.0,mRNA,mKalama1,3.0
5645,1411.25,topo,topoI,0.25
5645,1411.25,topo,gyrase,0.25
5645,1411.25,RNAP,RNAP,1.0
5645,1411.25,mRNA,tetA,19.0
5645,1411.25,mRNA,Raspberry,2.0
5645,1411.25,mRNA,mKalama1,3.0
5646,1411.5,topo,topoI,0.25
5646,1411.5,topo,gyrase,0.25
5646,1411.5,RNAP,RNAP,1.0
5646,1411.5,mRNA,tetA,19.0
5646,1411.5,mRNA,Raspberry,2.0
5646,1411.5,mRNA,mKalama1,3.0
5647,1411.75,topo,topoI,0.25
5647,1411.75,topo,gyrase,0.25
5647,1411.75,RNAP,RNAP,1.0
5647,1411.75,mRNA,tetA,19.0
5647,1411.75,mRNA,Raspberry,2.0
5647,1411.75,mRNA,mKalama1,3.0
5648,1412.0,topo,topoI,0.25
5648,1412.0,topo,gyrase,0.25
5648,1412.0,RNAP,RNAP,1.0
5648,1412.0,mRNA,tetA,19.0
5648,1412.0,mRNA,Raspberry,2.0
5648,1412.0,mRNA,mKalama1,3.0
5649,1412.25,topo,topoI,0.25
5649,1412.25,topo,gyrase,0.25
5649,1412.25,RNAP,RNAP,1.0
5649,1412.25,mRNA,tetA,19.0
5649,1412.25,mRNA,Raspberry,2.0
5649,1412.25,mRNA,mKalama1,3.0
5650,1412.5,topo,topoI,0.25
5650,1412.5,topo,gyrase,0.25
5650,1412.5,RNAP,RNAP,1.0
5650,1412.5,mRNA,tetA,19.0
5650,1412.5,mRNA,Raspberry,2.0
5650,1412.5,mRNA,mKalama1,3.0
5651,1412.75,topo,topoI,0.25
5651,1412.75,topo,gyrase,0.25
5651,1412.75,RNAP,RNAP,1.0
5651,1412.75,mRNA,tetA,19.0
5651,1412.75,mRNA,Raspberry,2.0
5651,1412.75,mRNA,mKalama1,3.0
5652,1413.0,topo,topoI,0.25
5652,1413.0,topo,gyrase,0.25
5652,1413.0,RNAP,RNAP,1.0
5652,1413.0,mRNA,tetA,19.0
5652,1413.0,mRNA,Raspberry,2.0
5652,1413.0,mRNA,mKalama1,3.0
5653,1413.25,topo,topoI,0.25
5653,1413.25,topo,gyrase,0.25
5653,1413.25,RNAP,RNAP,1.0
5653,1413.25,mRNA,tetA,19.0
5653,1413.25,mRNA,Raspberry,2.0
5653,1413.25,mRNA,mKalama1,3.0
5654,1413.5,topo,topoI,0.25
5654,1413.5,topo,gyrase,0.25
5654,1413.5,RNAP,RNAP,1.0
5654,1413.5,mRNA,tetA,19.0
5654,1413.5,mRNA,Raspberry,2.0
5654,1413.5,mRNA,mKalama1,3.0
5655,1413.75,topo,topoI,0.25
5655,1413.75,topo,gyrase,0.25
5655,1413.75,RNAP,RNAP,1.0
5655,1413.75,mRNA,tetA,19.0
5655,1413.75,mRNA,Raspberry,2.0
5655,1413.75,mRNA,mKalama1,3.0
5656,1414.0,topo,topoI,0.25
5656,1414.0,topo,gyrase,0.25
5656,1414.0,RNAP,RNAP,1.0
5656,1414.0,mRNA,tetA,19.0
5656,1414.0,mRNA,Raspberry,2.0
5656,1414.0,mRNA,mKalama1,3.0
5657,1414.25,topo,topoI,0.25
5657,1414.25,topo,gyrase,0.25
5657,1414.25,RNAP,RNAP,1.0
5657,1414.25,mRNA,tetA,19.0
5657,1414.25,mRNA,Raspberry,2.0
5657,1414.25,mRNA,mKalama1,3.0
5658,1414.5,topo,topoI,0.25
5658,1414.5,topo,gyrase,0.25
5658,1414.5,RNAP,RNAP,1.0
5658,1414.5,mRNA,tetA,19.0
5658,1414.5,mRNA,Raspberry,2.0
5658,1414.5,mRNA,mKalama1,3.0
5659,1414.75,topo,topoI,0.25
5659,1414.75,topo,gyrase,0.25
5659,1414.75,RNAP,RNAP,1.0
5659,1414.75,mRNA,tetA,19.0
5659,1414.75,mRNA,Raspberry,2.0
5659,1414.75,mRNA,mKalama1,3.0
5660,1415.0,topo,topoI,0.25
5660,1415.0,topo,gyrase,0.25
5660,1415.0,RNAP,RNAP,1.0
5660,1415.0,mRNA,tetA,19.0
5660,1415.0,mRNA,Raspberry,2.0
5660,1415.0,mRNA,mKalama1,3.0
5661,1415.25,topo,topoI,0.25
5661,1415.25,topo,gyrase,0.25
5661,1415.25,RNAP,RNAP,1.0
5661,1415.25,mRNA,tetA,19.0
5661,1415.25,mRNA,Raspberry,2.0
5661,1415.25,mRNA,mKalama1,3.0
5662,1415.5,topo,topoI,0.25
5662,1415.5,topo,gyrase,0.25
5662,1415.5,RNAP,RNAP,1.0
5662,1415.5,mRNA,tetA,19.0
5662,1415.5,mRNA,Raspberry,2.0
5662,1415.5,mRNA,mKalama1,3.0
5663,1415.75,topo,topoI,0.25
5663,1415.75,topo,gyrase,0.25
5663,1415.75,RNAP,RNAP,1.0
5663,1415.75,mRNA,tetA,19.0
5663,1415.75,mRNA,Raspberry,2.0
5663,1415.75,mRNA,mKalama1,3.0
5664,1416.0,topo,topoI,0.25
5664,1416.0,topo,gyrase,0.25
5664,1416.0,RNAP,RNAP,1.0
5664,1416.0,mRNA,tetA,19.0
5664,1416.0,mRNA,Raspberry,2.0
5664,1416.0,mRNA,mKalama1,3.0
5665,1416.25,topo,topoI,0.25
5665,1416.25,topo,gyrase,0.25
5665,1416.25,RNAP,RNAP,1.0
5665,1416.25,mRNA,tetA,19.0
5665,1416.25,mRNA,Raspberry,2.0
5665,1416.25,mRNA,mKalama1,3.0
5666,1416.5,topo,topoI,0.25
5666,1416.5,topo,gyrase,0.25
5666,1416.5,RNAP,RNAP,1.0
5666,1416.5,mRNA,tetA,19.0
5666,1416.5,mRNA,Raspberry,2.0
5666,1416.5,mRNA,mKalama1,3.0
5667,1416.75,topo,topoI,0.25
5667,1416.75,topo,gyrase,0.25
5667,1416.75,RNAP,RNAP,1.0
5667,1416.75,mRNA,tetA,19.0
5667,1416.75,mRNA,Raspberry,2.0
5667,1416.75,mRNA,mKalama1,3.0
5668,1417.0,topo,topoI,0.25
5668,1417.0,topo,gyrase,0.25
5668,1417.0,RNAP,RNAP,1.0
5668,1417.0,mRNA,tetA,19.0
5668,1417.0,mRNA,Raspberry,2.0
5668,1417.0,mRNA,mKalama1,3.0
5669,1417.25,topo,topoI,0.25
5669,1417.25,topo,gyrase,0.25
5669,1417.25,RNAP,RNAP,1.0
5669,1417.25,mRNA,tetA,19.0
5669,1417.25,mRNA,Raspberry,2.0
5669,1417.25,mRNA,mKalama1,3.0
5670,1417.5,topo,topoI,0.25
5670,1417.5,topo,gyrase,0.25
5670,1417.5,RNAP,RNAP,1.0
5670,1417.5,mRNA,tetA,19.0
5670,1417.5,mRNA,Raspberry,2.0
5670,1417.5,mRNA,mKalama1,3.0
5671,1417.75,topo,topoI,0.25
5671,1417.75,topo,gyrase,0.25
5671,1417.75,RNAP,RNAP,1.0
5671,1417.75,mRNA,tetA,19.0
5671,1417.75,mRNA,Raspberry,2.0
5671,1417.75,mRNA,mKalama1,3.0
5672,1418.0,topo,topoI,0.25
5672,1418.0,topo,gyrase,0.25
5672,1418.0,RNAP,RNAP,1.0
5672,1418.0,mRNA,tetA,19.0
5672,1418.0,mRNA,Raspberry,2.0
5672,1418.0,mRNA,mKalama1,3.0
5673,1418.25,topo,topoI,0.25
5673,1418.25,topo,gyrase,0.25
5673,1418.25,RNAP,RNAP,1.0
5673,1418.25,mRNA,tetA,19.0
5673,1418.25,mRNA,Raspberry,2.0
5673,1418.25,mRNA,mKalama1,3.0
5674,1418.5,topo,topoI,0.25
5674,1418.5,topo,gyrase,0.25
5674,1418.5,RNAP,RNAP,1.0
5674,1418.5,mRNA,tetA,19.0
5674,1418.5,mRNA,Raspberry,2.0
5674,1418.5,mRNA,mKalama1,3.0
5675,1418.75,topo,topoI,0.25
5675,1418.75,topo,gyrase,0.25
5675,1418.75,RNAP,RNAP,1.0
5675,1418.75,mRNA,tetA,19.0
5675,1418.75,mRNA,Raspberry,2.0
5675,1418.75,mRNA,mKalama1,3.0
5676,1419.0,topo,topoI,0.25
5676,1419.0,topo,gyrase,0.25
5676,1419.0,RNAP,RNAP,1.0
5676,1419.0,mRNA,tetA,19.0
5676,1419.0,mRNA,Raspberry,2.0
5676,1419.0,mRNA,mKalama1,3.0
5677,1419.25,topo,topoI,0.25
5677,1419.25,topo,gyrase,0.25
5677,1419.25,RNAP,RNAP,1.0
5677,1419.25,mRNA,tetA,19.0
5677,1419.25,mRNA,Raspberry,2.0
5677,1419.25,mRNA,mKalama1,3.0
5678,1419.5,topo,topoI,0.25
5678,1419.5,topo,gyrase,0.25
5678,1419.5,RNAP,RNAP,1.0
5678,1419.5,mRNA,tetA,19.0
5678,1419.5,mRNA,Raspberry,2.0
5678,1419.5,mRNA,mKalama1,3.0
5679,1419.75,topo,topoI,0.25
5679,1419.75,topo,gyrase,0.25
5679,1419.75,RNAP,RNAP,1.0
5679,1419.75,mRNA,tetA,19.0
5679,1419.75,mRNA,Raspberry,2.0
5679,1419.75,mRNA,mKalama1,3.0
5680,1420.0,topo,topoI,0.25
5680,1420.0,topo,gyrase,0.25
5680,1420.0,RNAP,RNAP,1.0
5680,1420.0,mRNA,tetA,19.0
5680,1420.0,mRNA,Raspberry,2.0
5680,1420.0,mRNA,mKalama1,3.0
5681,1420.25,topo,topoI,0.25
5681,1420.25,topo,gyrase,0.25
5681,1420.25,RNAP,RNAP,1.0
5681,1420.25,mRNA,tetA,19.0
5681,1420.25,mRNA,Raspberry,2.0
5681,1420.25,mRNA,mKalama1,3.0
5682,1420.5,topo,topoI,0.25
5682,1420.5,topo,gyrase,0.25
5682,1420.5,RNAP,RNAP,1.0
5682,1420.5,mRNA,tetA,19.0
5682,1420.5,mRNA,Raspberry,2.0
5682,1420.5,mRNA,mKalama1,3.0
5683,1420.75,topo,topoI,0.25
5683,1420.75,topo,gyrase,0.25
5683,1420.75,RNAP,RNAP,1.0
5683,1420.75,mRNA,tetA,19.0
5683,1420.75,mRNA,Raspberry,2.0
5683,1420.75,mRNA,mKalama1,3.0
5684,1421.0,topo,topoI,0.25
5684,1421.0,topo,gyrase,0.25
5684,1421.0,RNAP,RNAP,1.0
5684,1421.0,mRNA,tetA,19.0
5684,1421.0,mRNA,Raspberry,2.0
5684,1421.0,mRNA,mKalama1,3.0
5685,1421.25,topo,topoI,0.25
5685,1421.25,topo,gyrase,0.25
5685,1421.25,RNAP,RNAP,1.0
5685,1421.25,mRNA,tetA,19.0
5685,1421.25,mRNA,Raspberry,2.0
5685,1421.25,mRNA,mKalama1,3.0
5686,1421.5,topo,topoI,0.25
5686,1421.5,topo,gyrase,0.25
5686,1421.5,RNAP,RNAP,1.0
5686,1421.5,mRNA,tetA,19.0
5686,1421.5,mRNA,Raspberry,2.0
5686,1421.5,mRNA,mKalama1,3.0
5687,1421.75,topo,topoI,0.25
5687,1421.75,topo,gyrase,0.25
5687,1421.75,RNAP,RNAP,1.0
5687,1421.75,mRNA,tetA,19.0
5687,1421.75,mRNA,Raspberry,2.0
5687,1421.75,mRNA,mKalama1,3.0
5688,1422.0,topo,topoI,0.25
5688,1422.0,topo,gyrase,0.25
5688,1422.0,RNAP,RNAP,1.0
5688,1422.0,mRNA,tetA,19.0
5688,1422.0,mRNA,Raspberry,2.0
5688,1422.0,mRNA,mKalama1,3.0
5689,1422.25,topo,topoI,0.25
5689,1422.25,topo,gyrase,0.25
5689,1422.25,RNAP,RNAP,1.0
5689,1422.25,mRNA,tetA,19.0
5689,1422.25,mRNA,Raspberry,2.0
5689,1422.25,mRNA,mKalama1,3.0
5690,1422.5,topo,topoI,0.25
5690,1422.5,topo,gyrase,0.25
5690,1422.5,RNAP,RNAP,1.0
5690,1422.5,mRNA,tetA,19.0
5690,1422.5,mRNA,Raspberry,2.0
5690,1422.5,mRNA,mKalama1,3.0
5691,1422.75,topo,topoI,0.25
5691,1422.75,topo,gyrase,0.25
5691,1422.75,RNAP,RNAP,1.0
5691,1422.75,mRNA,tetA,19.0
5691,1422.75,mRNA,Raspberry,2.0
5691,1422.75,mRNA,mKalama1,3.0
5692,1423.0,topo,topoI,0.25
5692,1423.0,topo,gyrase,0.25
5692,1423.0,RNAP,RNAP,1.0
5692,1423.0,mRNA,tetA,19.0
5692,1423.0,mRNA,Raspberry,2.0
5692,1423.0,mRNA,mKalama1,3.0
5693,1423.25,topo,topoI,0.25
5693,1423.25,topo,gyrase,0.25
5693,1423.25,RNAP,RNAP,1.0
5693,1423.25,mRNA,tetA,19.0
5693,1423.25,mRNA,Raspberry,2.0
5693,1423.25,mRNA,mKalama1,3.0
5694,1423.5,topo,topoI,0.25
5694,1423.5,topo,gyrase,0.25
5694,1423.5,RNAP,RNAP,1.0
5694,1423.5,mRNA,tetA,19.0
5694,1423.5,mRNA,Raspberry,2.0
5694,1423.5,mRNA,mKalama1,3.0
5695,1423.75,topo,topoI,0.25
5695,1423.75,topo,gyrase,0.25
5695,1423.75,RNAP,RNAP,1.0
5695,1423.75,mRNA,tetA,19.0
5695,1423.75,mRNA,Raspberry,2.0
5695,1423.75,mRNA,mKalama1,3.0
5696,1424.0,topo,topoI,0.25
5696,1424.0,topo,gyrase,0.25
5696,1424.0,RNAP,RNAP,1.0
5696,1424.0,mRNA,tetA,19.0
5696,1424.0,mRNA,Raspberry,2.0
5696,1424.0,mRNA,mKalama1,3.0
5697,1424.25,topo,topoI,0.25
5697,1424.25,topo,gyrase,0.25
5697,1424.25,RNAP,RNAP,1.0
5697,1424.25,mRNA,tetA,19.0
5697,1424.25,mRNA,Raspberry,2.0
5697,1424.25,mRNA,mKalama1,3.0
5698,1424.5,topo,topoI,0.25
5698,1424.5,topo,gyrase,0.25
5698,1424.5,RNAP,RNAP,1.0
5698,1424.5,mRNA,tetA,19.0
5698,1424.5,mRNA,Raspberry,2.0
5698,1424.5,mRNA,mKalama1,3.0
5699,1424.75,topo,topoI,0.25
5699,1424.75,topo,gyrase,0.25
5699,1424.75,RNAP,RNAP,1.0
5699,1424.75,mRNA,tetA,19.0
5699,1424.75,mRNA,Raspberry,2.0
5699,1424.75,mRNA,mKalama1,3.0
5700,1425.0,topo,topoI,0.25
5700,1425.0,topo,gyrase,0.25
5700,1425.0,RNAP,RNAP,1.0
5700,1425.0,mRNA,tetA,19.0
5700,1425.0,mRNA,Raspberry,2.0
5700,1425.0,mRNA,mKalama1,3.0
5701,1425.25,topo,topoI,0.25
5701,1425.25,topo,gyrase,0.25
5701,1425.25,RNAP,RNAP,1.0
5701,1425.25,mRNA,tetA,19.0
5701,1425.25,mRNA,Raspberry,2.0
5701,1425.25,mRNA,mKalama1,3.0
5702,1425.5,topo,topoI,0.25
5702,1425.5,topo,gyrase,0.25
5702,1425.5,RNAP,RNAP,1.0
5702,1425.5,mRNA,tetA,19.0
5702,1425.5,mRNA,Raspberry,2.0
5702,1425.5,mRNA,mKalama1,3.0
5703,1425.75,topo,topoI,0.25
5703,1425.75,topo,gyrase,0.25
5703,1425.75,RNAP,RNAP,1.0
5703,1425.75,mRNA,tetA,19.0
5703,1425.75,mRNA,Raspberry,2.0
5703,1425.75,mRNA,mKalama1,3.0
5704,1426.0,topo,topoI,0.25
5704,1426.0,topo,gyrase,0.25
5704,1426.0,RNAP,RNAP,1.0
5704,1426.0,mRNA,tetA,19.0
5704,1426.0,mRNA,Raspberry,2.0
5704,1426.0,mRNA,mKalama1,3.0
5705,1426.25,topo,topoI,0.25
5705,1426.25,topo,gyrase,0.25
5705,1426.25,RNAP,RNAP,1.0
5705,1426.25,mRNA,tetA,19.0
5705,1426.25,mRNA,Raspberry,2.0
5705,1426.25,mRNA,mKalama1,3.0
5706,1426.5,topo,topoI,0.25
5706,1426.5,topo,gyrase,0.25
5706,1426.5,RNAP,RNAP,1.0
5706,1426.5,mRNA,tetA,19.0
5706,1426.5,mRNA,Raspberry,2.0
5706,1426.5,mRNA,mKalama1,3.0
5707,1426.75,topo,topoI,0.25
5707,1426.75,topo,gyrase,0.25
5707,1426.75,RNAP,RNAP,1.0
5707,1426.75,mRNA,tetA,19.0
5707,1426.75,mRNA,Raspberry,2.0
5707,1426.75,mRNA,mKalama1,3.0
5708,1427.0,topo,topoI,0.25
5708,1427.0,topo,gyrase,0.25
5708,1427.0,RNAP,RNAP,1.0
5708,1427.0,mRNA,tetA,19.0
5708,1427.0,mRNA,Raspberry,2.0
5708,1427.0,mRNA,mKalama1,3.0
5709,1427.25,topo,topoI,0.25
5709,1427.25,topo,gyrase,0.25
5709,1427.25,RNAP,RNAP,1.0
5709,1427.25,mRNA,tetA,19.0
5709,1427.25,mRNA,Raspberry,2.0
5709,1427.25,mRNA,mKalama1,3.0
5710,1427.5,topo,topoI,0.25
5710,1427.5,topo,gyrase,0.25
5710,1427.5,RNAP,RNAP,1.0
5710,1427.5,mRNA,tetA,19.0
5710,1427.5,mRNA,Raspberry,2.0
5710,1427.5,mRNA,mKalama1,3.0
5711,1427.75,topo,topoI,0.25
5711,1427.75,topo,gyrase,0.25
5711,1427.75,RNAP,RNAP,1.0
5711,1427.75,mRNA,tetA,19.0
5711,1427.75,mRNA,Raspberry,2.0
5711,1427.75,mRNA,mKalama1,3.0
5712,1428.0,topo,topoI,0.25
5712,1428.0,topo,gyrase,0.25
5712,1428.0,RNAP,RNAP,1.0
5712,1428.0,mRNA,tetA,19.0
5712,1428.0,mRNA,Raspberry,2.0
5712,1428.0,mRNA,mKalama1,3.0
5713,1428.25,topo,topoI,0.25
5713,1428.25,topo,gyrase,0.25
5713,1428.25,RNAP,RNAP,1.0
5713,1428.25,mRNA,tetA,19.0
5713,1428.25,mRNA,Raspberry,2.0
5713,1428.25,mRNA,mKalama1,3.0
5714,1428.5,topo,topoI,0.25
5714,1428.5,topo,gyrase,0.25
5714,1428.5,RNAP,RNAP,1.0
5714,1428.5,mRNA,tetA,19.0
5714,1428.5,mRNA,Raspberry,2.0
5714,1428.5,mRNA,mKalama1,3.0
5715,1428.75,topo,topoI,0.25
5715,1428.75,topo,gyrase,0.25
5715,1428.75,RNAP,RNAP,1.0
5715,1428.75,mRNA,tetA,19.0
5715,1428.75,mRNA,Raspberry,2.0
5715,1428.75,mRNA,mKalama1,3.0
5716,1429.0,topo,topoI,0.25
5716,1429.0,topo,gyrase,0.25
5716,1429.0,RNAP,RNAP,1.0
5716,1429.0,mRNA,tetA,19.0
5716,1429.0,mRNA,Raspberry,2.0
5716,1429.0,mRNA,mKalama1,3.0
5717,1429.25,topo,topoI,0.25
5717,1429.25,topo,gyrase,0.25
5717,1429.25,RNAP,RNAP,1.0
5717,1429.25,mRNA,tetA,19.0
5717,1429.25,mRNA,Raspberry,2.0
5717,1429.25,mRNA,mKalama1,3.0
5718,1429.5,topo,topoI,0.25
5718,1429.5,topo,gyrase,0.25
5718,1429.5,RNAP,RNAP,1.0
5718,1429.5,mRNA,tetA,19.0
5718,1429.5,mRNA,Raspberry,2.0
5718,1429.5,mRNA,mKalama1,3.0
5719,1429.75,topo,topoI,0.25
5719,1429.75,topo,gyrase,0.25
5719,1429.75,RNAP,RNAP,1.0
5719,1429.75,mRNA,tetA,19.0
5719,1429.75,mRNA,Raspberry,2.0
5719,1429.75,mRNA,mKalama1,3.0
5720,1430.0,topo,topoI,0.25
5720,1430.0,topo,gyrase,0.25
5720,1430.0,RNAP,RNAP,1.0
5720,1430.0,mRNA,tetA,19.0
5720,1430.0,mRNA,Raspberry,2.0
5720,1430.0,mRNA,mKalama1,3.0
5721,1430.25,topo,topoI,0.25
5721,1430.25,topo,gyrase,0.25
5721,1430.25,RNAP,RNAP,1.0
5721,1430.25,mRNA,tetA,19.0
5721,1430.25,mRNA,Raspberry,2.0
5721,1430.25,mRNA,mKalama1,3.0
5722,1430.5,topo,topoI,0.25
5722,1430.5,topo,gyrase,0.25
5722,1430.5,RNAP,RNAP,1.0
5722,1430.5,mRNA,tetA,19.0
5722,1430.5,mRNA,Raspberry,2.0
5722,1430.5,mRNA,mKalama1,3.0
5723,1430.75,topo,topoI,0.25
5723,1430.75,topo,gyrase,0.25
5723,1430.75,RNAP,RNAP,1.0
5723,1430.75,mRNA,tetA,19.0
5723,1430.75,mRNA,Raspberry,2.0
5723,1430.75,mRNA,mKalama1,3.0
5724,1431.0,topo,topoI,0.25
5724,1431.0,topo,gyrase,0.25
5724,1431.0,RNAP,RNAP,1.0
5724,1431.0,mRNA,tetA,19.0
5724,1431.0,mRNA,Raspberry,2.0
5724,1431.0,mRNA,mKalama1,3.0
5725,1431.25,topo,topoI,0.25
5725,1431.25,topo,gyrase,0.25
5725,1431.25,RNAP,RNAP,1.0
5725,1431.25,mRNA,tetA,19.0
5725,1431.25,mRNA,Raspberry,2.0
5725,1431.25,mRNA,mKalama1,3.0
5726,1431.5,topo,topoI,0.25
5726,1431.5,topo,gyrase,0.25
5726,1431.5,RNAP,RNAP,1.0
5726,1431.5,mRNA,tetA,19.0
5726,1431.5,mRNA,Raspberry,2.0
5726,1431.5,mRNA,mKalama1,3.0
5727,1431.75,topo,topoI,0.25
5727,1431.75,topo,gyrase,0.25
5727,1431.75,RNAP,RNAP,1.0
5727,1431.75,mRNA,tetA,19.0
5727,1431.75,mRNA,Raspberry,2.0
5727,1431.75,mRNA,mKalama1,3.0
5728,1432.0,topo,topoI,0.25
5728,1432.0,topo,gyrase,0.25
5728,1432.0,RNAP,RNAP,1.0
5728,1432.0,mRNA,tetA,19.0
5728,1432.0,mRNA,Raspberry,2.0
5728,1432.0,mRNA,mKalama1,3.0
5729,1432.25,topo,topoI,0.25
5729,1432.25,topo,gyrase,0.25
5729,1432.25,RNAP,RNAP,1.0
5729,1432.25,mRNA,tetA,19.0
5729,1432.25,mRNA,Raspberry,2.0
5729,1432.25,mRNA,mKalama1,3.0
5730,1432.5,topo,topoI,0.25
5730,1432.5,topo,gyrase,0.25
5730,1432.5,RNAP,RNAP,1.0
5730,1432.5,mRNA,tetA,19.0
5730,1432.5,mRNA,Raspberry,2.0
5730,1432.5,mRNA,mKalama1,3.0
5731,1432.75,topo,topoI,0.25
5731,1432.75,topo,gyrase,0.25
5731,1432.75,RNAP,RNAP,1.0
5731,1432.75,mRNA,tetA,19.0
5731,1432.75,mRNA,Raspberry,2.0
5731,1432.75,mRNA,mKalama1,3.0
5732,1433.0,topo,topoI,0.25
5732,1433.0,topo,gyrase,0.25
5732,1433.0,RNAP,RNAP,1.0
5732,1433.0,mRNA,tetA,19.0
5732,1433.0,mRNA,Raspberry,2.0
5732,1433.0,mRNA,mKalama1,3.0
5733,1433.25,topo,topoI,0.25
5733,1433.25,topo,gyrase,0.25
5733,1433.25,RNAP,RNAP,1.0
5733,1433.25,mRNA,tetA,19.0
5733,1433.25,mRNA,Raspberry,2.0
5733,1433.25,mRNA,mKalama1,3.0
5734,1433.5,topo,topoI,0.25
5734,1433.5,topo,gyrase,0.25
5734,1433.5,RNAP,RNAP,1.0
5734,1433.5,mRNA,tetA,19.0
5734,1433.5,mRNA,Raspberry,2.0
5734,1433.5,mRNA,mKalama1,3.0
5735,1433.75,topo,topoI,0.25
5735,1433.75,topo,gyrase,0.25
5735,1433.75,RNAP,RNAP,1.0
5735,1433.75,mRNA,tetA,19.0
5735,1433.75,mRNA,Raspberry,2.0
5735,1433.75,mRNA,mKalama1,3.0
5736,1434.0,topo,topoI,0.25
5736,1434.0,topo,gyrase,0.25
5736,1434.0,RNAP,RNAP,1.0
5736,1434.0,mRNA,tetA,19.0
5736,1434.0,mRNA,Raspberry,2.0
5736,1434.0,mRNA,mKalama1,3.0
5737,1434.25,topo,topoI,0.25
5737,1434.25,topo,gyrase,0.25
5737,1434.25,RNAP,RNAP,1.0
5737,1434.25,mRNA,tetA,19.0
5737,1434.25,mRNA,Raspberry,2.0
5737,1434.25,mRNA,mKalama1,3.0
5738,1434.5,topo,topoI,0.25
5738,1434.5,topo,gyrase,0.25
5738,1434.5,RNAP,RNAP,1.0
5738,1434.5,mRNA,tetA,19.0
5738,1434.5,mRNA,Raspberry,2.0
5738,1434.5,mRNA,mKalama1,3.0
5739,1434.75,topo,topoI,0.25
5739,1434.75,topo,gyrase,0.25
5739,1434.75,RNAP,RNAP,1.0
5739,1434.75,mRNA,tetA,19.0
5739,1434.75,mRNA,Raspberry,2.0
5739,1434.75,mRNA,mKalama1,3.0
5740,1435.0,topo,topoI,0.25
5740,1435.0,topo,gyrase,0.25
5740,1435.0,RNAP,RNAP,1.0
5740,1435.0,mRNA,tetA,19.0
5740,1435.0,mRNA,Raspberry,2.0
5740,1435.0,mRNA,mKalama1,3.0
5741,1435.25,topo,topoI,0.25
5741,1435.25,topo,gyrase,0.25
5741,1435.25,RNAP,RNAP,1.0
5741,1435.25,mRNA,tetA,19.0
5741,1435.25,mRNA,Raspberry,2.0
5741,1435.25,mRNA,mKalama1,3.0
5742,1435.5,topo,topoI,0.25
5742,1435.5,topo,gyrase,0.25
5742,1435.5,RNAP,RNAP,1.0
5742,1435.5,mRNA,tetA,19.0
5742,1435.5,mRNA,Raspberry,2.0
5742,1435.5,mRNA,mKalama1,3.0
5743,1435.75,topo,topoI,0.25
5743,1435.75,topo,gyrase,0.25
5743,1435.75,RNAP,RNAP,1.0
5743,1435.75,mRNA,tetA,19.0
5743,1435.75,mRNA,Raspberry,2.0
5743,1435.75,mRNA,mKalama1,3.0
5744,1436.0,topo,topoI,0.25
5744,1436.0,topo,gyrase,0.25
5744,1436.0,RNAP,RNAP,1.0
5744,1436.0,mRNA,tetA,19.0
5744,1436.0,mRNA,Raspberry,2.0
5744,1436.0,mRNA,mKalama1,3.0
5745,1436.25,topo,topoI,0.25
5745,1436.25,topo,gyrase,0.25
5745,1436.25,RNAP,RNAP,1.0
5745,1436.25,mRNA,tetA,19.0
5745,1436.25,mRNA,Raspberry,2.0
5745,1436.25,mRNA,mKalama1,3.0
5746,1436.5,topo,topoI,0.25
5746,1436.5,topo,gyrase,0.25
5746,1436.5,RNAP,RNAP,1.0
5746,1436.5,mRNA,tetA,19.0
5746,1436.5,mRNA,Raspberry,2.0
5746,1436.5,mRNA,mKalama1,3.0
5747,1436.75,topo,topoI,0.25
5747,1436.75,topo,gyrase,0.25
5747,1436.75,RNAP,RNAP,1.0
5747,1436.75,mRNA,tetA,19.0
5747,1436.75,mRNA,Raspberry,2.0
5747,1436.75,mRNA,mKalama1,3.0
5748,1437.0,topo,topoI,0.25
5748,1437.0,topo,gyrase,0.25
5748,1437.0,RNAP,RNAP,1.0
5748,1437.0,mRNA,tetA,19.0
5748,1437.0,mRNA,Raspberry,2.0
5748,1437.0,mRNA,mKalama1,3.0
5749,1437.25,topo,topoI,0.25
5749,1437.25,topo,gyrase,0.25
5749,1437.25,RNAP,RNAP,1.0
5749,1437.25,mRNA,tetA,19.0
5749,1437.25,mRNA,Raspberry,2.0
5749,1437.25,mRNA,mKalama1,3.0
5750,1437.5,topo,topoI,0.25
5750,1437.5,topo,gyrase,0.25
5750,1437.5,RNAP,RNAP,1.0
5750,1437.5,mRNA,tetA,19.0
5750,1437.5,mRNA,Raspberry,2.0
5750,1437.5,mRNA,mKalama1,3.0
5751,1437.75,topo,topoI,0.25
5751,1437.75,topo,gyrase,0.25
5751,1437.75,RNAP,RNAP,1.0
5751,1437.75,mRNA,tetA,19.0
5751,1437.75,mRNA,Raspberry,2.0
5751,1437.75,mRNA,mKalama1,3.0
5752,1438.0,topo,topoI,0.25
5752,1438.0,topo,gyrase,0.25
5752,1438.0,RNAP,RNAP,1.0
5752,1438.0,mRNA,tetA,19.0
5752,1438.0,mRNA,Raspberry,2.0
5752,1438.0,mRNA,mKalama1,3.0
5753,1438.25,topo,topoI,0.25
5753,1438.25,topo,gyrase,0.25
5753,1438.25,RNAP,RNAP,1.0
5753,1438.25,mRNA,tetA,19.0
5753,1438.25,mRNA,Raspberry,2.0
5753,1438.25,mRNA,mKalama1,3.0
5754,1438.5,topo,topoI,0.25
5754,1438.5,topo,gyrase,0.25
5754,1438.5,RNAP,RNAP,1.0
5754,1438.5,mRNA,tetA,19.0
5754,1438.5,mRNA,Raspberry,2.0
5754,1438.5,mRNA,mKalama1,3.0
5755,1438.75,topo,topoI,0.25
5755,1438.75,topo,gyrase,0.25
5755,1438.75,RNAP,RNAP,1.0
5755,1438.75,mRNA,tetA,19.0
5755,1438.75,mRNA,Raspberry,2.0
5755,1438.75,mRNA,mKalama1,3.0
5756,1439.0,topo,topoI,0.25
5756,1439.0,topo,gyrase,0.25
5756,1439.0,RNAP,RNAP,1.0
5756,1439.0,mRNA,tetA,19.0
5756,1439.0,mRNA,Raspberry,2.0
5756,1439.0,mRNA,mKalama1,3.0
5757,1439.25,topo,topoI,0.25
5757,1439.25,topo,gyrase,0.25
5757,1439.25,RNAP,RNAP,1.0
5757,1439.25,mRNA,tetA,19.0
5757,1439.25,mRNA,Raspberry,2.0
5757,1439.25,mRNA,mKalama1,3.0
5758,1439.5,topo,topoI,0.25
5758,1439.5,topo,gyrase,0.25
5758,1439.5,RNAP,RNAP,1.0
5758,1439.5,mRNA,tetA,19.0
5758,1439.5,mRNA,Raspberry,2.0
5758,1439.5,mRNA,mKalama1,3.0
5759,1439.75,topo,topoI,0.25
5759,1439.75,topo,gyrase,0.25
5759,1439.75,RNAP,RNAP,1.0
5759,1439.75,mRNA,tetA,19.0
5759,1439.75,mRNA,Raspberry,2.0
5759,1439.75,mRNA,mKalama1,3.0
5760,1440.0,topo,topoI,0.25
5760,1440.0,topo,gyrase,0.25
5760,1440.0,RNAP,RNAP,1.0
5760,1440.0,mRNA,tetA,19.0
5760,1440.0,mRNA,Raspberry,2.0
5760,1440.0,mRNA,mKalama1,3.0
5761,1440.25,topo,topoI,0.25
5761,1440.25,topo,gyrase,0.25
5761,1440.25,RNAP,RNAP,1.0
5761,1440.25,mRNA,tetA,19.0
5761,1440.25,mRNA,Raspberry,2.0
5761,1440.25,mRNA,mKalama1,3.0
5762,1440.5,topo,topoI,0.25
5762,1440.5,topo,gyrase,0.25
5762,1440.5,RNAP,RNAP,1.0
5762,1440.5,mRNA,tetA,19.0
5762,1440.5,mRNA,Raspberry,2.0
5762,1440.5,mRNA,mKalama1,3.0
5763,1440.75,topo,topoI,0.25
5763,1440.75,topo,gyrase,0.25
5763,1440.75,RNAP,RNAP,1.0
5763,1440.75,mRNA,tetA,19.0
5763,1440.75,mRNA,Raspberry,2.0
5763,1440.75,mRNA,mKalama1,3.0
5764,1441.0,topo,topoI,0.25
5764,1441.0,topo,gyrase,0.25
5764,1441.0,RNAP,RNAP,1.0
5764,1441.0,mRNA,tetA,19.0
5764,1441.0,mRNA,Raspberry,2.0
5764,1441.0,mRNA,mKalama1,3.0
5765,1441.25,topo,topoI,0.25
5765,1441.25,topo,gyrase,0.25
5765,1441.25,RNAP,RNAP,1.0
5765,1441.25,mRNA,tetA,19.0
5765,1441.25,mRNA,Raspberry,2.0
5765,1441.25,mRNA,mKalama1,3.0
5766,1441.5,topo,topoI,0.25
5766,1441.5,topo,gyrase,0.25
5766,1441.5,RNAP,RNAP,1.0
5766,1441.5,mRNA,tetA,19.0
5766,1441.5,mRNA,Raspberry,2.0
5766,1441.5,mRNA,mKalama1,3.0
5767,1441.75,topo,topoI,0.25
5767,1441.75,topo,gyrase,0.25
5767,1441.75,RNAP,RNAP,1.0
5767,1441.75,mRNA,tetA,19.0
5767,1441.75,mRNA,Raspberry,2.0
5767,1441.75,mRNA,mKalama1,3.0
5768,1442.0,topo,topoI,0.25
5768,1442.0,topo,gyrase,0.25
5768,1442.0,RNAP,RNAP,1.0
5768,1442.0,mRNA,tetA,19.0
5768,1442.0,mRNA,Raspberry,2.0
5768,1442.0,mRNA,mKalama1,3.0
5769,1442.25,topo,topoI,0.25
5769,1442.25,topo,gyrase,0.25
5769,1442.25,RNAP,RNAP,1.0
5769,1442.25,mRNA,tetA,19.0
5769,1442.25,mRNA,Raspberry,2.0
5769,1442.25,mRNA,mKalama1,3.0
5770,1442.5,topo,topoI,0.25
5770,1442.5,topo,gyrase,0.25
5770,1442.5,RNAP,RNAP,1.0
5770,1442.5,mRNA,tetA,19.0
5770,1442.5,mRNA,Raspberry,2.0
5770,1442.5,mRNA,mKalama1,3.0
5771,1442.75,topo,topoI,0.25
5771,1442.75,topo,gyrase,0.25
5771,1442.75,RNAP,RNAP,1.0
5771,1442.75,mRNA,tetA,19.0
5771,1442.75,mRNA,Raspberry,2.0
5771,1442.75,mRNA,mKalama1,3.0
5772,1443.0,topo,topoI,0.25
5772,1443.0,topo,gyrase,0.25
5772,1443.0,RNAP,RNAP,1.0
5772,1443.0,mRNA,tetA,19.0
5772,1443.0,mRNA,Raspberry,2.0
5772,1443.0,mRNA,mKalama1,3.0
5773,1443.25,topo,topoI,0.25
5773,1443.25,topo,gyrase,0.25
5773,1443.25,RNAP,RNAP,1.0
5773,1443.25,mRNA,tetA,19.0
5773,1443.25,mRNA,Raspberry,2.0
5773,1443.25,mRNA,mKalama1,3.0
5774,1443.5,topo,topoI,0.25
5774,1443.5,topo,gyrase,0.25
5774,1443.5,RNAP,RNAP,1.0
5774,1443.5,mRNA,tetA,19.0
5774,1443.5,mRNA,Raspberry,2.0
5774,1443.5,mRNA,mKalama1,3.0
5775,1443.75,topo,topoI,0.25
5775,1443.75,topo,gyrase,0.25
5775,1443.75,RNAP,RNAP,1.0
5775,1443.75,mRNA,tetA,19.0
5775,1443.75,mRNA,Raspberry,2.0
5775,1443.75,mRNA,mKalama1,3.0
5776,1444.0,topo,topoI,0.25
5776,1444.0,topo,gyrase,0.25
5776,1444.0,RNAP,RNAP,1.0
5776,1444.0,mRNA,tetA,19.0
5776,1444.0,mRNA,Raspberry,2.0
5776,1444.0,mRNA,mKalama1,3.0
5777,1444.25,topo,topoI,0.25
5777,1444.25,topo,gyrase,0.25
5777,1444.25,RNAP,RNAP,1.0
5777,1444.25,mRNA,tetA,19.0
5777,1444.25,mRNA,Raspberry,2.0
5777,1444.25,mRNA,mKalama1,3.0
5778,1444.5,topo,topoI,0.25
5778,1444.5,topo,gyrase,0.25
5778,1444.5,RNAP,RNAP,1.0
5778,1444.5,mRNA,tetA,19.0
5778,1444.5,mRNA,Raspberry,2.0
5778,1444.5,mRNA,mKalama1,3.0
5779,1444.75,topo,topoI,0.25
5779,1444.75,topo,gyrase,0.25
5779,1444.75,RNAP,RNAP,1.0
5779,1444.75,mRNA,tetA,19.0
5779,1444.75,mRNA,Raspberry,2.0
5779,1444.75,mRNA,mKalama1,3.0
5780,1445.0,topo,topoI,0.25
5780,1445.0,topo,gyrase,0.25
5780,1445.0,RNAP,RNAP,1.0
5780,1445.0,mRNA,tetA,19.0
5780,1445.0,mRNA,Raspberry,2.0
5780,1445.0,mRNA,mKalama1,3.0
5781,1445.25,topo,topoI,0.25
5781,1445.25,topo,gyrase,0.25
5781,1445.25,RNAP,RNAP,1.0
5781,1445.25,mRNA,tetA,19.0
5781,1445.25,mRNA,Raspberry,2.0
5781,1445.25,mRNA,mKalama1,3.0
5782,1445.5,topo,topoI,0.25
5782,1445.5,topo,gyrase,0.25
5782,1445.5,RNAP,RNAP,1.0
5782,1445.5,mRNA,tetA,19.0
5782,1445.5,mRNA,Raspberry,2.0
5782,1445.5,mRNA,mKalama1,3.0
5783,1445.75,topo,topoI,0.25
5783,1445.75,topo,gyrase,0.25
5783,1445.75,RNAP,RNAP,1.0
5783,1445.75,mRNA,tetA,19.0
5783,1445.75,mRNA,Raspberry,2.0
5783,1445.75,mRNA,mKalama1,3.0
5784,1446.0,topo,topoI,0.25
5784,1446.0,topo,gyrase,0.25
5784,1446.0,RNAP,RNAP,1.0
5784,1446.0,mRNA,tetA,19.0
5784,1446.0,mRNA,Raspberry,2.0
5784,1446.0,mRNA,mKalama1,3.0
5785,1446.25,topo,topoI,0.25
5785,1446.25,topo,gyrase,0.25
5785,1446.25,RNAP,RNAP,1.0
5785,1446.25,mRNA,tetA,19.0
5785,1446.25,mRNA,Raspberry,2.0
5785,1446.25,mRNA,mKalama1,3.0
5786,1446.5,topo,topoI,0.25
5786,1446.5,topo,gyrase,0.25
5786,1446.5,RNAP,RNAP,1.0
5786,1446.5,mRNA,tetA,19.0
5786,1446.5,mRNA,Raspberry,2.0
5786,1446.5,mRNA,mKalama1,3.0
5787,1446.75,topo,topoI,0.25
5787,1446.75,topo,gyrase,0.25
5787,1446.75,RNAP,RNAP,1.0
5787,1446.75,mRNA,tetA,19.0
5787,1446.75,mRNA,Raspberry,2.0
5787,1446.75,mRNA,mKalama1,3.0
5788,1447.0,topo,topoI,0.25
5788,1447.0,topo,gyrase,0.25
5788,1447.0,RNAP,RNAP,1.0
5788,1447.0,mRNA,tetA,19.0
5788,1447.0,mRNA,Raspberry,2.0
5788,1447.0,mRNA,mKalama1,3.0
5789,1447.25,topo,topoI,0.25
5789,1447.25,topo,gyrase,0.25
5789,1447.25,RNAP,RNAP,1.0
5789,1447.25,mRNA,tetA,19.0
5789,1447.25,mRNA,Raspberry,2.0
5789,1447.25,mRNA,mKalama1,3.0
5790,1447.5,topo,topoI,0.25
5790,1447.5,topo,gyrase,0.25
5790,1447.5,RNAP,RNAP,1.0
5790,1447.5,mRNA,tetA,19.0
5790,1447.5,mRNA,Raspberry,2.0
5790,1447.5,mRNA,mKalama1,3.0
5791,1447.75,topo,topoI,0.25
5791,1447.75,topo,gyrase,0.25
5791,1447.75,RNAP,RNAP,1.0
5791,1447.75,mRNA,tetA,19.0
5791,1447.75,mRNA,Raspberry,2.0
5791,1447.75,mRNA,mKalama1,3.0
5792,1448.0,topo,topoI,0.25
5792,1448.0,topo,gyrase,0.25
5792,1448.0,RNAP,RNAP,1.0
5792,1448.0,mRNA,tetA,19.0
5792,1448.0,mRNA,Raspberry,2.0
5792,1448.0,mRNA,mKalama1,3.0
5793,1448.25,topo,topoI,0.25
5793,1448.25,topo,gyrase,0.25
5793,1448.25,RNAP,RNAP,1.0
5793,1448.25,mRNA,tetA,19.0
5793,1448.25,mRNA,Raspberry,2.0
5793,1448.25,mRNA,mKalama1,3.0
5794,1448.5,topo,topoI,0.25
5794,1448.5,topo,gyrase,0.25
5794,1448.5,RNAP,RNAP,1.0
5794,1448.5,mRNA,tetA,19.0
5794,1448.5,mRNA,Raspberry,2.0
5794,1448.5,mRNA,mKalama1,3.0
5795,1448.75,topo,topoI,0.25
5795,1448.75,topo,gyrase,0.25
5795,1448.75,RNAP,RNAP,1.0
5795,1448.75,mRNA,tetA,19.0
5795,1448.75,mRNA,Raspberry,2.0
5795,1448.75,mRNA,mKalama1,3.0
5796,1449.0,topo,topoI,0.25
5796,1449.0,topo,gyrase,0.25
5796,1449.0,RNAP,RNAP,1.0
5796,1449.0,mRNA,tetA,19.0
5796,1449.0,mRNA,Raspberry,2.0
5796,1449.0,mRNA,mKalama1,3.0
5797,1449.25,topo,topoI,0.25
5797,1449.25,topo,gyrase,0.25
5797,1449.25,RNAP,RNAP,1.0
5797,1449.25,mRNA,tetA,19.0
5797,1449.25,mRNA,Raspberry,2.0
5797,1449.25,mRNA,mKalama1,3.0
5798,1449.5,topo,topoI,0.25
5798,1449.5,topo,gyrase,0.25
5798,1449.5,RNAP,RNAP,1.0
5798,1449.5,mRNA,tetA,19.0
5798,1449.5,mRNA,Raspberry,2.0
5798,1449.5,mRNA,mKalama1,3.0
5799,1449.75,topo,topoI,0.25
5799,1449.75,topo,gyrase,0.25
5799,1449.75,RNAP,RNAP,1.0
5799,1449.75,mRNA,tetA,19.0
5799,1449.75,mRNA,Raspberry,2.0
5799,1449.75,mRNA,mKalama1,3.0
5800,1450.0,topo,topoI,0.25
5800,1450.0,topo,gyrase,0.25
5800,1450.0,RNAP,RNAP,1.0
5800,1450.0,mRNA,tetA,19.0
5800,1450.0,mRNA,Raspberry,2.0
5800,1450.0,mRNA,mKalama1,3.0
5801,1450.25,topo,topoI,0.25
5801,1450.25,topo,gyrase,0.25
5801,1450.25,RNAP,RNAP,1.0
5801,1450.25,mRNA,tetA,19.0
5801,1450.25,mRNA,Raspberry,2.0
5801,1450.25,mRNA,mKalama1,3.0
5802,1450.5,topo,topoI,0.25
5802,1450.5,topo,gyrase,0.25
5802,1450.5,RNAP,RNAP,1.0
5802,1450.5,mRNA,tetA,19.0
5802,1450.5,mRNA,Raspberry,2.0
5802,1450.5,mRNA,mKalama1,3.0
5803,1450.75,topo,topoI,0.25
5803,1450.75,topo,gyrase,0.25
5803,1450.75,RNAP,RNAP,1.0
5803,1450.75,mRNA,tetA,19.0
5803,1450.75,mRNA,Raspberry,2.0
5803,1450.75,mRNA,mKalama1,3.0
5804,1451.0,topo,topoI,0.25
5804,1451.0,topo,gyrase,0.25
5804,1451.0,RNAP,RNAP,1.0
5804,1451.0,mRNA,tetA,19.0
5804,1451.0,mRNA,Raspberry,2.0
5804,1451.0,mRNA,mKalama1,3.0
5805,1451.25,topo,topoI,0.25
5805,1451.25,topo,gyrase,0.25
5805,1451.25,RNAP,RNAP,1.0
5805,1451.25,mRNA,tetA,19.0
5805,1451.25,mRNA,Raspberry,2.0
5805,1451.25,mRNA,mKalama1,3.0
5806,1451.5,topo,topoI,0.25
5806,1451.5,topo,gyrase,0.25
5806,1451.5,RNAP,RNAP,1.0
5806,1451.5,mRNA,tetA,19.0
5806,1451.5,mRNA,Raspberry,2.0
5806,1451.5,mRNA,mKalama1,3.0
5807,1451.75,topo,topoI,0.25
5807,1451.75,topo,gyrase,0.25
5807,1451.75,RNAP,RNAP,1.0
5807,1451.75,mRNA,tetA,19.0
5807,1451.75,mRNA,Raspberry,2.0
5807,1451.75,mRNA,mKalama1,3.0
5808,1452.0,topo,topoI,0.25
5808,1452.0,topo,gyrase,0.25
5808,1452.0,RNAP,RNAP,1.0
5808,1452.0,mRNA,tetA,19.0
5808,1452.0,mRNA,Raspberry,2.0
5808,1452.0,mRNA,mKalama1,3.0
5809,1452.25,topo,topoI,0.25
5809,1452.25,topo,gyrase,0.25
5809,1452.25,RNAP,RNAP,1.0
5809,1452.25,mRNA,tetA,19.0
5809,1452.25,mRNA,Raspberry,2.0
5809,1452.25,mRNA,mKalama1,3.0
5810,1452.5,topo,topoI,0.25
5810,1452.5,topo,gyrase,0.25
5810,1452.5,RNAP,RNAP,1.0
5810,1452.5,mRNA,tetA,19.0
5810,1452.5,mRNA,Raspberry,2.0
5810,1452.5,mRNA,mKalama1,3.0
5811,1452.75,topo,topoI,0.25
5811,1452.75,topo,gyrase,0.25
5811,1452.75,RNAP,RNAP,1.0
5811,1452.75,mRNA,tetA,19.0
5811,1452.75,mRNA,Raspberry,2.0
5811,1452.75,mRNA,mKalama1,3.0
5812,1453.0,topo,topoI,0.25
5812,1453.0,topo,gyrase,0.25
5812,1453.0,RNAP,RNAP,1.0
5812,1453.0,mRNA,tetA,19.0
5812,1453.0,mRNA,Raspberry,2.0
5812,1453.0,mRNA,mKalama1,3.0
5813,1453.25,topo,topoI,0.25
5813,1453.25,topo,gyrase,0.25
5813,1453.25,RNAP,RNAP,1.0
5813,1453.25,mRNA,tetA,19.0
5813,1453.25,mRNA,Raspberry,2.0
5813,1453.25,mRNA,mKalama1,3.0
5814,1453.5,topo,topoI,0.25
5814,1453.5,topo,gyrase,0.25
5814,1453.5,RNAP,RNAP,1.0
5814,1453.5,mRNA,tetA,19.0
5814,1453.5,mRNA,Raspberry,2.0
5814,1453.5,mRNA,mKalama1,3.0
5815,1453.75,topo,topoI,0.25
5815,1453.75,topo,gyrase,0.25
5815,1453.75,RNAP,RNAP,1.0
5815,1453.75,mRNA,tetA,19.0
5815,1453.75,mRNA,Raspberry,2.0
5815,1453.75,mRNA,mKalama1,3.0
5816,1454.0,topo,topoI,0.25
5816,1454.0,topo,gyrase,0.25
5816,1454.0,RNAP,RNAP,1.0
5816,1454.0,mRNA,tetA,19.0
5816,1454.0,mRNA,Raspberry,2.0
5816,1454.0,mRNA,mKalama1,3.0
5817,1454.25,topo,topoI,0.25
5817,1454.25,topo,gyrase,0.25
5817,1454.25,RNAP,RNAP,1.0
5817,1454.25,mRNA,tetA,19.0
5817,1454.25,mRNA,Raspberry,2.0
5817,1454.25,mRNA,mKalama1,3.0
5818,1454.5,topo,topoI,0.25
5818,1454.5,topo,gyrase,0.25
5818,1454.5,RNAP,RNAP,1.0
5818,1454.5,mRNA,tetA,19.0
5818,1454.5,mRNA,Raspberry,2.0
5818,1454.5,mRNA,mKalama1,3.0
5819,1454.75,topo,topoI,0.25
5819,1454.75,topo,gyrase,0.25
5819,1454.75,RNAP,RNAP,1.0
5819,1454.75,mRNA,tetA,19.0
5819,1454.75,mRNA,Raspberry,2.0
5819,1454.75,mRNA,mKalama1,3.0
5820,1455.0,topo,topoI,0.25
5820,1455.0,topo,gyrase,0.25
5820,1455.0,RNAP,RNAP,1.0
5820,1455.0,mRNA,tetA,19.0
5820,1455.0,mRNA,Raspberry,2.0
5820,1455.0,mRNA,mKalama1,3.0
5821,1455.25,topo,topoI,0.25
5821,1455.25,topo,gyrase,0.25
5821,1455.25,RNAP,RNAP,1.0
5821,1455.25,mRNA,tetA,19.0
5821,1455.25,mRNA,Raspberry,2.0
5821,1455.25,mRNA,mKalama1,3.0
5822,1455.5,topo,topoI,0.25
5822,1455.5,topo,gyrase,0.25
5822,1455.5,RNAP,RNAP,1.0
5822,1455.5,mRNA,tetA,19.0
5822,1455.5,mRNA,Raspberry,2.0
5822,1455.5,mRNA,mKalama1,3.0
5823,1455.75,topo,topoI,0.25
5823,1455.75,topo,gyrase,0.25
5823,1455.75,RNAP,RNAP,1.0
5823,1455.75,mRNA,tetA,19.0
5823,1455.75,mRNA,Raspberry,2.0
5823,1455.75,mRNA,mKalama1,3.0
5824,1456.0,topo,topoI,0.25
5824,1456.0,topo,gyrase,0.25
5824,1456.0,RNAP,RNAP,1.0
5824,1456.0,mRNA,tetA,19.0
5824,1456.0,mRNA,Raspberry,2.0
5824,1456.0,mRNA,mKalama1,3.0
5825,1456.25,topo,topoI,0.25
5825,1456.25,topo,gyrase,0.25
5825,1456.25,RNAP,RNAP,1.0
5825,1456.25,mRNA,tetA,19.0
5825,1456.25,mRNA,Raspberry,2.0
5825,1456.25,mRNA,mKalama1,3.0
5826,1456.5,topo,topoI,0.25
5826,1456.5,topo,gyrase,0.25
5826,1456.5,RNAP,RNAP,1.0
5826,1456.5,mRNA,tetA,19.0
5826,1456.5,mRNA,Raspberry,2.0
5826,1456.5,mRNA,mKalama1,3.0
5827,1456.75,topo,topoI,0.25
5827,1456.75,topo,gyrase,0.25
5827,1456.75,RNAP,RNAP,1.0
5827,1456.75,mRNA,tetA,19.0
5827,1456.75,mRNA,Raspberry,2.0
5827,1456.75,mRNA,mKalama1,3.0
5828,1457.0,topo,topoI,0.25
5828,1457.0,topo,gyrase,0.25
5828,1457.0,RNAP,RNAP,1.0
5828,1457.0,mRNA,tetA,19.0
5828,1457.0,mRNA,Raspberry,2.0
5828,1457.0,mRNA,mKalama1,3.0
5829,1457.25,topo,topoI,0.25
5829,1457.25,topo,gyrase,0.25
5829,1457.25,RNAP,RNAP,1.0
5829,1457.25,mRNA,tetA,19.0
5829,1457.25,mRNA,Raspberry,2.0
5829,1457.25,mRNA,mKalama1,3.0
5830,1457.5,topo,topoI,0.25
5830,1457.5,topo,gyrase,0.25
5830,1457.5,RNAP,RNAP,1.0
5830,1457.5,mRNA,tetA,19.0
5830,1457.5,mRNA,Raspberry,2.0
5830,1457.5,mRNA,mKalama1,3.0
5831,1457.75,topo,topoI,0.25
5831,1457.75,topo,gyrase,0.25
5831,1457.75,RNAP,RNAP,1.0
5831,1457.75,mRNA,tetA,19.0
5831,1457.75,mRNA,Raspberry,2.0
5831,1457.75,mRNA,mKalama1,3.0
5832,1458.0,topo,topoI,0.25
5832,1458.0,topo,gyrase,0.25
5832,1458.0,RNAP,RNAP,1.0
5832,1458.0,mRNA,tetA,19.0
5832,1458.0,mRNA,Raspberry,2.0
5832,1458.0,mRNA,mKalama1,3.0
5833,1458.25,topo,topoI,0.25
5833,1458.25,topo,gyrase,0.25
5833,1458.25,RNAP,RNAP,1.0
5833,1458.25,mRNA,tetA,19.0
5833,1458.25,mRNA,Raspberry,2.0
5833,1458.25,mRNA,mKalama1,3.0
5834,1458.5,topo,topoI,0.25
5834,1458.5,topo,gyrase,0.25
5834,1458.5,RNAP,RNAP,1.0
5834,1458.5,mRNA,tetA,19.0
5834,1458.5,mRNA,Raspberry,2.0
5834,1458.5,mRNA,mKalama1,3.0
5835,1458.75,topo,topoI,0.25
5835,1458.75,topo,gyrase,0.25
5835,1458.75,RNAP,RNAP,1.0
5835,1458.75,mRNA,tetA,19.0
5835,1458.75,mRNA,Raspberry,2.0
5835,1458.75,mRNA,mKalama1,3.0
5836,1459.0,topo,topoI,0.25
5836,1459.0,topo,gyrase,0.25
5836,1459.0,RNAP,RNAP,1.0
5836,1459.0,mRNA,tetA,19.0
5836,1459.0,mRNA,Raspberry,2.0
5836,1459.0,mRNA,mKalama1,3.0
5837,1459.25,topo,topoI,0.25
5837,1459.25,topo,gyrase,0.25
5837,1459.25,RNAP,RNAP,1.0
5837,1459.25,mRNA,tetA,19.0
5837,1459.25,mRNA,Raspberry,2.0
5837,1459.25,mRNA,mKalama1,3.0
5838,1459.5,topo,topoI,0.25
5838,1459.5,topo,gyrase,0.25
5838,1459.5,RNAP,RNAP,1.0
5838,1459.5,mRNA,tetA,19.0
5838,1459.5,mRNA,Raspberry,2.0
5838,1459.5,mRNA,mKalama1,3.0
5839,1459.75,topo,topoI,0.25
5839,1459.75,topo,gyrase,0.25
5839,1459.75,RNAP,RNAP,1.0
5839,1459.75,mRNA,tetA,19.0
5839,1459.75,mRNA,Raspberry,2.0
5839,1459.75,mRNA,mKalama1,3.0
5840,1460.0,topo,topoI,0.25
5840,1460.0,topo,gyrase,0.25
5840,1460.0,RNAP,RNAP,1.0
5840,1460.0,mRNA,tetA,19.0
5840,1460.0,mRNA,Raspberry,2.0
5840,1460.0,mRNA,mKalama1,3.0
5841,1460.25,topo,topoI,0.25
5841,1460.25,topo,gyrase,0.25
5841,1460.25,RNAP,RNAP,1.0
5841,1460.25,mRNA,tetA,19.0
5841,1460.25,mRNA,Raspberry,2.0
5841,1460.25,mRNA,mKalama1,3.0
5842,1460.5,topo,topoI,0.25
5842,1460.5,topo,gyrase,0.25
5842,1460.5,RNAP,RNAP,1.0
5842,1460.5,mRNA,tetA,19.0
5842,1460.5,mRNA,Raspberry,2.0
5842,1460.5,mRNA,mKalama1,3.0
5843,1460.75,topo,topoI,0.25
5843,1460.75,topo,gyrase,0.25
5843,1460.75,RNAP,RNAP,1.0
5843,1460.75,mRNA,tetA,19.0
5843,1460.75,mRNA,Raspberry,2.0
5843,1460.75,mRNA,mKalama1,3.0
5844,1461.0,topo,topoI,0.25
5844,1461.0,topo,gyrase,0.25
5844,1461.0,RNAP,RNAP,1.0
5844,1461.0,mRNA,tetA,19.0
5844,1461.0,mRNA,Raspberry,2.0
5844,1461.0,mRNA,mKalama1,3.0
5845,1461.25,topo,topoI,0.25
5845,1461.25,topo,gyrase,0.25
5845,1461.25,RNAP,RNAP,1.0
5845,1461.25,mRNA,tetA,19.0
5845,1461.25,mRNA,Raspberry,2.0
5845,1461.25,mRNA,mKalama1,3.0
5846,1461.5,topo,topoI,0.25
5846,1461.5,topo,gyrase,0.25
5846,1461.5,RNAP,RNAP,1.0
5846,1461.5,mRNA,tetA,20.0
5846,1461.5,mRNA,Raspberry,2.0
5846,1461.5,mRNA,mKalama1,3.0
5847,1461.75,topo,topoI,0.25
5847,1461.75,topo,gyrase,0.25
5847,1461.75,RNAP,RNAP,1.0
5847,1461.75,mRNA,tetA,20.0
5847,1461.75,mRNA,Raspberry,2.0
5847,1461.75,mRNA,mKalama1,3.0
5848,1462.0,topo,topoI,0.25
5848,1462.0,topo,gyrase,0.25
5848,1462.0,RNAP,RNAP,1.0
5848,1462.0,mRNA,tetA,20.0
5848,1462.0,mRNA,Raspberry,2.0
5848,1462.0,mRNA,mKalama1,3.0
5849,1462.25,topo,topoI,0.25
5849,1462.25,topo,gyrase,0.25
5849,1462.25,RNAP,RNAP,1.0
5849,1462.25,mRNA,tetA,20.0
5849,1462.25,mRNA,Raspberry,2.0
5849,1462.25,mRNA,mKalama1,3.0
5850,1462.5,topo,topoI,0.25
5850,1462.5,topo,gyrase,0.25
5850,1462.5,RNAP,RNAP,1.0
5850,1462.5,mRNA,tetA,20.0
5850,1462.5,mRNA,Raspberry,2.0
5850,1462.5,mRNA,mKalama1,3.0
5851,1462.75,topo,topoI,0.25
5851,1462.75,topo,gyrase,0.25
5851,1462.75,RNAP,RNAP,1.0
5851,1462.75,mRNA,tetA,20.0
5851,1462.75,mRNA,Raspberry,2.0
5851,1462.75,mRNA,mKalama1,3.0
5852,1463.0,topo,topoI,0.25
5852,1463.0,topo,gyrase,0.25
5852,1463.0,RNAP,RNAP,1.0
5852,1463.0,mRNA,tetA,20.0
5852,1463.0,mRNA,Raspberry,2.0
5852,1463.0,mRNA,mKalama1,3.0
5853,1463.25,topo,topoI,0.25
5853,1463.25,topo,gyrase,0.25
5853,1463.25,RNAP,RNAP,1.0
5853,1463.25,mRNA,tetA,20.0
5853,1463.25,mRNA,Raspberry,2.0
5853,1463.25,mRNA,mKalama1,3.0
5854,1463.5,topo,topoI,0.25
5854,1463.5,topo,gyrase,0.25
5854,1463.5,RNAP,RNAP,1.0
5854,1463.5,mRNA,tetA,20.0
5854,1463.5,mRNA,Raspberry,2.0
5854,1463.5,mRNA,mKalama1,3.0
5855,1463.75,topo,topoI,0.25
5855,1463.75,topo,gyrase,0.25
5855,1463.75,RNAP,RNAP,1.0
5855,1463.75,mRNA,tetA,20.0
5855,1463.75,mRNA,Raspberry,2.0
5855,1463.75,mRNA,mKalama1,3.0
5856,1464.0,topo,topoI,0.25
5856,1464.0,topo,gyrase,0.25
5856,1464.0,RNAP,RNAP,1.0
5856,1464.0,mRNA,tetA,20.0
5856,1464.0,mRNA,Raspberry,2.0
5856,1464.0,mRNA,mKalama1,3.0
5857,1464.25,topo,topoI,0.25
5857,1464.25,topo,gyrase,0.25
5857,1464.25,RNAP,RNAP,1.0
5857,1464.25,mRNA,tetA,20.0
5857,1464.25,mRNA,Raspberry,2.0
5857,1464.25,mRNA,mKalama1,3.0
5858,1464.5,topo,topoI,0.25
5858,1464.5,topo,gyrase,0.25
5858,1464.5,RNAP,RNAP,1.0
5858,1464.5,mRNA,tetA,20.0
5858,1464.5,mRNA,Raspberry,2.0
5858,1464.5,mRNA,mKalama1,3.0
5859,1464.75,topo,topoI,0.25
5859,1464.75,topo,gyrase,0.25
5859,1464.75,RNAP,RNAP,1.0
5859,1464.75,mRNA,tetA,20.0
5859,1464.75,mRNA,Raspberry,2.0
5859,1464.75,mRNA,mKalama1,3.0
5860,1465.0,topo,topoI,0.25
5860,1465.0,topo,gyrase,0.25
5860,1465.0,RNAP,RNAP,1.0
5860,1465.0,mRNA,tetA,20.0
5860,1465.0,mRNA,Raspberry,2.0
5860,1465.0,mRNA,mKalama1,3.0
5861,1465.25,topo,topoI,0.25
5861,1465.25,topo,gyrase,0.25
5861,1465.25,RNAP,RNAP,1.0
5861,1465.25,mRNA,tetA,20.0
5861,1465.25,mRNA,Raspberry,2.0
5861,1465.25,mRNA,mKalama1,3.0
5862,1465.5,topo,topoI,0.25
5862,1465.5,topo,gyrase,0.25
5862,1465.5,RNAP,RNAP,1.0
5862,1465.5,mRNA,tetA,20.0
5862,1465.5,mRNA,Raspberry,2.0
5862,1465.5,mRNA,mKalama1,3.0
5863,1465.75,topo,topoI,0.25
5863,1465.75,topo,gyrase,0.25
5863,1465.75,RNAP,RNAP,1.0
5863,1465.75,mRNA,tetA,20.0
5863,1465.75,mRNA,Raspberry,2.0
5863,1465.75,mRNA,mKalama1,3.0
5864,1466.0,topo,topoI,0.25
5864,1466.0,topo,gyrase,0.25
5864,1466.0,RNAP,RNAP,1.0
5864,1466.0,mRNA,tetA,20.0
5864,1466.0,mRNA,Raspberry,2.0
5864,1466.0,mRNA,mKalama1,3.0
5865,1466.25,topo,topoI,0.25
5865,1466.25,topo,gyrase,0.25
5865,1466.25,RNAP,RNAP,1.0
5865,1466.25,mRNA,tetA,20.0
5865,1466.25,mRNA,Raspberry,2.0
5865,1466.25,mRNA,mKalama1,3.0
5866,1466.5,topo,topoI,0.25
5866,1466.5,topo,gyrase,0.25
5866,1466.5,RNAP,RNAP,1.0
5866,1466.5,mRNA,tetA,20.0
5866,1466.5,mRNA,Raspberry,2.0
5866,1466.5,mRNA,mKalama1,3.0
5867,1466.75,topo,topoI,0.25
5867,1466.75,topo,gyrase,0.25
5867,1466.75,RNAP,RNAP,1.0
5867,1466.75,mRNA,tetA,20.0
5867,1466.75,mRNA,Raspberry,2.0
5867,1466.75,mRNA,mKalama1,3.0
5868,1467.0,topo,topoI,0.25
5868,1467.0,topo,gyrase,0.25
5868,1467.0,RNAP,RNAP,1.0
5868,1467.0,mRNA,tetA,20.0
5868,1467.0,mRNA,Raspberry,2.0
5868,1467.0,mRNA,mKalama1,3.0
5869,1467.25,topo,topoI,0.25
5869,1467.25,topo,gyrase,0.25
5869,1467.25,RNAP,RNAP,1.0
5869,1467.25,mRNA,tetA,20.0
5869,1467.25,mRNA,Raspberry,2.0
5869,1467.25,mRNA,mKalama1,3.0
5870,1467.5,topo,topoI,0.25
5870,1467.5,topo,gyrase,0.25
5870,1467.5,RNAP,RNAP,1.0
5870,1467.5,mRNA,tetA,20.0
5870,1467.5,mRNA,Raspberry,2.0
5870,1467.5,mRNA,mKalama1,3.0
5871,1467.75,topo,topoI,0.25
5871,1467.75,topo,gyrase,0.25
5871,1467.75,RNAP,RNAP,1.0
5871,1467.75,mRNA,tetA,20.0
5871,1467.75,mRNA,Raspberry,2.0
5871,1467.75,mRNA,mKalama1,3.0
5872,1468.0,topo,topoI,0.25
5872,1468.0,topo,gyrase,0.25
5872,1468.0,RNAP,RNAP,1.0
5872,1468.0,mRNA,tetA,20.0
5872,1468.0,mRNA,Raspberry,2.0
5872,1468.0,mRNA,mKalama1,3.0
5873,1468.25,topo,topoI,0.25
5873,1468.25,topo,gyrase,0.25
5873,1468.25,RNAP,RNAP,1.0
5873,1468.25,mRNA,tetA,20.0
5873,1468.25,mRNA,Raspberry,2.0
5873,1468.25,mRNA,mKalama1,3.0
5874,1468.5,topo,topoI,0.25
5874,1468.5,topo,gyrase,0.25
5874,1468.5,RNAP,RNAP,1.0
5874,1468.5,mRNA,tetA,20.0
5874,1468.5,mRNA,Raspberry,2.0
5874,1468.5,mRNA,mKalama1,3.0
5875,1468.75,topo,topoI,0.25
5875,1468.75,topo,gyrase,0.25
5875,1468.75,RNAP,RNAP,1.0
5875,1468.75,mRNA,tetA,20.0
5875,1468.75,mRNA,Raspberry,2.0
5875,1468.75,mRNA,mKalama1,3.0
5876,1469.0,topo,topoI,0.25
5876,1469.0,topo,gyrase,0.25
5876,1469.0,RNAP,RNAP,1.0
5876,1469.0,mRNA,tetA,20.0
5876,1469.0,mRNA,Raspberry,2.0
5876,1469.0,mRNA,mKalama1,3.0
5877,1469.25,topo,topoI,0.25
5877,1469.25,topo,gyrase,0.25
5877,1469.25,RNAP,RNAP,1.0
5877,1469.25,mRNA,tetA,20.0
5877,1469.25,mRNA,Raspberry,2.0
5877,1469.25,mRNA,mKalama1,3.0
5878,1469.5,topo,topoI,0.25
5878,1469.5,topo,gyrase,0.25
5878,1469.5,RNAP,RNAP,1.0
5878,1469.5,mRNA,tetA,20.0
5878,1469.5,mRNA,Raspberry,2.0
5878,1469.5,mRNA,mKalama1,3.0
5879,1469.75,topo,topoI,0.25
5879,1469.75,topo,gyrase,0.25
5879,1469.75,RNAP,RNAP,1.0
5879,1469.75,mRNA,tetA,20.0
5879,1469.75,mRNA,Raspberry,2.0
5879,1469.75,mRNA,mKalama1,3.0
5880,1470.0,topo,topoI,0.25
5880,1470.0,topo,gyrase,0.25
5880,1470.0,RNAP,RNAP,1.0
5880,1470.0,mRNA,tetA,20.0
5880,1470.0,mRNA,Raspberry,2.0
5880,1470.0,mRNA,mKalama1,3.0
5881,1470.25,topo,topoI,0.25
5881,1470.25,topo,gyrase,0.25
5881,1470.25,RNAP,RNAP,1.0
5881,1470.25,mRNA,tetA,20.0
5881,1470.25,mRNA,Raspberry,2.0
5881,1470.25,mRNA,mKalama1,3.0
5882,1470.5,topo,topoI,0.25
5882,1470.5,topo,gyrase,0.25
5882,1470.5,RNAP,RNAP,1.0
5882,1470.5,mRNA,tetA,20.0
5882,1470.5,mRNA,Raspberry,2.0
5882,1470.5,mRNA,mKalama1,3.0
5883,1470.75,topo,topoI,0.25
5883,1470.75,topo,gyrase,0.25
5883,1470.75,RNAP,RNAP,1.0
5883,1470.75,mRNA,tetA,20.0
5883,1470.75,mRNA,Raspberry,2.0
5883,1470.75,mRNA,mKalama1,3.0
5884,1471.0,topo,topoI,0.25
5884,1471.0,topo,gyrase,0.25
5884,1471.0,RNAP,RNAP,1.0
5884,1471.0,mRNA,tetA,20.0
5884,1471.0,mRNA,Raspberry,2.0
5884,1471.0,mRNA,mKalama1,3.0
5885,1471.25,topo,topoI,0.25
5885,1471.25,topo,gyrase,0.25
5885,1471.25,RNAP,RNAP,1.0
5885,1471.25,mRNA,tetA,20.0
5885,1471.25,mRNA,Raspberry,2.0
5885,1471.25,mRNA,mKalama1,3.0
5886,1471.5,topo,topoI,0.25
5886,1471.5,topo,gyrase,0.25
5886,1471.5,RNAP,RNAP,1.0
5886,1471.5,mRNA,tetA,20.0
5886,1471.5,mRNA,Raspberry,2.0
5886,1471.5,mRNA,mKalama1,3.0
5887,1471.75,topo,topoI,0.25
5887,1471.75,topo,gyrase,0.25
5887,1471.75,RNAP,RNAP,1.0
5887,1471.75,mRNA,tetA,20.0
5887,1471.75,mRNA,Raspberry,2.0
5887,1471.75,mRNA,mKalama1,3.0
5888,1472.0,topo,topoI,0.25
5888,1472.0,topo,gyrase,0.25
5888,1472.0,RNAP,RNAP,1.0
5888,1472.0,mRNA,tetA,20.0
5888,1472.0,mRNA,Raspberry,2.0
5888,1472.0,mRNA,mKalama1,3.0
5889,1472.25,topo,topoI,0.25
5889,1472.25,topo,gyrase,0.25
5889,1472.25,RNAP,RNAP,1.0
5889,1472.25,mRNA,tetA,20.0
5889,1472.25,mRNA,Raspberry,2.0
5889,1472.25,mRNA,mKalama1,3.0
5890,1472.5,topo,topoI,0.25
5890,1472.5,topo,gyrase,0.25
5890,1472.5,RNAP,RNAP,1.0
5890,1472.5,mRNA,tetA,20.0
5890,1472.5,mRNA,Raspberry,2.0
5890,1472.5,mRNA,mKalama1,3.0
5891,1472.75,topo,topoI,0.25
5891,1472.75,topo,gyrase,0.25
5891,1472.75,RNAP,RNAP,1.0
5891,1472.75,mRNA,tetA,20.0
5891,1472.75,mRNA,Raspberry,2.0
5891,1472.75,mRNA,mKalama1,3.0
5892,1473.0,topo,topoI,0.25
5892,1473.0,topo,gyrase,0.25
5892,1473.0,RNAP,RNAP,1.0
5892,1473.0,mRNA,tetA,20.0
5892,1473.0,mRNA,Raspberry,2.0
5892,1473.0,mRNA,mKalama1,3.0
5893,1473.25,topo,topoI,0.25
5893,1473.25,topo,gyrase,0.25
5893,1473.25,RNAP,RNAP,1.0
5893,1473.25,mRNA,tetA,20.0
5893,1473.25,mRNA,Raspberry,2.0
5893,1473.25,mRNA,mKalama1,3.0
5894,1473.5,topo,topoI,0.25
5894,1473.5,topo,gyrase,0.25
5894,1473.5,RNAP,RNAP,1.0
5894,1473.5,mRNA,tetA,20.0
5894,1473.5,mRNA,Raspberry,2.0
5894,1473.5,mRNA,mKalama1,3.0
5895,1473.75,topo,topoI,0.25
5895,1473.75,topo,gyrase,0.25
5895,1473.75,RNAP,RNAP,1.0
5895,1473.75,mRNA,tetA,20.0
5895,1473.75,mRNA,Raspberry,2.0
5895,1473.75,mRNA,mKalama1,3.0
5896,1474.0,topo,topoI,0.25
5896,1474.0,topo,gyrase,0.25
5896,1474.0,RNAP,RNAP,1.0
5896,1474.0,mRNA,tetA,20.0
5896,1474.0,mRNA,Raspberry,2.0
5896,1474.0,mRNA,mKalama1,3.0
5897,1474.25,topo,topoI,0.25
5897,1474.25,topo,gyrase,0.25
5897,1474.25,RNAP,RNAP,1.0
5897,1474.25,mRNA,tetA,20.0
5897,1474.25,mRNA,Raspberry,2.0
5897,1474.25,mRNA,mKalama1,3.0
5898,1474.5,topo,topoI,0.25
5898,1474.5,topo,gyrase,0.25
5898,1474.5,RNAP,RNAP,1.0
5898,1474.5,mRNA,tetA,20.0
5898,1474.5,mRNA,Raspberry,2.0
5898,1474.5,mRNA,mKalama1,3.0
5899,1474.75,topo,topoI,0.25
5899,1474.75,topo,gyrase,0.25
5899,1474.75,RNAP,RNAP,1.0
5899,1474.75,mRNA,tetA,20.0
5899,1474.75,mRNA,Raspberry,2.0
5899,1474.75,mRNA,mKalama1,3.0
5900,1475.0,topo,topoI,0.25
5900,1475.0,topo,gyrase,0.25
5900,1475.0,RNAP,RNAP,1.0
5900,1475.0,mRNA,tetA,20.0
5900,1475.0,mRNA,Raspberry,2.0
5900,1475.0,mRNA,mKalama1,3.0
5901,1475.25,topo,topoI,0.25
5901,1475.25,topo,gyrase,0.25
5901,1475.25,RNAP,RNAP,1.0
5901,1475.25,mRNA,tetA,20.0
5901,1475.25,mRNA,Raspberry,2.0
5901,1475.25,mRNA,mKalama1,3.0
5902,1475.5,topo,topoI,0.25
5902,1475.5,topo,gyrase,0.25
5902,1475.5,RNAP,RNAP,1.0
5902,1475.5,mRNA,tetA,20.0
5902,1475.5,mRNA,Raspberry,2.0
5902,1475.5,mRNA,mKalama1,3.0
5903,1475.75,topo,topoI,0.25
5903,1475.75,topo,gyrase,0.25
5903,1475.75,RNAP,RNAP,1.0
5903,1475.75,mRNA,tetA,20.0
5903,1475.75,mRNA,Raspberry,2.0
5903,1475.75,mRNA,mKalama1,3.0
5904,1476.0,topo,topoI,0.25
5904,1476.0,topo,gyrase,0.25
5904,1476.0,RNAP,RNAP,1.0
5904,1476.0,mRNA,tetA,20.0
5904,1476.0,mRNA,Raspberry,2.0
5904,1476.0,mRNA,mKalama1,3.0
5905,1476.25,topo,topoI,0.25
5905,1476.25,topo,gyrase,0.25
5905,1476.25,RNAP,RNAP,1.0
5905,1476.25,mRNA,tetA,20.0
5905,1476.25,mRNA,Raspberry,2.0
5905,1476.25,mRNA,mKalama1,3.0
5906,1476.5,topo,topoI,0.25
5906,1476.5,topo,gyrase,0.25
5906,1476.5,RNAP,RNAP,1.0
5906,1476.5,mRNA,tetA,20.0
5906,1476.5,mRNA,Raspberry,2.0
5906,1476.5,mRNA,mKalama1,3.0
5907,1476.75,topo,topoI,0.25
5907,1476.75,topo,gyrase,0.25
5907,1476.75,RNAP,RNAP,1.0
5907,1476.75,mRNA,tetA,20.0
5907,1476.75,mRNA,Raspberry,2.0
5907,1476.75,mRNA,mKalama1,3.0
5908,1477.0,topo,topoI,0.25
5908,1477.0,topo,gyrase,0.25
5908,1477.0,RNAP,RNAP,1.0
5908,1477.0,mRNA,tetA,20.0
5908,1477.0,mRNA,Raspberry,2.0
5908,1477.0,mRNA,mKalama1,3.0
5909,1477.25,topo,topoI,0.25
5909,1477.25,topo,gyrase,0.25
5909,1477.25,RNAP,RNAP,1.0
5909,1477.25,mRNA,tetA,20.0
5909,1477.25,mRNA,Raspberry,2.0
5909,1477.25,mRNA,mKalama1,3.0
5910,1477.5,topo,topoI,0.25
5910,1477.5,topo,gyrase,0.25
5910,1477.5,RNAP,RNAP,1.0
5910,1477.5,mRNA,tetA,20.0
5910,1477.5,mRNA,Raspberry,2.0
5910,1477.5,mRNA,mKalama1,3.0
5911,1477.75,topo,topoI,0.25
5911,1477.75,topo,gyrase,0.25
5911,1477.75,RNAP,RNAP,1.0
5911,1477.75,mRNA,tetA,20.0
5911,1477.75,mRNA,Raspberry,2.0
5911,1477.75,mRNA,mKalama1,3.0
5912,1478.0,topo,topoI,0.25
5912,1478.0,topo,gyrase,0.25
5912,1478.0,RNAP,RNAP,1.0
5912,1478.0,mRNA,tetA,20.0
5912,1478.0,mRNA,Raspberry,2.0
5912,1478.0,mRNA,mKalama1,3.0
5913,1478.25,topo,topoI,0.25
5913,1478.25,topo,gyrase,0.25
5913,1478.25,RNAP,RNAP,1.0
5913,1478.25,mRNA,tetA,20.0
5913,1478.25,mRNA,Raspberry,2.0
5913,1478.25,mRNA,mKalama1,3.0
5914,1478.5,topo,topoI,0.25
5914,1478.5,topo,gyrase,0.25
5914,1478.5,RNAP,RNAP,1.0
5914,1478.5,mRNA,tetA,20.0
5914,1478.5,mRNA,Raspberry,2.0
5914,1478.5,mRNA,mKalama1,3.0
5915,1478.75,topo,topoI,0.25
5915,1478.75,topo,gyrase,0.25
5915,1478.75,RNAP,RNAP,1.0
5915,1478.75,mRNA,tetA,20.0
5915,1478.75,mRNA,Raspberry,2.0
5915,1478.75,mRNA,mKalama1,3.0
5916,1479.0,topo,topoI,0.25
5916,1479.0,topo,gyrase,0.25
5916,1479.0,RNAP,RNAP,1.0
5916,1479.0,mRNA,tetA,20.0
5916,1479.0,mRNA,Raspberry,2.0
5916,1479.0,mRNA,mKalama1,3.0
5917,1479.25,topo,topoI,0.25
5917,1479.25,topo,gyrase,0.25
5917,1479.25,RNAP,RNAP,1.0
5917,1479.25,mRNA,tetA,20.0
5917,1479.25,mRNA,Raspberry,2.0
5917,1479.25,mRNA,mKalama1,3.0
5918,1479.5,topo,topoI,0.25
5918,1479.5,topo,gyrase,0.25
5918,1479.5,RNAP,RNAP,1.0
5918,1479.5,mRNA,tetA,20.0
5918,1479.5,mRNA,Raspberry,2.0
5918,1479.5,mRNA,mKalama1,3.0
5919,1479.75,topo,topoI,0.25
5919,1479.75,topo,gyrase,0.25
5919,1479.75,RNAP,RNAP,1.0
5919,1479.75,mRNA,tetA,20.0
5919,1479.75,mRNA,Raspberry,2.0
5919,1479.75,mRNA,mKalama1,3.0
5920,1480.0,topo,topoI,0.25
5920,1480.0,topo,gyrase,0.25
5920,1480.0,RNAP,RNAP,1.0
5920,1480.0,mRNA,tetA,20.0
5920,1480.0,mRNA,Raspberry,2.0
5920,1480.0,mRNA,mKalama1,3.0
5921,1480.25,topo,topoI,0.25
5921,1480.25,topo,gyrase,0.25
5921,1480.25,RNAP,RNAP,1.0
5921,1480.25,mRNA,tetA,20.0
5921,1480.25,mRNA,Raspberry,2.0
5921,1480.25,mRNA,mKalama1,3.0
5922,1480.5,topo,topoI,0.25
5922,1480.5,topo,gyrase,0.25
5922,1480.5,RNAP,RNAP,1.0
5922,1480.5,mRNA,tetA,20.0
5922,1480.5,mRNA,Raspberry,2.0
5922,1480.5,mRNA,mKalama1,3.0
5923,1480.75,topo,topoI,0.25
5923,1480.75,topo,gyrase,0.25
5923,1480.75,RNAP,RNAP,1.0
5923,1480.75,mRNA,tetA,20.0
5923,1480.75,mRNA,Raspberry,2.0
5923,1480.75,mRNA,mKalama1,3.0
5924,1481.0,topo,topoI,0.25
5924,1481.0,topo,gyrase,0.25
5924,1481.0,RNAP,RNAP,1.0
5924,1481.0,mRNA,tetA,20.0
5924,1481.0,mRNA,Raspberry,2.0
5924,1481.0,mRNA,mKalama1,3.0
5925,1481.25,topo,topoI,0.25
5925,1481.25,topo,gyrase,0.25
5925,1481.25,RNAP,RNAP,1.0
5925,1481.25,mRNA,tetA,20.0
5925,1481.25,mRNA,Raspberry,2.0
5925,1481.25,mRNA,mKalama1,3.0
5926,1481.5,topo,topoI,0.25
5926,1481.5,topo,gyrase,0.25
5926,1481.5,RNAP,RNAP,1.0
5926,1481.5,mRNA,tetA,20.0
5926,1481.5,mRNA,Raspberry,2.0
5926,1481.5,mRNA,mKalama1,3.0
5927,1481.75,topo,topoI,0.25
5927,1481.75,topo,gyrase,0.25
5927,1481.75,RNAP,RNAP,1.0
5927,1481.75,mRNA,tetA,20.0
5927,1481.75,mRNA,Raspberry,2.0
5927,1481.75,mRNA,mKalama1,3.0
5928,1482.0,topo,topoI,0.25
5928,1482.0,topo,gyrase,0.25
5928,1482.0,RNAP,RNAP,1.0
5928,1482.0,mRNA,tetA,20.0
5928,1482.0,mRNA,Raspberry,2.0
5928,1482.0,mRNA,mKalama1,3.0
5929,1482.25,topo,topoI,0.25
5929,1482.25,topo,gyrase,0.25
5929,1482.25,RNAP,RNAP,1.0
5929,1482.25,mRNA,tetA,20.0
5929,1482.25,mRNA,Raspberry,2.0
5929,1482.25,mRNA,mKalama1,3.0
5930,1482.5,topo,topoI,0.25
5930,1482.5,topo,gyrase,0.25
5930,1482.5,RNAP,RNAP,1.0
5930,1482.5,mRNA,tetA,20.0
5930,1482.5,mRNA,Raspberry,2.0
5930,1482.5,mRNA,mKalama1,3.0
5931,1482.75,topo,topoI,0.25
5931,1482.75,topo,gyrase,0.25
5931,1482.75,RNAP,RNAP,1.0
5931,1482.75,mRNA,tetA,20.0
5931,1482.75,mRNA,Raspberry,2.0
5931,1482.75,mRNA,mKalama1,3.0
5932,1483.0,topo,topoI,0.25
5932,1483.0,topo,gyrase,0.25
5932,1483.0,RNAP,RNAP,1.0
5932,1483.0,mRNA,tetA,20.0
5932,1483.0,mRNA,Raspberry,2.0
5932,1483.0,mRNA,mKalama1,3.0
5933,1483.25,topo,topoI,0.25
5933,1483.25,topo,gyrase,0.25
5933,1483.25,RNAP,RNAP,1.0
5933,1483.25,mRNA,tetA,20.0
5933,1483.25,mRNA,Raspberry,2.0
5933,1483.25,mRNA,mKalama1,3.0
5934,1483.5,topo,topoI,0.25
5934,1483.5,topo,gyrase,0.25
5934,1483.5,RNAP,RNAP,1.0
5934,1483.5,mRNA,tetA,20.0
5934,1483.5,mRNA,Raspberry,2.0
5934,1483.5,mRNA,mKalama1,3.0
5935,1483.75,topo,topoI,0.25
5935,1483.75,topo,gyrase,0.25
5935,1483.75,RNAP,RNAP,1.0
5935,1483.75,mRNA,tetA,20.0
5935,1483.75,mRNA,Raspberry,2.0
5935,1483.75,mRNA,mKalama1,3.0
5936,1484.0,topo,topoI,0.25
5936,1484.0,topo,gyrase,0.25
5936,1484.0,RNAP,RNAP,1.0
5936,1484.0,mRNA,tetA,20.0
5936,1484.0,mRNA,Raspberry,2.0
5936,1484.0,mRNA,mKalama1,3.0
5937,1484.25,topo,topoI,0.25
5937,1484.25,topo,gyrase,0.25
5937,1484.25,RNAP,RNAP,1.0
5937,1484.25,mRNA,tetA,20.0
5937,1484.25,mRNA,Raspberry,2.0
5937,1484.25,mRNA,mKalama1,3.0
5938,1484.5,topo,topoI,0.25
5938,1484.5,topo,gyrase,0.25
5938,1484.5,RNAP,RNAP,1.0
5938,1484.5,mRNA,tetA,20.0
5938,1484.5,mRNA,Raspberry,2.0
5938,1484.5,mRNA,mKalama1,3.0
5939,1484.75,topo,topoI,0.25
5939,1484.75,topo,gyrase,0.25
5939,1484.75,RNAP,RNAP,1.0
5939,1484.75,mRNA,tetA,20.0
5939,1484.75,mRNA,Raspberry,2.0
5939,1484.75,mRNA,mKalama1,3.0
5940,1485.0,topo,topoI,0.25
5940,1485.0,topo,gyrase,0.25
5940,1485.0,RNAP,RNAP,1.0
5940,1485.0,mRNA,tetA,20.0
5940,1485.0,mRNA,Raspberry,2.0
5940,1485.0,mRNA,mKalama1,3.0
5941,1485.25,topo,topoI,0.25
5941,1485.25,topo,gyrase,0.25
5941,1485.25,RNAP,RNAP,1.0
5941,1485.25,mRNA,tetA,20.0
5941,1485.25,mRNA,Raspberry,2.0
5941,1485.25,mRNA,mKalama1,3.0
5942,1485.5,topo,topoI,0.25
5942,1485.5,topo,gyrase,0.25
5942,1485.5,RNAP,RNAP,1.0
5942,1485.5,mRNA,tetA,20.0
5942,1485.5,mRNA,Raspberry,2.0
5942,1485.5,mRNA,mKalama1,3.0
5943,1485.75,topo,topoI,0.25
5943,1485.75,topo,gyrase,0.25
5943,1485.75,RNAP,RNAP,1.0
5943,1485.75,mRNA,tetA,20.0
5943,1485.75,mRNA,Raspberry,2.0
5943,1485.75,mRNA,mKalama1,3.0
5944,1486.0,topo,topoI,0.25
5944,1486.0,topo,gyrase,0.25
5944,1486.0,RNAP,RNAP,1.0
5944,1486.0,mRNA,tetA,20.0
5944,1486.0,mRNA,Raspberry,2.0
5944,1486.0,mRNA,mKalama1,3.0
5945,1486.25,topo,topoI,0.25
5945,1486.25,topo,gyrase,0.25
5945,1486.25,RNAP,RNAP,1.0
5945,1486.25,mRNA,tetA,20.0
5945,1486.25,mRNA,Raspberry,2.0
5945,1486.25,mRNA,mKalama1,3.0
5946,1486.5,topo,topoI,0.25
5946,1486.5,topo,gyrase,0.25
5946,1486.5,RNAP,RNAP,1.0
5946,1486.5,mRNA,tetA,20.0
5946,1486.5,mRNA,Raspberry,2.0
5946,1486.5,mRNA,mKalama1,3.0
5947,1486.75,topo,topoI,0.25
5947,1486.75,topo,gyrase,0.25
5947,1486.75,RNAP,RNAP,1.0
5947,1486.75,mRNA,tetA,20.0
5947,1486.75,mRNA,Raspberry,2.0
5947,1486.75,mRNA,mKalama1,3.0
5948,1487.0,topo,topoI,0.25
5948,1487.0,topo,gyrase,0.25
5948,1487.0,RNAP,RNAP,1.0
5948,1487.0,mRNA,tetA,20.0
5948,1487.0,mRNA,Raspberry,2.0
5948,1487.0,mRNA,mKalama1,3.0
5949,1487.25,topo,topoI,0.25
5949,1487.25,topo,gyrase,0.25
5949,1487.25,RNAP,RNAP,1.0
5949,1487.25,mRNA,tetA,20.0
5949,1487.25,mRNA,Raspberry,2.0
5949,1487.25,mRNA,mKalama1,3.0
5950,1487.5,topo,topoI,0.25
5950,1487.5,topo,gyrase,0.25
5950,1487.5,RNAP,RNAP,1.0
5950,1487.5,mRNA,tetA,20.0
5950,1487.5,mRNA,Raspberry,2.0
5950,1487.5,mRNA,mKalama1,3.0
5951,1487.75,topo,topoI,0.25
5951,1487.75,topo,gyrase,0.25
5951,1487.75,RNAP,RNAP,1.0
5951,1487.75,mRNA,tetA,20.0
5951,1487.75,mRNA,Raspberry,2.0
5951,1487.75,mRNA,mKalama1,3.0
5952,1488.0,topo,topoI,0.25
5952,1488.0,topo,gyrase,0.25
5952,1488.0,RNAP,RNAP,1.0
5952,1488.0,mRNA,tetA,20.0
5952,1488.0,mRNA,Raspberry,2.0
5952,1488.0,mRNA,mKalama1,3.0
5953,1488.25,topo,topoI,0.25
5953,1488.25,topo,gyrase,0.25
5953,1488.25,RNAP,RNAP,1.0
5953,1488.25,mRNA,tetA,20.0
5953,1488.25,mRNA,Raspberry,2.0
5953,1488.25,mRNA,mKalama1,3.0
5954,1488.5,topo,topoI,0.25
5954,1488.5,topo,gyrase,0.25
5954,1488.5,RNAP,RNAP,1.0
5954,1488.5,mRNA,tetA,20.0
5954,1488.5,mRNA,Raspberry,2.0
5954,1488.5,mRNA,mKalama1,3.0
5955,1488.75,topo,topoI,0.25
5955,1488.75,topo,gyrase,0.25
5955,1488.75,RNAP,RNAP,1.0
5955,1488.75,mRNA,tetA,20.0
5955,1488.75,mRNA,Raspberry,2.0
5955,1488.75,mRNA,mKalama1,3.0
5956,1489.0,topo,topoI,0.25
5956,1489.0,topo,gyrase,0.25
5956,1489.0,RNAP,RNAP,1.0
5956,1489.0,mRNA,tetA,20.0
5956,1489.0,mRNA,Raspberry,2.0
5956,1489.0,mRNA,mKalama1,3.0
5957,1489.25,topo,topoI,0.25
5957,1489.25,topo,gyrase,0.25
5957,1489.25,RNAP,RNAP,1.0
5957,1489.25,mRNA,tetA,20.0
5957,1489.25,mRNA,Raspberry,2.0
5957,1489.25,mRNA,mKalama1,3.0
5958,1489.5,topo,topoI,0.25
5958,1489.5,topo,gyrase,0.25
5958,1489.5,RNAP,RNAP,1.0
5958,1489.5,mRNA,tetA,20.0
5958,1489.5,mRNA,Raspberry,2.0
5958,1489.5,mRNA,mKalama1,3.0
5959,1489.75,topo,topoI,0.25
5959,1489.75,topo,gyrase,0.25
5959,1489.75,RNAP,RNAP,1.0
5959,1489.75,mRNA,tetA,20.0
5959,1489.75,mRNA,Raspberry,2.0
5959,1489.75,mRNA,mKalama1,3.0
5960,1490.0,topo,topoI,0.25
5960,1490.0,topo,gyrase,0.25
5960,1490.0,RNAP,RNAP,1.0
5960,1490.0,mRNA,tetA,20.0
5960,1490.0,mRNA,Raspberry,2.0
5960,1490.0,mRNA,mKalama1,3.0
5961,1490.25,topo,topoI,0.25
5961,1490.25,topo,gyrase,0.25
5961,1490.25,RNAP,RNAP,1.0
5961,1490.25,mRNA,tetA,20.0
5961,1490.25,mRNA,Raspberry,2.0
5961,1490.25,mRNA,mKalama1,3.0
5962,1490.5,topo,topoI,0.25
5962,1490.5,topo,gyrase,0.25
5962,1490.5,RNAP,RNAP,1.0
5962,1490.5,mRNA,tetA,20.0
5962,1490.5,mRNA,Raspberry,2.0
5962,1490.5,mRNA,mKalama1,3.0
5963,1490.75,topo,topoI,0.25
5963,1490.75,topo,gyrase,0.25
5963,1490.75,RNAP,RNAP,1.0
5963,1490.75,mRNA,tetA,20.0
5963,1490.75,mRNA,Raspberry,2.0
5963,1490.75,mRNA,mKalama1,3.0
5964,1491.0,topo,topoI,0.25
5964,1491.0,topo,gyrase,0.25
5964,1491.0,RNAP,RNAP,1.0
5964,1491.0,mRNA,tetA,20.0
5964,1491.0,mRNA,Raspberry,2.0
5964,1491.0,mRNA,mKalama1,3.0
5965,1491.25,topo,topoI,0.25
5965,1491.25,topo,gyrase,0.25
5965,1491.25,RNAP,RNAP,1.0
5965,1491.25,mRNA,tetA,20.0
5965,1491.25,mRNA,Raspberry,2.0
5965,1491.25,mRNA,mKalama1,3.0
5966,1491.5,topo,topoI,0.25
5966,1491.5,topo,gyrase,0.25
5966,1491.5,RNAP,RNAP,1.0
5966,1491.5,mRNA,tetA,20.0
5966,1491.5,mRNA,Raspberry,2.0
5966,1491.5,mRNA,mKalama1,3.0
5967,1491.75,topo,topoI,0.25
5967,1491.75,topo,gyrase,0.25
5967,1491.75,RNAP,RNAP,1.0
5967,1491.75,mRNA,tetA,20.0
5967,1491.75,mRNA,Raspberry,2.0
5967,1491.75,mRNA,mKalama1,3.0
5968,1492.0,topo,topoI,0.25
5968,1492.0,topo,gyrase,0.25
5968,1492.0,RNAP,RNAP,1.0
5968,1492.0,mRNA,tetA,20.0
5968,1492.0,mRNA,Raspberry,2.0
5968,1492.0,mRNA,mKalama1,3.0
5969,1492.25,topo,topoI,0.25
5969,1492.25,topo,gyrase,0.25
5969,1492.25,RNAP,RNAP,1.0
5969,1492.25,mRNA,tetA,20.0
5969,1492.25,mRNA,Raspberry,2.0
5969,1492.25,mRNA,mKalama1,3.0
5970,1492.5,topo,topoI,0.25
5970,1492.5,topo,gyrase,0.25
5970,1492.5,RNAP,RNAP,1.0
5970,1492.5,mRNA,tetA,20.0
5970,1492.5,mRNA,Raspberry,2.0
5970,1492.5,mRNA,mKalama1,3.0
5971,1492.75,topo,topoI,0.25
5971,1492.75,topo,gyrase,0.25
5971,1492.75,RNAP,RNAP,1.0
5971,1492.75,mRNA,tetA,20.0
5971,1492.75,mRNA,Raspberry,2.0
5971,1492.75,mRNA,mKalama1,3.0
5972,1493.0,topo,topoI,0.25
5972,1493.0,topo,gyrase,0.25
5972,1493.0,RNAP,RNAP,1.0
5972,1493.0,mRNA,tetA,20.0
5972,1493.0,mRNA,Raspberry,2.0
5972,1493.0,mRNA,mKalama1,3.0
5973,1493.25,topo,topoI,0.25
5973,1493.25,topo,gyrase,0.25
5973,1493.25,RNAP,RNAP,1.0
5973,1493.25,mRNA,tetA,20.0
5973,1493.25,mRNA,Raspberry,2.0
5973,1493.25,mRNA,mKalama1,3.0
5974,1493.5,topo,topoI,0.25
5974,1493.5,topo,gyrase,0.25
5974,1493.5,RNAP,RNAP,1.0
5974,1493.5,mRNA,tetA,20.0
5974,1493.5,mRNA,Raspberry,2.0
5974,1493.5,mRNA,mKalama1,3.0
5975,1493.75,topo,topoI,0.25
5975,1493.75,topo,gyrase,0.25
5975,1493.75,RNAP,RNAP,1.0
5975,1493.75,mRNA,tetA,20.0
5975,1493.75,mRNA,Raspberry,2.0
5975,1493.75,mRNA,mKalama1,3.0
5976,1494.0,topo,topoI,0.25
5976,1494.0,topo,gyrase,0.25
5976,1494.0,RNAP,RNAP,1.0
5976,1494.0,mRNA,tetA,20.0
5976,1494.0,mRNA,Raspberry,2.0
5976,1494.0,mRNA,mKalama1,3.0
5977,1494.25,topo,topoI,0.25
5977,1494.25,topo,gyrase,0.25
5977,1494.25,RNAP,RNAP,1.0
5977,1494.25,mRNA,tetA,20.0
5977,1494.25,mRNA,Raspberry,2.0
5977,1494.25,mRNA,mKalama1,3.0
5978,1494.5,topo,topoI,0.25
5978,1494.5,topo,gyrase,0.25
5978,1494.5,RNAP,RNAP,1.0
5978,1494.5,mRNA,tetA,20.0
5978,1494.5,mRNA,Raspberry,2.0
5978,1494.5,mRNA,mKalama1,3.0
5979,1494.75,topo,topoI,0.25
5979,1494.75,topo,gyrase,0.25
5979,1494.75,RNAP,RNAP,1.0
5979,1494.75,mRNA,tetA,20.0
5979,1494.75,mRNA,Raspberry,2.0
5979,1494.75,mRNA,mKalama1,3.0
5980,1495.0,topo,topoI,0.25
5980,1495.0,topo,gyrase,0.25
5980,1495.0,RNAP,RNAP,1.0
5980,1495.0,mRNA,tetA,20.0
5980,1495.0,mRNA,Raspberry,2.0
5980,1495.0,mRNA,mKalama1,3.0
5981,1495.25,topo,topoI,0.25
5981,1495.25,topo,gyrase,0.25
5981,1495.25,RNAP,RNAP,1.0
5981,1495.25,mRNA,tetA,20.0
5981,1495.25,mRNA,Raspberry,2.0
5981,1495.25,mRNA,mKalama1,3.0
5982,1495.5,topo,topoI,0.25
5982,1495.5,topo,gyrase,0.25
5982,1495.5,RNAP,RNAP,1.0
5982,1495.5,mRNA,tetA,20.0
5982,1495.5,mRNA,Raspberry,2.0
5982,1495.5,mRNA,mKalama1,3.0
5983,1495.75,topo,topoI,0.25
5983,1495.75,topo,gyrase,0.25
5983,1495.75,RNAP,RNAP,1.0
5983,1495.75,mRNA,tetA,20.0
5983,1495.75,mRNA,Raspberry,2.0
5983,1495.75,mRNA,mKalama1,3.0
5984,1496.0,topo,topoI,0.25
5984,1496.0,topo,gyrase,0.25
5984,1496.0,RNAP,RNAP,1.0
5984,1496.0,mRNA,tetA,20.0
5984,1496.0,mRNA,Raspberry,2.0
5984,1496.0,mRNA,mKalama1,3.0
5985,1496.25,topo,topoI,0.25
5985,1496.25,topo,gyrase,0.25
5985,1496.25,RNAP,RNAP,1.0
5985,1496.25,mRNA,tetA,20.0
5985,1496.25,mRNA,Raspberry,2.0
5985,1496.25,mRNA,mKalama1,3.0
5986,1496.5,topo,topoI,0.25
5986,1496.5,topo,gyrase,0.25
5986,1496.5,RNAP,RNAP,1.0
5986,1496.5,mRNA,tetA,20.0
5986,1496.5,mRNA,Raspberry,2.0
5986,1496.5,mRNA,mKalama1,3.0
5987,1496.75,topo,topoI,0.25
5987,1496.75,topo,gyrase,0.25
5987,1496.75,RNAP,RNAP,1.0
5987,1496.75,mRNA,tetA,20.0
5987,1496.75,mRNA,Raspberry,2.0
5987,1496.75,mRNA,mKalama1,3.0
5988,1497.0,topo,topoI,0.25
5988,1497.0,topo,gyrase,0.25
5988,1497.0,RNAP,RNAP,1.0
5988,1497.0,mRNA,tetA,20.0
5988,1497.0,mRNA,Raspberry,2.0
5988,1497.0,mRNA,mKalama1,3.0
5989,1497.25,topo,topoI,0.25
5989,1497.25,topo,gyrase,0.25
5989,1497.25,RNAP,RNAP,1.0
5989,1497.25,mRNA,tetA,20.0
5989,1497.25,mRNA,Raspberry,2.0
5989,1497.25,mRNA,mKalama1,3.0
5990,1497.5,topo,topoI,0.25
5990,1497.5,topo,gyrase,0.25
5990,1497.5,RNAP,RNAP,1.0
5990,1497.5,mRNA,tetA,20.0
5990,1497.5,mRNA,Raspberry,2.0
5990,1497.5,mRNA,mKalama1,3.0
5991,1497.75,topo,topoI,0.25
5991,1497.75,topo,gyrase,0.25
5991,1497.75,RNAP,RNAP,1.0
5991,1497.75,mRNA,tetA,20.0
5991,1497.75,mRNA,Raspberry,2.0
5991,1497.75,mRNA,mKalama1,3.0
5992,1498.0,topo,topoI,0.25
5992,1498.0,topo,gyrase,0.25
5992,1498.0,RNAP,RNAP,1.0
5992,1498.0,mRNA,tetA,20.0
5992,1498.0,mRNA,Raspberry,2.0
5992,1498.0,mRNA,mKalama1,3.0
5993,1498.25,topo,topoI,0.25
5993,1498.25,topo,gyrase,0.25
5993,1498.25,RNAP,RNAP,1.0
5993,1498.25,mRNA,tetA,20.0
5993,1498.25,mRNA,Raspberry,2.0
5993,1498.25,mRNA,mKalama1,3.0
5994,1498.5,topo,topoI,0.25
5994,1498.5,topo,gyrase,0.25
5994,1498.5,RNAP,RNAP,1.0
5994,1498.5,mRNA,tetA,20.0
5994,1498.5,mRNA,Raspberry,2.0
5994,1498.5,mRNA,mKalama1,3.0
5995,1498.75,topo,topoI,0.25
5995,1498.75,topo,gyrase,0.25
5995,1498.75,RNAP,RNAP,1.0
5995,1498.75,mRNA,tetA,20.0
5995,1498.75,mRNA,Raspberry,2.0
5995,1498.75,mRNA,mKalama1,3.0
5996,1499.0,topo,topoI,0.25
5996,1499.0,topo,gyrase,0.25
5996,1499.0,RNAP,RNAP,1.0
5996,1499.0,mRNA,tetA,20.0
5996,1499.0,mRNA,Raspberry,2.0
5996,1499.0,mRNA,mKalama1,3.0
5997,1499.25,topo,topoI,0.25
5997,1499.25,topo,gyrase,0.25
5997,1499.25,RNAP,RNAP,1.0
5997,1499.25,mRNA,tetA,20.0
5997,1499.25,mRNA,Raspberry,2.0
5997,1499.25,mRNA,mKalama1,3.0
5998,1499.5,topo,topoI,0.25
5998,1499.5,topo,gyrase,0.25
5998,1499.5,RNAP,RNAP,1.0
5998,1499.5,mRNA,tetA,20.0
5998,1499.5,mRNA,Raspberry,2.0
5998,1499.5,mRNA,mKalama1,3.0
5999,1499.75,topo,topoI,0.25
5999,1499.75,topo,gyrase,0.25
5999,1499.75,RNAP,RNAP,1.0
5999,1499.75,mRNA,tetA,20.0
5999,1499.75,mRNA,Raspberry,2.0
5999,1499.75,mRNA,mKalama1,3.0
6000,1500.0,topo,topoI,0.25
6000,1500.0,topo,gyrase,0.25
6000,1500.0,RNAP,RNAP,1.0
6000,1500.0,mRNA,tetA,20.0
6000,1500.0,mRNA,Raspberry,2.0
6000,1500.0,mRNA,mKalama1,3.0
6001,1500.25,topo,topoI,0.25
6001,1500.25,topo,gyrase,0.25
6001,1500.25,RNAP,RNAP,1.0
6001,1500.25,mRNA,tetA,20.0
6001,1500.25,mRNA,Raspberry,2.0
6001,1500.25,mRNA,mKalama1,3.0
6002,1500.5,topo,topoI,0.25
6002,1500.5,topo,gyrase,0.25
6002,1500.5,RNAP,RNAP,1.0
6002,1500.5,mRNA,tetA,20.0
6002,1500.5,mRNA,Raspberry,2.0
6002,1500.5,mRNA,mKalama1,3.0
6003,1500.75,topo,topoI,0.25
6003,1500.75,topo,gyrase,0.25
6003,1500.75,RNAP,RNAP,1.0
6003,1500.75,mRNA,tetA,20.0
6003,1500.75,mRNA,Raspberry,2.0
6003,1500.75,mRNA,mKalama1,3.0
6004,1501.0,topo,topoI,0.25
6004,1501.0,topo,gyrase,0.25
6004,1501.0,RNAP,RNAP,1.0
6004,1501.0,mRNA,tetA,20.0
6004,1501.0,mRNA,Raspberry,2.0
6004,1501.0,mRNA,mKalama1,3.0
6005,1501.25,topo,topoI,0.25
6005,1501.25,topo,gyrase,0.25
6005,1501.25,RNAP,RNAP,1.0
6005,1501.25,mRNA,tetA,20.0
6005,1501.25,mRNA,Raspberry,2.0
6005,1501.25,mRNA,mKalama1,3.0
6006,1501.5,topo,topoI,0.25
6006,1501.5,topo,gyrase,0.25
6006,1501.5,RNAP,RNAP,1.0
6006,1501.5,mRNA,tetA,20.0
6006,1501.5,mRNA,Raspberry,2.0
6006,1501.5,mRNA,mKalama1,3.0
6007,1501.75,topo,topoI,0.25
6007,1501.75,topo,gyrase,0.25
6007,1501.75,RNAP,RNAP,1.0
6007,1501.75,mRNA,tetA,20.0
6007,1501.75,mRNA,Raspberry,2.0
6007,1501.75,mRNA,mKalama1,3.0
6008,1502.0,topo,topoI,0.25
6008,1502.0,topo,gyrase,0.25
6008,1502.0,RNAP,RNAP,1.0
6008,1502.0,mRNA,tetA,20.0
6008,1502.0,mRNA,Raspberry,2.0
6008,1502.0,mRNA,mKalama1,3.0
6009,1502.25,topo,topoI,0.25
6009,1502.25,topo,gyrase,0.25
6009,1502.25,RNAP,RNAP,1.0
6009,1502.25,mRNA,tetA,20.0
6009,1502.25,mRNA,Raspberry,2.0
6009,1502.25,mRNA,mKalama1,3.0
6010,1502.5,topo,topoI,0.25
6010,1502.5,topo,gyrase,0.25
6010,1502.5,RNAP,RNAP,1.0
6010,1502.5,mRNA,tetA,20.0
6010,1502.5,mRNA,Raspberry,2.0
6010,1502.5,mRNA,mKalama1,3.0
6011,1502.75,topo,topoI,0.25
6011,1502.75,topo,gyrase,0.25
6011,1502.75,RNAP,RNAP,1.0
6011,1502.75,mRNA,tetA,20.0
6011,1502.75,mRNA,Raspberry,2.0
6011,1502.75,mRNA,mKalama1,3.0
6012,1503.0,topo,topoI,0.25
6012,1503.0,topo,gyrase,0.25
6012,1503.0,RNAP,RNAP,1.0
6012,1503.0,mRNA,tetA,20.0
6012,1503.0,mRNA,Raspberry,2.0
6012,1503.0,mRNA,mKalama1,3.0
6013,1503.25,topo,topoI,0.25
6013,1503.25,topo,gyrase,0.25
6013,1503.25,RNAP,RNAP,1.0
6013,1503.25,mRNA,tetA,20.0
6013,1503.25,mRNA,Raspberry,2.0
6013,1503.25,mRNA,mKalama1,3.0
6014,1503.5,topo,topoI,0.25
6014,1503.5,topo,gyrase,0.25
6014,1503.5,RNAP,RNAP,1.0
6014,1503.5,mRNA,tetA,20.0
6014,1503.5,mRNA,Raspberry,2.0
6014,1503.5,mRNA,mKalama1,3.0
6015,1503.75,topo,topoI,0.25
6015,1503.75,topo,gyrase,0.25
6015,1503.75,RNAP,RNAP,1.0
6015,1503.75,mRNA,tetA,20.0
6015,1503.75,mRNA,Raspberry,2.0
6015,1503.75,mRNA,mKalama1,3.0
6016,1504.0,topo,topoI,0.25
6016,1504.0,topo,gyrase,0.25
6016,1504.0,RNAP,RNAP,1.0
6016,1504.0,mRNA,tetA,20.0
6016,1504.0,mRNA,Raspberry,2.0
6016,1504.0,mRNA,mKalama1,3.0
6017,1504.25,topo,topoI,0.25
6017,1504.25,topo,gyrase,0.25
6017,1504.25,RNAP,RNAP,1.0
6017,1504.25,mRNA,tetA,20.0
6017,1504.25,mRNA,Raspberry,2.0
6017,1504.25,mRNA,mKalama1,3.0
6018,1504.5,topo,topoI,0.25
6018,1504.5,topo,gyrase,0.25
6018,1504.5,RNAP,RNAP,1.0
6018,1504.5,mRNA,tetA,20.0
6018,1504.5,mRNA,Raspberry,2.0
6018,1504.5,mRNA,mKalama1,3.0
6019,1504.75,topo,topoI,0.25
6019,1504.75,topo,gyrase,0.25
6019,1504.75,RNAP,RNAP,1.0
6019,1504.75,mRNA,tetA,20.0
6019,1504.75,mRNA,Raspberry,2.0
6019,1504.75,mRNA,mKalama1,3.0
6020,1505.0,topo,topoI,0.25
6020,1505.0,topo,gyrase,0.25
6020,1505.0,RNAP,RNAP,1.0
6020,1505.0,mRNA,tetA,20.0
6020,1505.0,mRNA,Raspberry,2.0
6020,1505.0,mRNA,mKalama1,3.0
6021,1505.25,topo,topoI,0.25
6021,1505.25,topo,gyrase,0.25
6021,1505.25,RNAP,RNAP,1.0
6021,1505.25,mRNA,tetA,20.0
6021,1505.25,mRNA,Raspberry,2.0
6021,1505.25,mRNA,mKalama1,3.0
6022,1505.5,topo,topoI,0.25
6022,1505.5,topo,gyrase,0.25
6022,1505.5,RNAP,RNAP,1.0
6022,1505.5,mRNA,tetA,20.0
6022,1505.5,mRNA,Raspberry,2.0
6022,1505.5,mRNA,mKalama1,3.0
6023,1505.75,topo,topoI,0.25
6023,1505.75,topo,gyrase,0.25
6023,1505.75,RNAP,RNAP,1.0
6023,1505.75,mRNA,tetA,20.0
6023,1505.75,mRNA,Raspberry,2.0
6023,1505.75,mRNA,mKalama1,3.0
6024,1506.0,topo,topoI,0.25
6024,1506.0,topo,gyrase,0.25
6024,1506.0,RNAP,RNAP,1.0
6024,1506.0,mRNA,tetA,20.0
6024,1506.0,mRNA,Raspberry,2.0
6024,1506.0,mRNA,mKalama1,3.0
6025,1506.25,topo,topoI,0.25
6025,1506.25,topo,gyrase,0.25
6025,1506.25,RNAP,RNAP,1.0
6025,1506.25,mRNA,tetA,20.0
6025,1506.25,mRNA,Raspberry,2.0
6025,1506.25,mRNA,mKalama1,3.0
6026,1506.5,topo,topoI,0.25
6026,1506.5,topo,gyrase,0.25
6026,1506.5,RNAP,RNAP,1.0
6026,1506.5,mRNA,tetA,20.0
6026,1506.5,mRNA,Raspberry,2.0
6026,1506.5,mRNA,mKalama1,3.0
6027,1506.75,topo,topoI,0.25
6027,1506.75,topo,gyrase,0.25
6027,1506.75,RNAP,RNAP,1.0
6027,1506.75,mRNA,tetA,20.0
6027,1506.75,mRNA,Raspberry,2.0
6027,1506.75,mRNA,mKalama1,3.0
6028,1507.0,topo,topoI,0.25
6028,1507.0,topo,gyrase,0.25
6028,1507.0,RNAP,RNAP,1.0
6028,1507.0,mRNA,tetA,20.0
6028,1507.0,mRNA,Raspberry,2.0
6028,1507.0,mRNA,mKalama1,3.0
6029,1507.25,topo,topoI,0.25
6029,1507.25,topo,gyrase,0.25
6029,1507.25,RNAP,RNAP,1.0
6029,1507.25,mRNA,tetA,20.0
6029,1507.25,mRNA,Raspberry,2.0
6029,1507.25,mRNA,mKalama1,3.0
6030,1507.5,topo,topoI,0.25
6030,1507.5,topo,gyrase,0.25
6030,1507.5,RNAP,RNAP,1.0
6030,1507.5,mRNA,tetA,20.0
6030,1507.5,mRNA,Raspberry,2.0
6030,1507.5,mRNA,mKalama1,3.0
6031,1507.75,topo,topoI,0.25
6031,1507.75,topo,gyrase,0.25
6031,1507.75,RNAP,RNAP,1.0
6031,1507.75,mRNA,tetA,20.0
6031,1507.75,mRNA,Raspberry,2.0
6031,1507.75,mRNA,mKalama1,3.0
6032,1508.0,topo,topoI,0.25
6032,1508.0,topo,gyrase,0.25
6032,1508.0,RNAP,RNAP,1.0
6032,1508.0,mRNA,tetA,20.0
6032,1508.0,mRNA,Raspberry,2.0
6032,1508.0,mRNA,mKalama1,3.0
6033,1508.25,topo,topoI,0.25
6033,1508.25,topo,gyrase,0.25
6033,1508.25,RNAP,RNAP,1.0
6033,1508.25,mRNA,tetA,20.0
6033,1508.25,mRNA,Raspberry,2.0
6033,1508.25,mRNA,mKalama1,3.0
6034,1508.5,topo,topoI,0.25
6034,1508.5,topo,gyrase,0.25
6034,1508.5,RNAP,RNAP,1.0
6034,1508.5,mRNA,tetA,20.0
6034,1508.5,mRNA,Raspberry,2.0
6034,1508.5,mRNA,mKalama1,3.0
6035,1508.75,topo,topoI,0.25
6035,1508.75,topo,gyrase,0.25
6035,1508.75,RNAP,RNAP,1.0
6035,1508.75,mRNA,tetA,20.0
6035,1508.75,mRNA,Raspberry,2.0
6035,1508.75,mRNA,mKalama1,3.0
6036,1509.0,topo,topoI,0.25
6036,1509.0,topo,gyrase,0.25
6036,1509.0,RNAP,RNAP,1.0
6036,1509.0,mRNA,tetA,20.0
6036,1509.0,mRNA,Raspberry,2.0
6036,1509.0,mRNA,mKalama1,3.0
6037,1509.25,topo,topoI,0.25
6037,1509.25,topo,gyrase,0.25
6037,1509.25,RNAP,RNAP,1.0
6037,1509.25,mRNA,tetA,20.0
6037,1509.25,mRNA,Raspberry,2.0
6037,1509.25,mRNA,mKalama1,3.0
6038,1509.5,topo,topoI,0.25
6038,1509.5,topo,gyrase,0.25
6038,1509.5,RNAP,RNAP,1.0
6038,1509.5,mRNA,tetA,20.0
6038,1509.5,mRNA,Raspberry,2.0
6038,1509.5,mRNA,mKalama1,3.0
6039,1509.75,topo,topoI,0.25
6039,1509.75,topo,gyrase,0.25
6039,1509.75,RNAP,RNAP,1.0
6039,1509.75,mRNA,tetA,20.0
6039,1509.75,mRNA,Raspberry,2.0
6039,1509.75,mRNA,mKalama1,3.0
6040,1510.0,topo,topoI,0.25
6040,1510.0,topo,gyrase,0.25
6040,1510.0,RNAP,RNAP,1.0
6040,1510.0,mRNA,tetA,20.0
6040,1510.0,mRNA,Raspberry,2.0
6040,1510.0,mRNA,mKalama1,3.0
6041,1510.25,topo,topoI,0.25
6041,1510.25,topo,gyrase,0.25
6041,1510.25,RNAP,RNAP,1.0
6041,1510.25,mRNA,tetA,20.0
6041,1510.25,mRNA,Raspberry,2.0
6041,1510.25,mRNA,mKalama1,3.0
6042,1510.5,topo,topoI,0.25
6042,1510.5,topo,gyrase,0.25
6042,1510.5,RNAP,RNAP,1.0
6042,1510.5,mRNA,tetA,20.0
6042,1510.5,mRNA,Raspberry,2.0
6042,1510.5,mRNA,mKalama1,3.0
6043,1510.75,topo,topoI,0.25
6043,1510.75,topo,gyrase,0.25
6043,1510.75,RNAP,RNAP,1.0
6043,1510.75,mRNA,tetA,20.0
6043,1510.75,mRNA,Raspberry,2.0
6043,1510.75,mRNA,mKalama1,3.0
6044,1511.0,topo,topoI,0.25
6044,1511.0,topo,gyrase,0.25
6044,1511.0,RNAP,RNAP,1.0
6044,1511.0,mRNA,tetA,20.0
6044,1511.0,mRNA,Raspberry,2.0
6044,1511.0,mRNA,mKalama1,3.0
6045,1511.25,topo,topoI,0.25
6045,1511.25,topo,gyrase,0.25
6045,1511.25,RNAP,RNAP,1.0
6045,1511.25,mRNA,tetA,20.0
6045,1511.25,mRNA,Raspberry,2.0
6045,1511.25,mRNA,mKalama1,3.0
6046,1511.5,topo,topoI,0.25
6046,1511.5,topo,gyrase,0.25
6046,1511.5,RNAP,RNAP,1.0
6046,1511.5,mRNA,tetA,20.0
6046,1511.5,mRNA,Raspberry,2.0
6046,1511.5,mRNA,mKalama1,3.0
6047,1511.75,topo,topoI,0.25
6047,1511.75,topo,gyrase,0.25
6047,1511.75,RNAP,RNAP,1.0
6047,1511.75,mRNA,tetA,20.0
6047,1511.75,mRNA,Raspberry,2.0
6047,1511.75,mRNA,mKalama1,3.0
6048,1512.0,topo,topoI,0.25
6048,1512.0,topo,gyrase,0.25
6048,1512.0,RNAP,RNAP,1.0
6048,1512.0,mRNA,tetA,20.0
6048,1512.0,mRNA,Raspberry,2.0
6048,1512.0,mRNA,mKalama1,3.0
6049,1512.25,topo,topoI,0.25
6049,1512.25,topo,gyrase,0.25
6049,1512.25,RNAP,RNAP,1.0
6049,1512.25,mRNA,tetA,20.0
6049,1512.25,mRNA,Raspberry,2.0
6049,1512.25,mRNA,mKalama1,3.0
6050,1512.5,topo,topoI,0.25
6050,1512.5,topo,gyrase,0.25
6050,1512.5,RNAP,RNAP,1.0
6050,1512.5,mRNA,tetA,20.0
6050,1512.5,mRNA,Raspberry,2.0
6050,1512.5,mRNA,mKalama1,3.0
6051,1512.75,topo,topoI,0.25
6051,1512.75,topo,gyrase,0.25
6051,1512.75,RNAP,RNAP,1.0
6051,1512.75,mRNA,tetA,20.0
6051,1512.75,mRNA,Raspberry,2.0
6051,1512.75,mRNA,mKalama1,3.0
6052,1513.0,topo,topoI,0.25
6052,1513.0,topo,gyrase,0.25
6052,1513.0,RNAP,RNAP,1.0
6052,1513.0,mRNA,tetA,20.0
6052,1513.0,mRNA,Raspberry,2.0
6052,1513.0,mRNA,mKalama1,3.0
6053,1513.25,topo,topoI,0.25
6053,1513.25,topo,gyrase,0.25
6053,1513.25,RNAP,RNAP,1.0
6053,1513.25,mRNA,tetA,20.0
6053,1513.25,mRNA,Raspberry,2.0
6053,1513.25,mRNA,mKalama1,3.0
6054,1513.5,topo,topoI,0.25
6054,1513.5,topo,gyrase,0.25
6054,1513.5,RNAP,RNAP,1.0
6054,1513.5,mRNA,tetA,20.0
6054,1513.5,mRNA,Raspberry,2.0
6054,1513.5,mRNA,mKalama1,3.0
6055,1513.75,topo,topoI,0.25
6055,1513.75,topo,gyrase,0.25
6055,1513.75,RNAP,RNAP,1.0
6055,1513.75,mRNA,tetA,20.0
6055,1513.75,mRNA,Raspberry,2.0
6055,1513.75,mRNA,mKalama1,3.0
6056,1514.0,topo,topoI,0.25
6056,1514.0,topo,gyrase,0.25
6056,1514.0,RNAP,RNAP,1.0
6056,1514.0,mRNA,tetA,20.0
6056,1514.0,mRNA,Raspberry,2.0
6056,1514.0,mRNA,mKalama1,3.0
6057,1514.25,topo,topoI,0.25
6057,1514.25,topo,gyrase,0.25
6057,1514.25,RNAP,RNAP,1.0
6057,1514.25,mRNA,tetA,20.0
6057,1514.25,mRNA,Raspberry,2.0
6057,1514.25,mRNA,mKalama1,3.0
6058,1514.5,topo,topoI,0.25
6058,1514.5,topo,gyrase,0.25
6058,1514.5,RNAP,RNAP,1.0
6058,1514.5,mRNA,tetA,20.0
6058,1514.5,mRNA,Raspberry,2.0
6058,1514.5,mRNA,mKalama1,3.0
6059,1514.75,topo,topoI,0.25
6059,1514.75,topo,gyrase,0.25
6059,1514.75,RNAP,RNAP,1.0
6059,1514.75,mRNA,tetA,20.0
6059,1514.75,mRNA,Raspberry,2.0
6059,1514.75,mRNA,mKalama1,3.0
6060,1515.0,topo,topoI,0.25
6060,1515.0,topo,gyrase,0.25
6060,1515.0,RNAP,RNAP,1.0
6060,1515.0,mRNA,tetA,20.0
6060,1515.0,mRNA,Raspberry,2.0
6060,1515.0,mRNA,mKalama1,3.0
6061,1515.25,topo,topoI,0.25
6061,1515.25,topo,gyrase,0.25
6061,1515.25,RNAP,RNAP,1.0
6061,1515.25,mRNA,tetA,20.0
6061,1515.25,mRNA,Raspberry,2.0
6061,1515.25,mRNA,mKalama1,3.0
6062,1515.5,topo,topoI,0.25
6062,1515.5,topo,gyrase,0.25
6062,1515.5,RNAP,RNAP,1.0
6062,1515.5,mRNA,tetA,20.0
6062,1515.5,mRNA,Raspberry,2.0
6062,1515.5,mRNA,mKalama1,3.0
6063,1515.75,topo,topoI,0.25
6063,1515.75,topo,gyrase,0.25
6063,1515.75,RNAP,RNAP,1.0
6063,1515.75,mRNA,tetA,20.0
6063,1515.75,mRNA,Raspberry,2.0
6063,1515.75,mRNA,mKalama1,3.0
6064,1516.0,topo,topoI,0.25
6064,1516.0,topo,gyrase,0.25
6064,1516.0,RNAP,RNAP,1.0
6064,1516.0,mRNA,tetA,20.0
6064,1516.0,mRNA,Raspberry,2.0
6064,1516.0,mRNA,mKalama1,3.0
6065,1516.25,topo,topoI,0.25
6065,1516.25,topo,gyrase,0.25
6065,1516.25,RNAP,RNAP,1.0
6065,1516.25,mRNA,tetA,20.0
6065,1516.25,mRNA,Raspberry,2.0
6065,1516.25,mRNA,mKalama1,3.0
6066,1516.5,topo,topoI,0.25
6066,1516.5,topo,gyrase,0.25
6066,1516.5,RNAP,RNAP,1.0
6066,1516.5,mRNA,tetA,20.0
6066,1516.5,mRNA,Raspberry,2.0
6066,1516.5,mRNA,mKalama1,3.0
6067,1516.75,topo,topoI,0.25
6067,1516.75,topo,gyrase,0.25
6067,1516.75,RNAP,RNAP,1.0
6067,1516.75,mRNA,tetA,20.0
6067,1516.75,mRNA,Raspberry,2.0
6067,1516.75,mRNA,mKalama1,3.0
6068,1517.0,topo,topoI,0.25
6068,1517.0,topo,gyrase,0.25
6068,1517.0,RNAP,RNAP,1.0
6068,1517.0,mRNA,tetA,20.0
6068,1517.0,mRNA,Raspberry,2.0
6068,1517.0,mRNA,mKalama1,3.0
6069,1517.25,topo,topoI,0.25
6069,1517.25,topo,gyrase,0.25
6069,1517.25,RNAP,RNAP,1.0
6069,1517.25,mRNA,tetA,20.0
6069,1517.25,mRNA,Raspberry,2.0
6069,1517.25,mRNA,mKalama1,3.0
6070,1517.5,topo,topoI,0.25
6070,1517.5,topo,gyrase,0.25
6070,1517.5,RNAP,RNAP,1.0
6070,1517.5,mRNA,tetA,20.0
6070,1517.5,mRNA,Raspberry,2.0
6070,1517.5,mRNA,mKalama1,3.0
6071,1517.75,topo,topoI,0.25
6071,1517.75,topo,gyrase,0.25
6071,1517.75,RNAP,RNAP,1.0
6071,1517.75,mRNA,tetA,20.0
6071,1517.75,mRNA,Raspberry,2.0
6071,1517.75,mRNA,mKalama1,3.0
6072,1518.0,topo,topoI,0.25
6072,1518.0,topo,gyrase,0.25
6072,1518.0,RNAP,RNAP,1.0
6072,1518.0,mRNA,tetA,20.0
6072,1518.0,mRNA,Raspberry,2.0
6072,1518.0,mRNA,mKalama1,3.0
6073,1518.25,topo,topoI,0.25
6073,1518.25,topo,gyrase,0.25
6073,1518.25,RNAP,RNAP,1.0
6073,1518.25,mRNA,tetA,20.0
6073,1518.25,mRNA,Raspberry,2.0
6073,1518.25,mRNA,mKalama1,3.0
6074,1518.5,topo,topoI,0.25
6074,1518.5,topo,gyrase,0.25
6074,1518.5,RNAP,RNAP,1.0
6074,1518.5,mRNA,tetA,20.0
6074,1518.5,mRNA,Raspberry,2.0
6074,1518.5,mRNA,mKalama1,3.0
6075,1518.75,topo,topoI,0.25
6075,1518.75,topo,gyrase,0.25
6075,1518.75,RNAP,RNAP,1.0
6075,1518.75,mRNA,tetA,20.0
6075,1518.75,mRNA,Raspberry,2.0
6075,1518.75,mRNA,mKalama1,3.0
6076,1519.0,topo,topoI,0.25
6076,1519.0,topo,gyrase,0.25
6076,1519.0,RNAP,RNAP,1.0
6076,1519.0,mRNA,tetA,20.0
6076,1519.0,mRNA,Raspberry,2.0
6076,1519.0,mRNA,mKalama1,3.0
6077,1519.25,topo,topoI,0.25
6077,1519.25,topo,gyrase,0.25
6077,1519.25,RNAP,RNAP,1.0
6077,1519.25,mRNA,tetA,20.0
6077,1519.25,mRNA,Raspberry,2.0
6077,1519.25,mRNA,mKalama1,3.0
6078,1519.5,topo,topoI,0.25
6078,1519.5,topo,gyrase,0.25
6078,1519.5,RNAP,RNAP,1.0
6078,1519.5,mRNA,tetA,20.0
6078,1519.5,mRNA,Raspberry,2.0
6078,1519.5,mRNA,mKalama1,3.0
6079,1519.75,topo,topoI,0.25
6079,1519.75,topo,gyrase,0.25
6079,1519.75,RNAP,RNAP,1.0
6079,1519.75,mRNA,tetA,20.0
6079,1519.75,mRNA,Raspberry,2.0
6079,1519.75,mRNA,mKalama1,3.0
6080,1520.0,topo,topoI,0.25
6080,1520.0,topo,gyrase,0.25
6080,1520.0,RNAP,RNAP,1.0
6080,1520.0,mRNA,tetA,20.0
6080,1520.0,mRNA,Raspberry,2.0
6080,1520.0,mRNA,mKalama1,3.0
6081,1520.25,topo,topoI,0.25
6081,1520.25,topo,gyrase,0.25
6081,1520.25,RNAP,RNAP,1.0
6081,1520.25,mRNA,tetA,20.0
6081,1520.25,mRNA,Raspberry,2.0
6081,1520.25,mRNA,mKalama1,3.0
6082,1520.5,topo,topoI,0.25
6082,1520.5,topo,gyrase,0.25
6082,1520.5,RNAP,RNAP,1.0
6082,1520.5,mRNA,tetA,20.0
6082,1520.5,mRNA,Raspberry,2.0
6082,1520.5,mRNA,mKalama1,3.0
6083,1520.75,topo,topoI,0.25
6083,1520.75,topo,gyrase,0.25
6083,1520.75,RNAP,RNAP,1.0
6083,1520.75,mRNA,tetA,20.0
6083,1520.75,mRNA,Raspberry,2.0
6083,1520.75,mRNA,mKalama1,3.0
6084,1521.0,topo,topoI,0.25
6084,1521.0,topo,gyrase,0.25
6084,1521.0,RNAP,RNAP,1.0
6084,1521.0,mRNA,tetA,20.0
6084,1521.0,mRNA,Raspberry,2.0
6084,1521.0,mRNA,mKalama1,3.0
6085,1521.25,topo,topoI,0.25
6085,1521.25,topo,gyrase,0.25
6085,1521.25,RNAP,RNAP,1.0
6085,1521.25,mRNA,tetA,20.0
6085,1521.25,mRNA,Raspberry,2.0
6085,1521.25,mRNA,mKalama1,3.0
6086,1521.5,topo,topoI,0.25
6086,1521.5,topo,gyrase,0.25
6086,1521.5,RNAP,RNAP,1.0
6086,1521.5,mRNA,tetA,20.0
6086,1521.5,mRNA,Raspberry,2.0
6086,1521.5,mRNA,mKalama1,3.0
6087,1521.75,topo,topoI,0.25
6087,1521.75,topo,gyrase,0.25
6087,1521.75,RNAP,RNAP,1.0
6087,1521.75,mRNA,tetA,20.0
6087,1521.75,mRNA,Raspberry,2.0
6087,1521.75,mRNA,mKalama1,3.0
6088,1522.0,topo,topoI,0.25
6088,1522.0,topo,gyrase,0.25
6088,1522.0,RNAP,RNAP,1.0
6088,1522.0,mRNA,tetA,20.0
6088,1522.0,mRNA,Raspberry,2.0
6088,1522.0,mRNA,mKalama1,3.0
6089,1522.25,topo,topoI,0.25
6089,1522.25,topo,gyrase,0.25
6089,1522.25,RNAP,RNAP,1.0
6089,1522.25,mRNA,tetA,20.0
6089,1522.25,mRNA,Raspberry,2.0
6089,1522.25,mRNA,mKalama1,3.0
6090,1522.5,topo,topoI,0.25
6090,1522.5,topo,gyrase,0.25
6090,1522.5,RNAP,RNAP,1.0
6090,1522.5,mRNA,tetA,20.0
6090,1522.5,mRNA,Raspberry,2.0
6090,1522.5,mRNA,mKalama1,3.0
6091,1522.75,topo,topoI,0.25
6091,1522.75,topo,gyrase,0.25
6091,1522.75,RNAP,RNAP,1.0
6091,1522.75,mRNA,tetA,20.0
6091,1522.75,mRNA,Raspberry,2.0
6091,1522.75,mRNA,mKalama1,3.0
6092,1523.0,topo,topoI,0.25
6092,1523.0,topo,gyrase,0.25
6092,1523.0,RNAP,RNAP,1.0
6092,1523.0,mRNA,tetA,20.0
6092,1523.0,mRNA,Raspberry,2.0
6092,1523.0,mRNA,mKalama1,3.0
6093,1523.25,topo,topoI,0.25
6093,1523.25,topo,gyrase,0.25
6093,1523.25,RNAP,RNAP,1.0
6093,1523.25,mRNA,tetA,20.0
6093,1523.25,mRNA,Raspberry,2.0
6093,1523.25,mRNA,mKalama1,3.0
6094,1523.5,topo,topoI,0.25
6094,1523.5,topo,gyrase,0.25
6094,1523.5,RNAP,RNAP,1.0
6094,1523.5,mRNA,tetA,20.0
6094,1523.5,mRNA,Raspberry,2.0
6094,1523.5,mRNA,mKalama1,3.0
6095,1523.75,topo,topoI,0.25
6095,1523.75,topo,gyrase,0.25
6095,1523.75,RNAP,RNAP,1.0
6095,1523.75,mRNA,tetA,20.0
6095,1523.75,mRNA,Raspberry,2.0
6095,1523.75,mRNA,mKalama1,3.0
6096,1524.0,topo,topoI,0.25
6096,1524.0,topo,gyrase,0.25
6096,1524.0,RNAP,RNAP,1.0
6096,1524.0,mRNA,tetA,20.0
6096,1524.0,mRNA,Raspberry,2.0
6096,1524.0,mRNA,mKalama1,3.0
6097,1524.25,topo,topoI,0.25
6097,1524.25,topo,gyrase,0.25
6097,1524.25,RNAP,RNAP,1.0
6097,1524.25,mRNA,tetA,20.0
6097,1524.25,mRNA,Raspberry,2.0
6097,1524.25,mRNA,mKalama1,3.0
6098,1524.5,topo,topoI,0.25
6098,1524.5,topo,gyrase,0.25
6098,1524.5,RNAP,RNAP,1.0
6098,1524.5,mRNA,tetA,21.0
6098,1524.5,mRNA,Raspberry,2.0
6098,1524.5,mRNA,mKalama1,3.0
6099,1524.75,topo,topoI,0.25
6099,1524.75,topo,gyrase,0.25
6099,1524.75,RNAP,RNAP,1.0
6099,1524.75,mRNA,tetA,21.0
6099,1524.75,mRNA,Raspberry,2.0
6099,1524.75,mRNA,mKalama1,3.0
6100,1525.0,topo,topoI,0.25
6100,1525.0,topo,gyrase,0.25
6100,1525.0,RNAP,RNAP,1.0
6100,1525.0,mRNA,tetA,21.0
6100,1525.0,mRNA,Raspberry,2.0
6100,1525.0,mRNA,mKalama1,3.0
6101,1525.25,topo,topoI,0.25
6101,1525.25,topo,gyrase,0.25
6101,1525.25,RNAP,RNAP,1.0
6101,1525.25,mRNA,tetA,21.0
6101,1525.25,mRNA,Raspberry,2.0
6101,1525.25,mRNA,mKalama1,3.0
6102,1525.5,topo,topoI,0.25
6102,1525.5,topo,gyrase,0.25
6102,1525.5,RNAP,RNAP,1.0
6102,1525.5,mRNA,tetA,21.0
6102,1525.5,mRNA,Raspberry,2.0
6102,1525.5,mRNA,mKalama1,3.0
6103,1525.75,topo,topoI,0.25
6103,1525.75,topo,gyrase,0.25
6103,1525.75,RNAP,RNAP,1.0
6103,1525.75,mRNA,tetA,21.0
6103,1525.75,mRNA,Raspberry,2.0
6103,1525.75,mRNA,mKalama1,3.0
6104,1526.0,topo,topoI,0.25
6104,1526.0,topo,gyrase,0.25
6104,1526.0,RNAP,RNAP,1.0
6104,1526.0,mRNA,tetA,21.0
6104,1526.0,mRNA,Raspberry,2.0
6104,1526.0,mRNA,mKalama1,3.0
6105,1526.25,topo,topoI,0.25
6105,1526.25,topo,gyrase,0.25
6105,1526.25,RNAP,RNAP,1.0
6105,1526.25,mRNA,tetA,21.0
6105,1526.25,mRNA,Raspberry,2.0
6105,1526.25,mRNA,mKalama1,3.0
6106,1526.5,topo,topoI,0.25
6106,1526.5,topo,gyrase,0.25
6106,1526.5,RNAP,RNAP,1.0
6106,1526.5,mRNA,tetA,21.0
6106,1526.5,mRNA,Raspberry,2.0
6106,1526.5,mRNA,mKalama1,3.0
6107,1526.75,topo,topoI,0.25
6107,1526.75,topo,gyrase,0.25
6107,1526.75,RNAP,RNAP,1.0
6107,1526.75,mRNA,tetA,21.0
6107,1526.75,mRNA,Raspberry,2.0
6107,1526.75,mRNA,mKalama1,3.0
6108,1527.0,topo,topoI,0.25
6108,1527.0,topo,gyrase,0.25
6108,1527.0,RNAP,RNAP,1.0
6108,1527.0,mRNA,tetA,21.0
6108,1527.0,mRNA,Raspberry,2.0
6108,1527.0,mRNA,mKalama1,3.0
6109,1527.25,topo,topoI,0.25
6109,1527.25,topo,gyrase,0.25
6109,1527.25,RNAP,RNAP,1.0
6109,1527.25,mRNA,tetA,21.0
6109,1527.25,mRNA,Raspberry,2.0
6109,1527.25,mRNA,mKalama1,3.0
6110,1527.5,topo,topoI,0.25
6110,1527.5,topo,gyrase,0.25
6110,1527.5,RNAP,RNAP,1.0
6110,1527.5,mRNA,tetA,21.0
6110,1527.5,mRNA,Raspberry,2.0
6110,1527.5,mRNA,mKalama1,3.0
6111,1527.75,topo,topoI,0.25
6111,1527.75,topo,gyrase,0.25
6111,1527.75,RNAP,RNAP,1.0
6111,1527.75,mRNA,tetA,21.0
6111,1527.75,mRNA,Raspberry,2.0
6111,1527.75,mRNA,mKalama1,3.0
6112,1528.0,topo,topoI,0.25
6112,1528.0,topo,gyrase,0.25
6112,1528.0,RNAP,RNAP,1.0
6112,1528.0,mRNA,tetA,21.0
6112,1528.0,mRNA,Raspberry,2.0
6112,1528.0,mRNA,mKalama1,3.0
6113,1528.25,topo,topoI,0.25
6113,1528.25,topo,gyrase,0.25
6113,1528.25,RNAP,RNAP,1.0
6113,1528.25,mRNA,tetA,21.0
6113,1528.25,mRNA,Raspberry,2.0
6113,1528.25,mRNA,mKalama1,3.0
6114,1528.5,topo,topoI,0.25
6114,1528.5,topo,gyrase,0.25
6114,1528.5,RNAP,RNAP,1.0
6114,1528.5,mRNA,tetA,21.0
6114,1528.5,mRNA,Raspberry,2.0
6114,1528.5,mRNA,mKalama1,3.0
6115,1528.75,topo,topoI,0.25
6115,1528.75,topo,gyrase,0.25
6115,1528.75,RNAP,RNAP,1.0
6115,1528.75,mRNA,tetA,21.0
6115,1528.75,mRNA,Raspberry,2.0
6115,1528.75,mRNA,mKalama1,3.0
6116,1529.0,topo,topoI,0.25
6116,1529.0,topo,gyrase,0.25
6116,1529.0,RNAP,RNAP,1.0
6116,1529.0,mRNA,tetA,21.0
6116,1529.0,mRNA,Raspberry,2.0
6116,1529.0,mRNA,mKalama1,3.0
6117,1529.25,topo,topoI,0.25
6117,1529.25,topo,gyrase,0.25
6117,1529.25,RNAP,RNAP,1.0
6117,1529.25,mRNA,tetA,21.0
6117,1529.25,mRNA,Raspberry,2.0
6117,1529.25,mRNA,mKalama1,3.0
6118,1529.5,topo,topoI,0.25
6118,1529.5,topo,gyrase,0.25
6118,1529.5,RNAP,RNAP,1.0
6118,1529.5,mRNA,tetA,21.0
6118,1529.5,mRNA,Raspberry,2.0
6118,1529.5,mRNA,mKalama1,3.0
6119,1529.75,topo,topoI,0.25
6119,1529.75,topo,gyrase,0.25
6119,1529.75,RNAP,RNAP,1.0
6119,1529.75,mRNA,tetA,21.0
6119,1529.75,mRNA,Raspberry,2.0
6119,1529.75,mRNA,mKalama1,3.0
6120,1530.0,topo,topoI,0.25
6120,1530.0,topo,gyrase,0.25
6120,1530.0,RNAP,RNAP,1.0
6120,1530.0,mRNA,tetA,21.0
6120,1530.0,mRNA,Raspberry,2.0
6120,1530.0,mRNA,mKalama1,3.0
6121,1530.25,topo,topoI,0.25
6121,1530.25,topo,gyrase,0.25
6121,1530.25,RNAP,RNAP,1.0
6121,1530.25,mRNA,tetA,21.0
6121,1530.25,mRNA,Raspberry,2.0
6121,1530.25,mRNA,mKalama1,3.0
6122,1530.5,topo,topoI,0.25
6122,1530.5,topo,gyrase,0.25
6122,1530.5,RNAP,RNAP,1.0
6122,1530.5,mRNA,tetA,21.0
6122,1530.5,mRNA,Raspberry,2.0
6122,1530.5,mRNA,mKalama1,3.0
6123,1530.75,topo,topoI,0.25
6123,1530.75,topo,gyrase,0.25
6123,1530.75,RNAP,RNAP,1.0
6123,1530.75,mRNA,tetA,21.0
6123,1530.75,mRNA,Raspberry,2.0
6123,1530.75,mRNA,mKalama1,3.0
6124,1531.0,topo,topoI,0.25
6124,1531.0,topo,gyrase,0.25
6124,1531.0,RNAP,RNAP,1.0
6124,1531.0,mRNA,tetA,21.0
6124,1531.0,mRNA,Raspberry,2.0
6124,1531.0,mRNA,mKalama1,3.0
6125,1531.25,topo,topoI,0.25
6125,1531.25,topo,gyrase,0.25
6125,1531.25,RNAP,RNAP,1.0
6125,1531.25,mRNA,tetA,21.0
6125,1531.25,mRNA,Raspberry,2.0
6125,1531.25,mRNA,mKalama1,3.0
6126,1531.5,topo,topoI,0.25
6126,1531.5,topo,gyrase,0.25
6126,1531.5,RNAP,RNAP,1.0
6126,1531.5,mRNA,tetA,21.0
6126,1531.5,mRNA,Raspberry,2.0
6126,1531.5,mRNA,mKalama1,3.0
6127,1531.75,topo,topoI,0.25
6127,1531.75,topo,gyrase,0.25
6127,1531.75,RNAP,RNAP,1.0
6127,1531.75,mRNA,tetA,21.0
6127,1531.75,mRNA,Raspberry,2.0
6127,1531.75,mRNA,mKalama1,3.0
6128,1532.0,topo,topoI,0.25
6128,1532.0,topo,gyrase,0.25
6128,1532.0,RNAP,RNAP,1.0
6128,1532.0,mRNA,tetA,21.0
6128,1532.0,mRNA,Raspberry,2.0
6128,1532.0,mRNA,mKalama1,3.0
6129,1532.25,topo,topoI,0.25
6129,1532.25,topo,gyrase,0.25
6129,1532.25,RNAP,RNAP,1.0
6129,1532.25,mRNA,tetA,21.0
6129,1532.25,mRNA,Raspberry,2.0
6129,1532.25,mRNA,mKalama1,3.0
6130,1532.5,topo,topoI,0.25
6130,1532.5,topo,gyrase,0.25
6130,1532.5,RNAP,RNAP,1.0
6130,1532.5,mRNA,tetA,21.0
6130,1532.5,mRNA,Raspberry,2.0
6130,1532.5,mRNA,mKalama1,3.0
6131,1532.75,topo,topoI,0.25
6131,1532.75,topo,gyrase,0.25
6131,1532.75,RNAP,RNAP,1.0
6131,1532.75,mRNA,tetA,21.0
6131,1532.75,mRNA,Raspberry,2.0
6131,1532.75,mRNA,mKalama1,3.0
6132,1533.0,topo,topoI,0.25
6132,1533.0,topo,gyrase,0.25
6132,1533.0,RNAP,RNAP,1.0
6132,1533.0,mRNA,tetA,21.0
6132,1533.0,mRNA,Raspberry,2.0
6132,1533.0,mRNA,mKalama1,3.0
6133,1533.25,topo,topoI,0.25
6133,1533.25,topo,gyrase,0.25
6133,1533.25,RNAP,RNAP,1.0
6133,1533.25,mRNA,tetA,21.0
6133,1533.25,mRNA,Raspberry,2.0
6133,1533.25,mRNA,mKalama1,3.0
6134,1533.5,topo,topoI,0.25
6134,1533.5,topo,gyrase,0.25
6134,1533.5,RNAP,RNAP,1.0
6134,1533.5,mRNA,tetA,21.0
6134,1533.5,mRNA,Raspberry,2.0
6134,1533.5,mRNA,mKalama1,3.0
6135,1533.75,topo,topoI,0.25
6135,1533.75,topo,gyrase,0.25
6135,1533.75,RNAP,RNAP,1.0
6135,1533.75,mRNA,tetA,21.0
6135,1533.75,mRNA,Raspberry,2.0
6135,1533.75,mRNA,mKalama1,3.0
6136,1534.0,topo,topoI,0.25
6136,1534.0,topo,gyrase,0.25
6136,1534.0,RNAP,RNAP,1.0
6136,1534.0,mRNA,tetA,21.0
6136,1534.0,mRNA,Raspberry,2.0
6136,1534.0,mRNA,mKalama1,3.0
6137,1534.25,topo,topoI,0.25
6137,1534.25,topo,gyrase,0.25
6137,1534.25,RNAP,RNAP,1.0
6137,1534.25,mRNA,tetA,21.0
6137,1534.25,mRNA,Raspberry,2.0
6137,1534.25,mRNA,mKalama1,3.0
6138,1534.5,topo,topoI,0.25
6138,1534.5,topo,gyrase,0.25
6138,1534.5,RNAP,RNAP,1.0
6138,1534.5,mRNA,tetA,21.0
6138,1534.5,mRNA,Raspberry,2.0
6138,1534.5,mRNA,mKalama1,3.0
6139,1534.75,topo,topoI,0.25
6139,1534.75,topo,gyrase,0.25
6139,1534.75,RNAP,RNAP,1.0
6139,1534.75,mRNA,tetA,21.0
6139,1534.75,mRNA,Raspberry,2.0
6139,1534.75,mRNA,mKalama1,3.0
6140,1535.0,topo,topoI,0.25
6140,1535.0,topo,gyrase,0.25
6140,1535.0,RNAP,RNAP,1.0
6140,1535.0,mRNA,tetA,21.0
6140,1535.0,mRNA,Raspberry,2.0
6140,1535.0,mRNA,mKalama1,3.0
6141,1535.25,topo,topoI,0.25
6141,1535.25,topo,gyrase,0.25
6141,1535.25,RNAP,RNAP,1.0
6141,1535.25,mRNA,tetA,21.0
6141,1535.25,mRNA,Raspberry,2.0
6141,1535.25,mRNA,mKalama1,3.0
6142,1535.5,topo,topoI,0.25
6142,1535.5,topo,gyrase,0.25
6142,1535.5,RNAP,RNAP,1.0
6142,1535.5,mRNA,tetA,21.0
6142,1535.5,mRNA,Raspberry,2.0
6142,1535.5,mRNA,mKalama1,3.0
6143,1535.75,topo,topoI,0.25
6143,1535.75,topo,gyrase,0.25
6143,1535.75,RNAP,RNAP,1.0
6143,1535.75,mRNA,tetA,21.0
6143,1535.75,mRNA,Raspberry,2.0
6143,1535.75,mRNA,mKalama1,3.0
6144,1536.0,topo,topoI,0.25
6144,1536.0,topo,gyrase,0.25
6144,1536.0,RNAP,RNAP,1.0
6144,1536.0,mRNA,tetA,21.0
6144,1536.0,mRNA,Raspberry,2.0
6144,1536.0,mRNA,mKalama1,3.0
6145,1536.25,topo,topoI,0.25
6145,1536.25,topo,gyrase,0.25
6145,1536.25,RNAP,RNAP,1.0
6145,1536.25,mRNA,tetA,21.0
6145,1536.25,mRNA,Raspberry,2.0
6145,1536.25,mRNA,mKalama1,3.0
6146,1536.5,topo,topoI,0.25
6146,1536.5,topo,gyrase,0.25
6146,1536.5,RNAP,RNAP,1.0
6146,1536.5,mRNA,tetA,21.0
6146,1536.5,mRNA,Raspberry,2.0
6146,1536.5,mRNA,mKalama1,3.0
6147,1536.75,topo,topoI,0.25
6147,1536.75,topo,gyrase,0.25
6147,1536.75,RNAP,RNAP,1.0
6147,1536.75,mRNA,tetA,21.0
6147,1536.75,mRNA,Raspberry,2.0
6147,1536.75,mRNA,mKalama1,3.0
6148,1537.0,topo,topoI,0.25
6148,1537.0,topo,gyrase,0.25
6148,1537.0,RNAP,RNAP,1.0
6148,1537.0,mRNA,tetA,21.0
6148,1537.0,mRNA,Raspberry,2.0
6148,1537.0,mRNA,mKalama1,3.0
6149,1537.25,topo,topoI,0.25
6149,1537.25,topo,gyrase,0.25
6149,1537.25,RNAP,RNAP,1.0
6149,1537.25,mRNA,tetA,21.0
6149,1537.25,mRNA,Raspberry,2.0
6149,1537.25,mRNA,mKalama1,3.0
6150,1537.5,topo,topoI,0.25
6150,1537.5,topo,gyrase,0.25
6150,1537.5,RNAP,RNAP,1.0
6150,1537.5,mRNA,tetA,21.0
6150,1537.5,mRNA,Raspberry,2.0
6150,1537.5,mRNA,mKalama1,3.0
6151,1537.75,topo,topoI,0.25
6151,1537.75,topo,gyrase,0.25
6151,1537.75,RNAP,RNAP,1.0
6151,1537.75,mRNA,tetA,21.0
6151,1537.75,mRNA,Raspberry,2.0
6151,1537.75,mRNA,mKalama1,3.0
6152,1538.0,topo,topoI,0.25
6152,1538.0,topo,gyrase,0.25
6152,1538.0,RNAP,RNAP,1.0
6152,1538.0,mRNA,tetA,21.0
6152,1538.0,mRNA,Raspberry,2.0
6152,1538.0,mRNA,mKalama1,3.0
6153,1538.25,topo,topoI,0.25
6153,1538.25,topo,gyrase,0.25
6153,1538.25,RNAP,RNAP,1.0
6153,1538.25,mRNA,tetA,21.0
6153,1538.25,mRNA,Raspberry,2.0
6153,1538.25,mRNA,mKalama1,3.0
6154,1538.5,topo,topoI,0.25
6154,1538.5,topo,gyrase,0.25
6154,1538.5,RNAP,RNAP,1.0
6154,1538.5,mRNA,tetA,21.0
6154,1538.5,mRNA,Raspberry,2.0
6154,1538.5,mRNA,mKalama1,3.0
6155,1538.75,topo,topoI,0.25
6155,1538.75,topo,gyrase,0.25
6155,1538.75,RNAP,RNAP,1.0
6155,1538.75,mRNA,tetA,21.0
6155,1538.75,mRNA,Raspberry,2.0
6155,1538.75,mRNA,mKalama1,3.0
6156,1539.0,topo,topoI,0.25
6156,1539.0,topo,gyrase,0.25
6156,1539.0,RNAP,RNAP,1.0
6156,1539.0,mRNA,tetA,21.0
6156,1539.0,mRNA,Raspberry,2.0
6156,1539.0,mRNA,mKalama1,3.0
6157,1539.25,topo,topoI,0.25
6157,1539.25,topo,gyrase,0.25
6157,1539.25,RNAP,RNAP,1.0
6157,1539.25,mRNA,tetA,21.0
6157,1539.25,mRNA,Raspberry,2.0
6157,1539.25,mRNA,mKalama1,3.0
6158,1539.5,topo,topoI,0.25
6158,1539.5,topo,gyrase,0.25
6158,1539.5,RNAP,RNAP,1.0
6158,1539.5,mRNA,tetA,21.0
6158,1539.5,mRNA,Raspberry,2.0
6158,1539.5,mRNA,mKalama1,3.0
6159,1539.75,topo,topoI,0.25
6159,1539.75,topo,gyrase,0.25
6159,1539.75,RNAP,RNAP,1.0
6159,1539.75,mRNA,tetA,21.0
6159,1539.75,mRNA,Raspberry,2.0
6159,1539.75,mRNA,mKalama1,3.0
6160,1540.0,topo,topoI,0.25
6160,1540.0,topo,gyrase,0.25
6160,1540.0,RNAP,RNAP,1.0
6160,1540.0,mRNA,tetA,21.0
6160,1540.0,mRNA,Raspberry,2.0
6160,1540.0,mRNA,mKalama1,3.0
6161,1540.25,topo,topoI,0.25
6161,1540.25,topo,gyrase,0.25
6161,1540.25,RNAP,RNAP,1.0
6161,1540.25,mRNA,tetA,21.0
6161,1540.25,mRNA,Raspberry,2.0
6161,1540.25,mRNA,mKalama1,3.0
6162,1540.5,topo,topoI,0.25
6162,1540.5,topo,gyrase,0.25
6162,1540.5,RNAP,RNAP,1.0
6162,1540.5,mRNA,tetA,21.0
6162,1540.5,mRNA,Raspberry,2.0
6162,1540.5,mRNA,mKalama1,3.0
6163,1540.75,topo,topoI,0.25
6163,1540.75,topo,gyrase,0.25
6163,1540.75,RNAP,RNAP,1.0
6163,1540.75,mRNA,tetA,21.0
6163,1540.75,mRNA,Raspberry,2.0
6163,1540.75,mRNA,mKalama1,3.0
6164,1541.0,topo,topoI,0.25
6164,1541.0,topo,gyrase,0.25
6164,1541.0,RNAP,RNAP,1.0
6164,1541.0,mRNA,tetA,21.0
6164,1541.0,mRNA,Raspberry,2.0
6164,1541.0,mRNA,mKalama1,3.0
6165,1541.25,topo,topoI,0.25
6165,1541.25,topo,gyrase,0.25
6165,1541.25,RNAP,RNAP,1.0
6165,1541.25,mRNA,tetA,21.0
6165,1541.25,mRNA,Raspberry,2.0
6165,1541.25,mRNA,mKalama1,3.0
6166,1541.5,topo,topoI,0.25
6166,1541.5,topo,gyrase,0.25
6166,1541.5,RNAP,RNAP,1.0
6166,1541.5,mRNA,tetA,21.0
6166,1541.5,mRNA,Raspberry,2.0
6166,1541.5,mRNA,mKalama1,3.0
6167,1541.75,topo,topoI,0.25
6167,1541.75,topo,gyrase,0.25
6167,1541.75,RNAP,RNAP,1.0
6167,1541.75,mRNA,tetA,21.0
6167,1541.75,mRNA,Raspberry,2.0
6167,1541.75,mRNA,mKalama1,3.0
6168,1542.0,topo,topoI,0.25
6168,1542.0,topo,gyrase,0.25
6168,1542.0,RNAP,RNAP,1.0
6168,1542.0,mRNA,tetA,21.0
6168,1542.0,mRNA,Raspberry,2.0
6168,1542.0,mRNA,mKalama1,3.0
6169,1542.25,topo,topoI,0.25
6169,1542.25,topo,gyrase,0.25
6169,1542.25,RNAP,RNAP,1.0
6169,1542.25,mRNA,tetA,21.0
6169,1542.25,mRNA,Raspberry,2.0
6169,1542.25,mRNA,mKalama1,3.0
6170,1542.5,topo,topoI,0.25
6170,1542.5,topo,gyrase,0.25
6170,1542.5,RNAP,RNAP,1.0
6170,1542.5,mRNA,tetA,21.0
6170,1542.5,mRNA,Raspberry,2.0
6170,1542.5,mRNA,mKalama1,3.0
6171,1542.75,topo,topoI,0.25
6171,1542.75,topo,gyrase,0.25
6171,1542.75,RNAP,RNAP,1.0
6171,1542.75,mRNA,tetA,21.0
6171,1542.75,mRNA,Raspberry,2.0
6171,1542.75,mRNA,mKalama1,3.0
6172,1543.0,topo,topoI,0.25
6172,1543.0,topo,gyrase,0.25
6172,1543.0,RNAP,RNAP,1.0
6172,1543.0,mRNA,tetA,21.0
6172,1543.0,mRNA,Raspberry,2.0
6172,1543.0,mRNA,mKalama1,3.0
6173,1543.25,topo,topoI,0.25
6173,1543.25,topo,gyrase,0.25
6173,1543.25,RNAP,RNAP,1.0
6173,1543.25,mRNA,tetA,21.0
6173,1543.25,mRNA,Raspberry,2.0
6173,1543.25,mRNA,mKalama1,3.0
6174,1543.5,topo,topoI,0.25
6174,1543.5,topo,gyrase,0.25
6174,1543.5,RNAP,RNAP,1.0
6174,1543.5,mRNA,tetA,21.0
6174,1543.5,mRNA,Raspberry,2.0
6174,1543.5,mRNA,mKalama1,3.0
6175,1543.75,topo,topoI,0.25
6175,1543.75,topo,gyrase,0.25
6175,1543.75,RNAP,RNAP,1.0
6175,1543.75,mRNA,tetA,21.0
6175,1543.75,mRNA,Raspberry,2.0
6175,1543.75,mRNA,mKalama1,3.0
6176,1544.0,topo,topoI,0.25
6176,1544.0,topo,gyrase,0.25
6176,1544.0,RNAP,RNAP,1.0
6176,1544.0,mRNA,tetA,21.0
6176,1544.0,mRNA,Raspberry,2.0
6176,1544.0,mRNA,mKalama1,3.0
6177,1544.25,topo,topoI,0.25
6177,1544.25,topo,gyrase,0.25
6177,1544.25,RNAP,RNAP,1.0
6177,1544.25,mRNA,tetA,21.0
6177,1544.25,mRNA,Raspberry,2.0
6177,1544.25,mRNA,mKalama1,3.0
6178,1544.5,topo,topoI,0.25
6178,1544.5,topo,gyrase,0.25
6178,1544.5,RNAP,RNAP,1.0
6178,1544.5,mRNA,tetA,21.0
6178,1544.5,mRNA,Raspberry,2.0
6178,1544.5,mRNA,mKalama1,3.0
6179,1544.75,topo,topoI,0.25
6179,1544.75,topo,gyrase,0.25
6179,1544.75,RNAP,RNAP,1.0
6179,1544.75,mRNA,tetA,21.0
6179,1544.75,mRNA,Raspberry,2.0
6179,1544.75,mRNA,mKalama1,3.0
6180,1545.0,topo,topoI,0.25
6180,1545.0,topo,gyrase,0.25
6180,1545.0,RNAP,RNAP,1.0
6180,1545.0,mRNA,tetA,21.0
6180,1545.0,mRNA,Raspberry,2.0
6180,1545.0,mRNA,mKalama1,3.0
6181,1545.25,topo,topoI,0.25
6181,1545.25,topo,gyrase,0.25
6181,1545.25,RNAP,RNAP,1.0
6181,1545.25,mRNA,tetA,21.0
6181,1545.25,mRNA,Raspberry,2.0
6181,1545.25,mRNA,mKalama1,3.0
6182,1545.5,topo,topoI,0.25
6182,1545.5,topo,gyrase,0.25
6182,1545.5,RNAP,RNAP,1.0
6182,1545.5,mRNA,tetA,21.0
6182,1545.5,mRNA,Raspberry,2.0
6182,1545.5,mRNA,mKalama1,3.0
6183,1545.75,topo,topoI,0.25
6183,1545.75,topo,gyrase,0.25
6183,1545.75,RNAP,RNAP,1.0
6183,1545.75,mRNA,tetA,21.0
6183,1545.75,mRNA,Raspberry,2.0
6183,1545.75,mRNA,mKalama1,3.0
6184,1546.0,topo,topoI,0.25
6184,1546.0,topo,gyrase,0.25
6184,1546.0,RNAP,RNAP,1.0
6184,1546.0,mRNA,tetA,21.0
6184,1546.0,mRNA,Raspberry,2.0
6184,1546.0,mRNA,mKalama1,3.0
6185,1546.25,topo,topoI,0.25
6185,1546.25,topo,gyrase,0.25
6185,1546.25,RNAP,RNAP,1.0
6185,1546.25,mRNA,tetA,21.0
6185,1546.25,mRNA,Raspberry,2.0
6185,1546.25,mRNA,mKalama1,3.0
6186,1546.5,topo,topoI,0.25
6186,1546.5,topo,gyrase,0.25
6186,1546.5,RNAP,RNAP,1.0
6186,1546.5,mRNA,tetA,21.0
6186,1546.5,mRNA,Raspberry,2.0
6186,1546.5,mRNA,mKalama1,3.0
6187,1546.75,topo,topoI,0.25
6187,1546.75,topo,gyrase,0.25
6187,1546.75,RNAP,RNAP,1.0
6187,1546.75,mRNA,tetA,21.0
6187,1546.75,mRNA,Raspberry,2.0
6187,1546.75,mRNA,mKalama1,3.0
6188,1547.0,topo,topoI,0.25
6188,1547.0,topo,gyrase,0.25
6188,1547.0,RNAP,RNAP,1.0
6188,1547.0,mRNA,tetA,21.0
6188,1547.0,mRNA,Raspberry,2.0
6188,1547.0,mRNA,mKalama1,3.0
6189,1547.25,topo,topoI,0.25
6189,1547.25,topo,gyrase,0.25
6189,1547.25,RNAP,RNAP,1.0
6189,1547.25,mRNA,tetA,21.0
6189,1547.25,mRNA,Raspberry,2.0
6189,1547.25,mRNA,mKalama1,3.0
6190,1547.5,topo,topoI,0.25
6190,1547.5,topo,gyrase,0.25
6190,1547.5,RNAP,RNAP,1.0
6190,1547.5,mRNA,tetA,21.0
6190,1547.5,mRNA,Raspberry,2.0
6190,1547.5,mRNA,mKalama1,3.0
6191,1547.75,topo,topoI,0.25
6191,1547.75,topo,gyrase,0.25
6191,1547.75,RNAP,RNAP,1.0
6191,1547.75,mRNA,tetA,21.0
6191,1547.75,mRNA,Raspberry,2.0
6191,1547.75,mRNA,mKalama1,3.0
6192,1548.0,topo,topoI,0.25
6192,1548.0,topo,gyrase,0.25
6192,1548.0,RNAP,RNAP,1.0
6192,1548.0,mRNA,tetA,21.0
6192,1548.0,mRNA,Raspberry,2.0
6192,1548.0,mRNA,mKalama1,3.0
6193,1548.25,topo,topoI,0.25
6193,1548.25,topo,gyrase,0.25
6193,1548.25,RNAP,RNAP,1.0
6193,1548.25,mRNA,tetA,21.0
6193,1548.25,mRNA,Raspberry,2.0
6193,1548.25,mRNA,mKalama1,3.0
6194,1548.5,topo,topoI,0.25
6194,1548.5,topo,gyrase,0.25
6194,1548.5,RNAP,RNAP,1.0
6194,1548.5,mRNA,tetA,21.0
6194,1548.5,mRNA,Raspberry,2.0
6194,1548.5,mRNA,mKalama1,3.0
6195,1548.75,topo,topoI,0.25
6195,1548.75,topo,gyrase,0.25
6195,1548.75,RNAP,RNAP,1.0
6195,1548.75,mRNA,tetA,21.0
6195,1548.75,mRNA,Raspberry,2.0
6195,1548.75,mRNA,mKalama1,3.0
6196,1549.0,topo,topoI,0.25
6196,1549.0,topo,gyrase,0.25
6196,1549.0,RNAP,RNAP,1.0
6196,1549.0,mRNA,tetA,21.0
6196,1549.0,mRNA,Raspberry,2.0
6196,1549.0,mRNA,mKalama1,3.0
6197,1549.25,topo,topoI,0.25
6197,1549.25,topo,gyrase,0.25
6197,1549.25,RNAP,RNAP,1.0
6197,1549.25,mRNA,tetA,21.0
6197,1549.25,mRNA,Raspberry,2.0
6197,1549.25,mRNA,mKalama1,3.0
6198,1549.5,topo,topoI,0.25
6198,1549.5,topo,gyrase,0.25
6198,1549.5,RNAP,RNAP,1.0
6198,1549.5,mRNA,tetA,21.0
6198,1549.5,mRNA,Raspberry,2.0
6198,1549.5,mRNA,mKalama1,3.0
6199,1549.75,topo,topoI,0.25
6199,1549.75,topo,gyrase,0.25
6199,1549.75,RNAP,RNAP,1.0
6199,1549.75,mRNA,tetA,21.0
6199,1549.75,mRNA,Raspberry,2.0
6199,1549.75,mRNA,mKalama1,3.0
6200,1550.0,topo,topoI,0.25
6200,1550.0,topo,gyrase,0.25
6200,1550.0,RNAP,RNAP,1.0
6200,1550.0,mRNA,tetA,21.0
6200,1550.0,mRNA,Raspberry,2.0
6200,1550.0,mRNA,mKalama1,3.0
6201,1550.25,topo,topoI,0.25
6201,1550.25,topo,gyrase,0.25
6201,1550.25,RNAP,RNAP,1.0
6201,1550.25,mRNA,tetA,21.0
6201,1550.25,mRNA,Raspberry,2.0
6201,1550.25,mRNA,mKalama1,3.0
6202,1550.5,topo,topoI,0.25
6202,1550.5,topo,gyrase,0.25
6202,1550.5,RNAP,RNAP,1.0
6202,1550.5,mRNA,tetA,21.0
6202,1550.5,mRNA,Raspberry,2.0
6202,1550.5,mRNA,mKalama1,3.0
6203,1550.75,topo,topoI,0.25
6203,1550.75,topo,gyrase,0.25
6203,1550.75,RNAP,RNAP,1.0
6203,1550.75,mRNA,tetA,21.0
6203,1550.75,mRNA,Raspberry,2.0
6203,1550.75,mRNA,mKalama1,3.0
6204,1551.0,topo,topoI,0.25
6204,1551.0,topo,gyrase,0.25
6204,1551.0,RNAP,RNAP,1.0
6204,1551.0,mRNA,tetA,21.0
6204,1551.0,mRNA,Raspberry,2.0
6204,1551.0,mRNA,mKalama1,3.0
6205,1551.25,topo,topoI,0.25
6205,1551.25,topo,gyrase,0.25
6205,1551.25,RNAP,RNAP,1.0
6205,1551.25,mRNA,tetA,21.0
6205,1551.25,mRNA,Raspberry,2.0
6205,1551.25,mRNA,mKalama1,3.0
6206,1551.5,topo,topoI,0.25
6206,1551.5,topo,gyrase,0.25
6206,1551.5,RNAP,RNAP,1.0
6206,1551.5,mRNA,tetA,21.0
6206,1551.5,mRNA,Raspberry,2.0
6206,1551.5,mRNA,mKalama1,3.0
6207,1551.75,topo,topoI,0.25
6207,1551.75,topo,gyrase,0.25
6207,1551.75,RNAP,RNAP,1.0
6207,1551.75,mRNA,tetA,21.0
6207,1551.75,mRNA,Raspberry,2.0
6207,1551.75,mRNA,mKalama1,3.0
6208,1552.0,topo,topoI,0.25
6208,1552.0,topo,gyrase,0.25
6208,1552.0,RNAP,RNAP,1.0
6208,1552.0,mRNA,tetA,21.0
6208,1552.0,mRNA,Raspberry,2.0
6208,1552.0,mRNA,mKalama1,3.0
6209,1552.25,topo,topoI,0.25
6209,1552.25,topo,gyrase,0.25
6209,1552.25,RNAP,RNAP,1.0
6209,1552.25,mRNA,tetA,21.0
6209,1552.25,mRNA,Raspberry,2.0
6209,1552.25,mRNA,mKalama1,3.0
6210,1552.5,topo,topoI,0.25
6210,1552.5,topo,gyrase,0.25
6210,1552.5,RNAP,RNAP,1.0
6210,1552.5,mRNA,tetA,21.0
6210,1552.5,mRNA,Raspberry,2.0
6210,1552.5,mRNA,mKalama1,3.0
6211,1552.75,topo,topoI,0.25
6211,1552.75,topo,gyrase,0.25
6211,1552.75,RNAP,RNAP,1.0
6211,1552.75,mRNA,tetA,21.0
6211,1552.75,mRNA,Raspberry,2.0
6211,1552.75,mRNA,mKalama1,3.0
6212,1553.0,topo,topoI,0.25
6212,1553.0,topo,gyrase,0.25
6212,1553.0,RNAP,RNAP,1.0
6212,1553.0,mRNA,tetA,21.0
6212,1553.0,mRNA,Raspberry,2.0
6212,1553.0,mRNA,mKalama1,3.0
6213,1553.25,topo,topoI,0.25
6213,1553.25,topo,gyrase,0.25
6213,1553.25,RNAP,RNAP,1.0
6213,1553.25,mRNA,tetA,21.0
6213,1553.25,mRNA,Raspberry,2.0
6213,1553.25,mRNA,mKalama1,3.0
6214,1553.5,topo,topoI,0.25
6214,1553.5,topo,gyrase,0.25
6214,1553.5,RNAP,RNAP,1.0
6214,1553.5,mRNA,tetA,21.0
6214,1553.5,mRNA,Raspberry,2.0
6214,1553.5,mRNA,mKalama1,3.0
6215,1553.75,topo,topoI,0.25
6215,1553.75,topo,gyrase,0.25
6215,1553.75,RNAP,RNAP,1.0
6215,1553.75,mRNA,tetA,21.0
6215,1553.75,mRNA,Raspberry,2.0
6215,1553.75,mRNA,mKalama1,3.0
6216,1554.0,topo,topoI,0.25
6216,1554.0,topo,gyrase,0.25
6216,1554.0,RNAP,RNAP,1.0
6216,1554.0,mRNA,tetA,21.0
6216,1554.0,mRNA,Raspberry,2.0
6216,1554.0,mRNA,mKalama1,3.0
6217,1554.25,topo,topoI,0.25
6217,1554.25,topo,gyrase,0.25
6217,1554.25,RNAP,RNAP,1.0
6217,1554.25,mRNA,tetA,21.0
6217,1554.25,mRNA,Raspberry,2.0
6217,1554.25,mRNA,mKalama1,3.0
6218,1554.5,topo,topoI,0.25
6218,1554.5,topo,gyrase,0.25
6218,1554.5,RNAP,RNAP,1.0
6218,1554.5,mRNA,tetA,21.0
6218,1554.5,mRNA,Raspberry,2.0
6218,1554.5,mRNA,mKalama1,3.0
6219,1554.75,topo,topoI,0.25
6219,1554.75,topo,gyrase,0.25
6219,1554.75,RNAP,RNAP,1.0
6219,1554.75,mRNA,tetA,21.0
6219,1554.75,mRNA,Raspberry,2.0
6219,1554.75,mRNA,mKalama1,3.0
6220,1555.0,topo,topoI,0.25
6220,1555.0,topo,gyrase,0.25
6220,1555.0,RNAP,RNAP,1.0
6220,1555.0,mRNA,tetA,21.0
6220,1555.0,mRNA,Raspberry,2.0
6220,1555.0,mRNA,mKalama1,3.0
6221,1555.25,topo,topoI,0.25
6221,1555.25,topo,gyrase,0.25
6221,1555.25,RNAP,RNAP,1.0
6221,1555.25,mRNA,tetA,21.0
6221,1555.25,mRNA,Raspberry,2.0
6221,1555.25,mRNA,mKalama1,3.0
6222,1555.5,topo,topoI,0.25
6222,1555.5,topo,gyrase,0.25
6222,1555.5,RNAP,RNAP,1.0
6222,1555.5,mRNA,tetA,21.0
6222,1555.5,mRNA,Raspberry,2.0
6222,1555.5,mRNA,mKalama1,3.0
6223,1555.75,topo,topoI,0.25
6223,1555.75,topo,gyrase,0.25
6223,1555.75,RNAP,RNAP,1.0
6223,1555.75,mRNA,tetA,21.0
6223,1555.75,mRNA,Raspberry,2.0
6223,1555.75,mRNA,mKalama1,3.0
6224,1556.0,topo,topoI,0.25
6224,1556.0,topo,gyrase,0.25
6224,1556.0,RNAP,RNAP,1.0
6224,1556.0,mRNA,tetA,21.0
6224,1556.0,mRNA,Raspberry,2.0
6224,1556.0,mRNA,mKalama1,3.0
6225,1556.25,topo,topoI,0.25
6225,1556.25,topo,gyrase,0.25
6225,1556.25,RNAP,RNAP,1.0
6225,1556.25,mRNA,tetA,21.0
6225,1556.25,mRNA,Raspberry,2.0
6225,1556.25,mRNA,mKalama1,3.0
6226,1556.5,topo,topoI,0.25
6226,1556.5,topo,gyrase,0.25
6226,1556.5,RNAP,RNAP,1.0
6226,1556.5,mRNA,tetA,21.0
6226,1556.5,mRNA,Raspberry,2.0
6226,1556.5,mRNA,mKalama1,3.0
6227,1556.75,topo,topoI,0.25
6227,1556.75,topo,gyrase,0.25
6227,1556.75,RNAP,RNAP,1.0
6227,1556.75,mRNA,tetA,21.0
6227,1556.75,mRNA,Raspberry,2.0
6227,1556.75,mRNA,mKalama1,3.0
6228,1557.0,topo,topoI,0.25
6228,1557.0,topo,gyrase,0.25
6228,1557.0,RNAP,RNAP,1.0
6228,1557.0,mRNA,tetA,21.0
6228,1557.0,mRNA,Raspberry,2.0
6228,1557.0,mRNA,mKalama1,3.0
6229,1557.25,topo,topoI,0.25
6229,1557.25,topo,gyrase,0.25
6229,1557.25,RNAP,RNAP,1.0
6229,1557.25,mRNA,tetA,21.0
6229,1557.25,mRNA,Raspberry,2.0
6229,1557.25,mRNA,mKalama1,3.0
6230,1557.5,topo,topoI,0.25
6230,1557.5,topo,gyrase,0.25
6230,1557.5,RNAP,RNAP,1.0
6230,1557.5,mRNA,tetA,21.0
6230,1557.5,mRNA,Raspberry,2.0
6230,1557.5,mRNA,mKalama1,3.0
6231,1557.75,topo,topoI,0.25
6231,1557.75,topo,gyrase,0.25
6231,1557.75,RNAP,RNAP,1.0
6231,1557.75,mRNA,tetA,21.0
6231,1557.75,mRNA,Raspberry,2.0
6231,1557.75,mRNA,mKalama1,3.0
6232,1558.0,topo,topoI,0.25
6232,1558.0,topo,gyrase,0.25
6232,1558.0,RNAP,RNAP,1.0
6232,1558.0,mRNA,tetA,21.0
6232,1558.0,mRNA,Raspberry,2.0
6232,1558.0,mRNA,mKalama1,3.0
6233,1558.25,topo,topoI,0.25
6233,1558.25,topo,gyrase,0.25
6233,1558.25,RNAP,RNAP,1.0
6233,1558.25,mRNA,tetA,21.0
6233,1558.25,mRNA,Raspberry,2.0
6233,1558.25,mRNA,mKalama1,3.0
6234,1558.5,topo,topoI,0.25
6234,1558.5,topo,gyrase,0.25
6234,1558.5,RNAP,RNAP,1.0
6234,1558.5,mRNA,tetA,21.0
6234,1558.5,mRNA,Raspberry,2.0
6234,1558.5,mRNA,mKalama1,3.0
6235,1558.75,topo,topoI,0.25
6235,1558.75,topo,gyrase,0.25
6235,1558.75,RNAP,RNAP,1.0
6235,1558.75,mRNA,tetA,21.0
6235,1558.75,mRNA,Raspberry,2.0
6235,1558.75,mRNA,mKalama1,3.0
6236,1559.0,topo,topoI,0.25
6236,1559.0,topo,gyrase,0.25
6236,1559.0,RNAP,RNAP,1.0
6236,1559.0,mRNA,tetA,21.0
6236,1559.0,mRNA,Raspberry,2.0
6236,1559.0,mRNA,mKalama1,3.0
6237,1559.25,topo,topoI,0.25
6237,1559.25,topo,gyrase,0.25
6237,1559.25,RNAP,RNAP,1.0
6237,1559.25,mRNA,tetA,21.0
6237,1559.25,mRNA,Raspberry,2.0
6237,1559.25,mRNA,mKalama1,3.0
6238,1559.5,topo,topoI,0.25
6238,1559.5,topo,gyrase,0.25
6238,1559.5,RNAP,RNAP,1.0
6238,1559.5,mRNA,tetA,21.0
6238,1559.5,mRNA,Raspberry,2.0
6238,1559.5,mRNA,mKalama1,3.0
6239,1559.75,topo,topoI,0.25
6239,1559.75,topo,gyrase,0.25
6239,1559.75,RNAP,RNAP,1.0
6239,1559.75,mRNA,tetA,21.0
6239,1559.75,mRNA,Raspberry,2.0
6239,1559.75,mRNA,mKalama1,3.0
6240,1560.0,topo,topoI,0.25
6240,1560.0,topo,gyrase,0.25
6240,1560.0,RNAP,RNAP,1.0
6240,1560.0,mRNA,tetA,21.0
6240,1560.0,mRNA,Raspberry,2.0
6240,1560.0,mRNA,mKalama1,3.0
6241,1560.25,topo,topoI,0.25
6241,1560.25,topo,gyrase,0.25
6241,1560.25,RNAP,RNAP,1.0
6241,1560.25,mRNA,tetA,21.0
6241,1560.25,mRNA,Raspberry,2.0
6241,1560.25,mRNA,mKalama1,3.0
6242,1560.5,topo,topoI,0.25
6242,1560.5,topo,gyrase,0.25
6242,1560.5,RNAP,RNAP,1.0
6242,1560.5,mRNA,tetA,21.0
6242,1560.5,mRNA,Raspberry,2.0
6242,1560.5,mRNA,mKalama1,3.0
6243,1560.75,topo,topoI,0.25
6243,1560.75,topo,gyrase,0.25
6243,1560.75,RNAP,RNAP,1.0
6243,1560.75,mRNA,tetA,21.0
6243,1560.75,mRNA,Raspberry,2.0
6243,1560.75,mRNA,mKalama1,3.0
6244,1561.0,topo,topoI,0.25
6244,1561.0,topo,gyrase,0.25
6244,1561.0,RNAP,RNAP,1.0
6244,1561.0,mRNA,tetA,21.0
6244,1561.0,mRNA,Raspberry,2.0
6244,1561.0,mRNA,mKalama1,3.0
6245,1561.25,topo,topoI,0.25
6245,1561.25,topo,gyrase,0.25
6245,1561.25,RNAP,RNAP,1.0
6245,1561.25,mRNA,tetA,21.0
6245,1561.25,mRNA,Raspberry,2.0
6245,1561.25,mRNA,mKalama1,3.0
6246,1561.5,topo,topoI,0.25
6246,1561.5,topo,gyrase,0.25
6246,1561.5,RNAP,RNAP,1.0
6246,1561.5,mRNA,tetA,21.0
6246,1561.5,mRNA,Raspberry,2.0
6246,1561.5,mRNA,mKalama1,3.0
6247,1561.75,topo,topoI,0.25
6247,1561.75,topo,gyrase,0.25
6247,1561.75,RNAP,RNAP,1.0
6247,1561.75,mRNA,tetA,21.0
6247,1561.75,mRNA,Raspberry,2.0
6247,1561.75,mRNA,mKalama1,3.0
6248,1562.0,topo,topoI,0.25
6248,1562.0,topo,gyrase,0.25
6248,1562.0,RNAP,RNAP,1.0
6248,1562.0,mRNA,tetA,21.0
6248,1562.0,mRNA,Raspberry,2.0
6248,1562.0,mRNA,mKalama1,3.0
6249,1562.25,topo,topoI,0.25
6249,1562.25,topo,gyrase,0.25
6249,1562.25,RNAP,RNAP,1.0
6249,1562.25,mRNA,tetA,21.0
6249,1562.25,mRNA,Raspberry,2.0
6249,1562.25,mRNA,mKalama1,3.0
6250,1562.5,topo,topoI,0.25
6250,1562.5,topo,gyrase,0.25
6250,1562.5,RNAP,RNAP,1.0
6250,1562.5,mRNA,tetA,21.0
6250,1562.5,mRNA,Raspberry,2.0
6250,1562.5,mRNA,mKalama1,3.0
6251,1562.75,topo,topoI,0.25
6251,1562.75,topo,gyrase,0.25
6251,1562.75,RNAP,RNAP,1.0
6251,1562.75,mRNA,tetA,21.0
6251,1562.75,mRNA,Raspberry,2.0
6251,1562.75,mRNA,mKalama1,3.0
6252,1563.0,topo,topoI,0.25
6252,1563.0,topo,gyrase,0.25
6252,1563.0,RNAP,RNAP,1.0
6252,1563.0,mRNA,tetA,21.0
6252,1563.0,mRNA,Raspberry,2.0
6252,1563.0,mRNA,mKalama1,3.0
6253,1563.25,topo,topoI,0.25
6253,1563.25,topo,gyrase,0.25
6253,1563.25,RNAP,RNAP,1.0
6253,1563.25,mRNA,tetA,21.0
6253,1563.25,mRNA,Raspberry,2.0
6253,1563.25,mRNA,mKalama1,3.0
6254,1563.5,topo,topoI,0.25
6254,1563.5,topo,gyrase,0.25
6254,1563.5,RNAP,RNAP,1.0
6254,1563.5,mRNA,tetA,21.0
6254,1563.5,mRNA,Raspberry,2.0
6254,1563.5,mRNA,mKalama1,3.0
6255,1563.75,topo,topoI,0.25
6255,1563.75,topo,gyrase,0.25
6255,1563.75,RNAP,RNAP,1.0
6255,1563.75,mRNA,tetA,21.0
6255,1563.75,mRNA,Raspberry,2.0
6255,1563.75,mRNA,mKalama1,3.0
6256,1564.0,topo,topoI,0.25
6256,1564.0,topo,gyrase,0.25
6256,1564.0,RNAP,RNAP,1.0
6256,1564.0,mRNA,tetA,21.0
6256,1564.0,mRNA,Raspberry,2.0
6256,1564.0,mRNA,mKalama1,3.0
6257,1564.25,topo,topoI,0.25
6257,1564.25,topo,gyrase,0.25
6257,1564.25,RNAP,RNAP,1.0
6257,1564.25,mRNA,tetA,21.0
6257,1564.25,mRNA,Raspberry,2.0
6257,1564.25,mRNA,mKalama1,3.0
6258,1564.5,topo,topoI,0.25
6258,1564.5,topo,gyrase,0.25
6258,1564.5,RNAP,RNAP,1.0
6258,1564.5,mRNA,tetA,21.0
6258,1564.5,mRNA,Raspberry,2.0
6258,1564.5,mRNA,mKalama1,3.0
6259,1564.75,topo,topoI,0.25
6259,1564.75,topo,gyrase,0.25
6259,1564.75,RNAP,RNAP,1.0
6259,1564.75,mRNA,tetA,21.0
6259,1564.75,mRNA,Raspberry,2.0
6259,1564.75,mRNA,mKalama1,3.0
6260,1565.0,topo,topoI,0.25
6260,1565.0,topo,gyrase,0.25
6260,1565.0,RNAP,RNAP,1.0
6260,1565.0,mRNA,tetA,21.0
6260,1565.0,mRNA,Raspberry,2.0
6260,1565.0,mRNA,mKalama1,3.0
6261,1565.25,topo,topoI,0.25
6261,1565.25,topo,gyrase,0.25
6261,1565.25,RNAP,RNAP,1.0
6261,1565.25,mRNA,tetA,21.0
6261,1565.25,mRNA,Raspberry,2.0
6261,1565.25,mRNA,mKalama1,3.0
6262,1565.5,topo,topoI,0.25
6262,1565.5,topo,gyrase,0.25
6262,1565.5,RNAP,RNAP,1.0
6262,1565.5,mRNA,tetA,21.0
6262,1565.5,mRNA,Raspberry,2.0
6262,1565.5,mRNA,mKalama1,3.0
6263,1565.75,topo,topoI,0.25
6263,1565.75,topo,gyrase,0.25
6263,1565.75,RNAP,RNAP,1.0
6263,1565.75,mRNA,tetA,21.0
6263,1565.75,mRNA,Raspberry,2.0
6263,1565.75,mRNA,mKalama1,3.0
6264,1566.0,topo,topoI,0.25
6264,1566.0,topo,gyrase,0.25
6264,1566.0,RNAP,RNAP,1.0
6264,1566.0,mRNA,tetA,21.0
6264,1566.0,mRNA,Raspberry,2.0
6264,1566.0,mRNA,mKalama1,3.0
6265,1566.25,topo,topoI,0.25
6265,1566.25,topo,gyrase,0.25
6265,1566.25,RNAP,RNAP,1.0
6265,1566.25,mRNA,tetA,21.0
6265,1566.25,mRNA,Raspberry,2.0
6265,1566.25,mRNA,mKalama1,3.0
6266,1566.5,topo,topoI,0.25
6266,1566.5,topo,gyrase,0.25
6266,1566.5,RNAP,RNAP,1.0
6266,1566.5,mRNA,tetA,21.0
6266,1566.5,mRNA,Raspberry,2.0
6266,1566.5,mRNA,mKalama1,3.0
6267,1566.75,topo,topoI,0.25
6267,1566.75,topo,gyrase,0.25
6267,1566.75,RNAP,RNAP,1.0
6267,1566.75,mRNA,tetA,21.0
6267,1566.75,mRNA,Raspberry,2.0
6267,1566.75,mRNA,mKalama1,3.0
6268,1567.0,topo,topoI,0.25
6268,1567.0,topo,gyrase,0.25
6268,1567.0,RNAP,RNAP,1.0
6268,1567.0,mRNA,tetA,21.0
6268,1567.0,mRNA,Raspberry,2.0
6268,1567.0,mRNA,mKalama1,3.0
6269,1567.25,topo,topoI,0.25
6269,1567.25,topo,gyrase,0.25
6269,1567.25,RNAP,RNAP,1.0
6269,1567.25,mRNA,tetA,21.0
6269,1567.25,mRNA,Raspberry,2.0
6269,1567.25,mRNA,mKalama1,3.0
6270,1567.5,topo,topoI,0.25
6270,1567.5,topo,gyrase,0.25
6270,1567.5,RNAP,RNAP,1.0
6270,1567.5,mRNA,tetA,21.0
6270,1567.5,mRNA,Raspberry,2.0
6270,1567.5,mRNA,mKalama1,3.0
6271,1567.75,topo,topoI,0.25
6271,1567.75,topo,gyrase,0.25
6271,1567.75,RNAP,RNAP,1.0
6271,1567.75,mRNA,tetA,21.0
6271,1567.75,mRNA,Raspberry,2.0
6271,1567.75,mRNA,mKalama1,3.0
6272,1568.0,topo,topoI,0.25
6272,1568.0,topo,gyrase,0.25
6272,1568.0,RNAP,RNAP,1.0
6272,1568.0,mRNA,tetA,21.0
6272,1568.0,mRNA,Raspberry,2.0
6272,1568.0,mRNA,mKalama1,3.0
6273,1568.25,topo,topoI,0.25
6273,1568.25,topo,gyrase,0.25
6273,1568.25,RNAP,RNAP,1.0
6273,1568.25,mRNA,tetA,21.0
6273,1568.25,mRNA,Raspberry,2.0
6273,1568.25,mRNA,mKalama1,3.0
6274,1568.5,topo,topoI,0.25
6274,1568.5,topo,gyrase,0.25
6274,1568.5,RNAP,RNAP,1.0
6274,1568.5,mRNA,tetA,21.0
6274,1568.5,mRNA,Raspberry,2.0
6274,1568.5,mRNA,mKalama1,3.0
6275,1568.75,topo,topoI,0.25
6275,1568.75,topo,gyrase,0.25
6275,1568.75,RNAP,RNAP,1.0
6275,1568.75,mRNA,tetA,21.0
6275,1568.75,mRNA,Raspberry,2.0
6275,1568.75,mRNA,mKalama1,3.0
6276,1569.0,topo,topoI,0.25
6276,1569.0,topo,gyrase,0.25
6276,1569.0,RNAP,RNAP,1.0
6276,1569.0,mRNA,tetA,21.0
6276,1569.0,mRNA,Raspberry,2.0
6276,1569.0,mRNA,mKalama1,3.0
6277,1569.25,topo,topoI,0.25
6277,1569.25,topo,gyrase,0.25
6277,1569.25,RNAP,RNAP,1.0
6277,1569.25,mRNA,tetA,21.0
6277,1569.25,mRNA,Raspberry,2.0
6277,1569.25,mRNA,mKalama1,3.0
6278,1569.5,topo,topoI,0.25
6278,1569.5,topo,gyrase,0.25
6278,1569.5,RNAP,RNAP,1.0
6278,1569.5,mRNA,tetA,21.0
6278,1569.5,mRNA,Raspberry,2.0
6278,1569.5,mRNA,mKalama1,3.0
6279,1569.75,topo,topoI,0.25
6279,1569.75,topo,gyrase,0.25
6279,1569.75,RNAP,RNAP,1.0
6279,1569.75,mRNA,tetA,21.0
6279,1569.75,mRNA,Raspberry,2.0
6279,1569.75,mRNA,mKalama1,3.0
6280,1570.0,topo,topoI,0.25
6280,1570.0,topo,gyrase,0.25
6280,1570.0,RNAP,RNAP,1.0
6280,1570.0,mRNA,tetA,21.0
6280,1570.0,mRNA,Raspberry,2.0
6280,1570.0,mRNA,mKalama1,3.0
6281,1570.25,topo,topoI,0.25
6281,1570.25,topo,gyrase,0.25
6281,1570.25,RNAP,RNAP,1.0
6281,1570.25,mRNA,tetA,21.0
6281,1570.25,mRNA,Raspberry,2.0
6281,1570.25,mRNA,mKalama1,3.0
6282,1570.5,topo,topoI,0.25
6282,1570.5,topo,gyrase,0.25
6282,1570.5,RNAP,RNAP,1.0
6282,1570.5,mRNA,tetA,21.0
6282,1570.5,mRNA,Raspberry,2.0
6282,1570.5,mRNA,mKalama1,3.0
6283,1570.75,topo,topoI,0.25
6283,1570.75,topo,gyrase,0.25
6283,1570.75,RNAP,RNAP,1.0
6283,1570.75,mRNA,tetA,21.0
6283,1570.75,mRNA,Raspberry,2.0
6283,1570.75,mRNA,mKalama1,3.0
6284,1571.0,topo,topoI,0.25
6284,1571.0,topo,gyrase,0.25
6284,1571.0,RNAP,RNAP,1.0
6284,1571.0,mRNA,tetA,21.0
6284,1571.0,mRNA,Raspberry,2.0
6284,1571.0,mRNA,mKalama1,3.0
6285,1571.25,topo,topoI,0.25
6285,1571.25,topo,gyrase,0.25
6285,1571.25,RNAP,RNAP,1.0
6285,1571.25,mRNA,tetA,21.0
6285,1571.25,mRNA,Raspberry,2.0
6285,1571.25,mRNA,mKalama1,3.0
6286,1571.5,topo,topoI,0.25
6286,1571.5,topo,gyrase,0.25
6286,1571.5,RNAP,RNAP,1.0
6286,1571.5,mRNA,tetA,21.0
6286,1571.5,mRNA,Raspberry,2.0
6286,1571.5,mRNA,mKalama1,3.0
6287,1571.75,topo,topoI,0.25
6287,1571.75,topo,gyrase,0.25
6287,1571.75,RNAP,RNAP,1.0
6287,1571.75,mRNA,tetA,21.0
6287,1571.75,mRNA,Raspberry,2.0
6287,1571.75,mRNA,mKalama1,3.0
6288,1572.0,topo,topoI,0.25
6288,1572.0,topo,gyrase,0.25
6288,1572.0,RNAP,RNAP,1.0
6288,1572.0,mRNA,tetA,21.0
6288,1572.0,mRNA,Raspberry,2.0
6288,1572.0,mRNA,mKalama1,3.0
6289,1572.25,topo,topoI,0.25
6289,1572.25,topo,gyrase,0.25
6289,1572.25,RNAP,RNAP,1.0
6289,1572.25,mRNA,tetA,21.0
6289,1572.25,mRNA,Raspberry,2.0
6289,1572.25,mRNA,mKalama1,3.0
6290,1572.5,topo,topoI,0.25
6290,1572.5,topo,gyrase,0.25
6290,1572.5,RNAP,RNAP,1.0
6290,1572.5,mRNA,tetA,21.0
6290,1572.5,mRNA,Raspberry,2.0
6290,1572.5,mRNA,mKalama1,3.0
6291,1572.75,topo,topoI,0.25
6291,1572.75,topo,gyrase,0.25
6291,1572.75,RNAP,RNAP,1.0
6291,1572.75,mRNA,tetA,21.0
6291,1572.75,mRNA,Raspberry,2.0
6291,1572.75,mRNA,mKalama1,3.0
6292,1573.0,topo,topoI,0.25
6292,1573.0,topo,gyrase,0.25
6292,1573.0,RNAP,RNAP,1.0
6292,1573.0,mRNA,tetA,21.0
6292,1573.0,mRNA,Raspberry,2.0
6292,1573.0,mRNA,mKalama1,3.0
6293,1573.25,topo,topoI,0.25
6293,1573.25,topo,gyrase,0.25
6293,1573.25,RNAP,RNAP,1.0
6293,1573.25,mRNA,tetA,21.0
6293,1573.25,mRNA,Raspberry,2.0
6293,1573.25,mRNA,mKalama1,3.0
6294,1573.5,topo,topoI,0.25
6294,1573.5,topo,gyrase,0.25
6294,1573.5,RNAP,RNAP,1.0
6294,1573.5,mRNA,tetA,21.0
6294,1573.5,mRNA,Raspberry,2.0
6294,1573.5,mRNA,mKalama1,3.0
6295,1573.75,topo,topoI,0.25
6295,1573.75,topo,gyrase,0.25
6295,1573.75,RNAP,RNAP,1.0
6295,1573.75,mRNA,tetA,21.0
6295,1573.75,mRNA,Raspberry,2.0
6295,1573.75,mRNA,mKalama1,3.0
6296,1574.0,topo,topoI,0.25
6296,1574.0,topo,gyrase,0.25
6296,1574.0,RNAP,RNAP,1.0
6296,1574.0,mRNA,tetA,21.0
6296,1574.0,mRNA,Raspberry,2.0
6296,1574.0,mRNA,mKalama1,3.0
6297,1574.25,topo,topoI,0.25
6297,1574.25,topo,gyrase,0.25
6297,1574.25,RNAP,RNAP,1.0
6297,1574.25,mRNA,tetA,21.0
6297,1574.25,mRNA,Raspberry,2.0
6297,1574.25,mRNA,mKalama1,3.0
6298,1574.5,topo,topoI,0.25
6298,1574.5,topo,gyrase,0.25
6298,1574.5,RNAP,RNAP,1.0
6298,1574.5,mRNA,tetA,21.0
6298,1574.5,mRNA,Raspberry,2.0
6298,1574.5,mRNA,mKalama1,3.0
6299,1574.75,topo,topoI,0.25
6299,1574.75,topo,gyrase,0.25
6299,1574.75,RNAP,RNAP,1.0
6299,1574.75,mRNA,tetA,21.0
6299,1574.75,mRNA,Raspberry,2.0
6299,1574.75,mRNA,mKalama1,3.0
6300,1575.0,topo,topoI,0.25
6300,1575.0,topo,gyrase,0.25
6300,1575.0,RNAP,RNAP,1.0
6300,1575.0,mRNA,tetA,21.0
6300,1575.0,mRNA,Raspberry,2.0
6300,1575.0,mRNA,mKalama1,3.0
6301,1575.25,topo,topoI,0.25
6301,1575.25,topo,gyrase,0.25
6301,1575.25,RNAP,RNAP,1.0
6301,1575.25,mRNA,tetA,21.0
6301,1575.25,mRNA,Raspberry,2.0
6301,1575.25,mRNA,mKalama1,3.0
6302,1575.5,topo,topoI,0.25
6302,1575.5,topo,gyrase,0.25
6302,1575.5,RNAP,RNAP,1.0
6302,1575.5,mRNA,tetA,21.0
6302,1575.5,mRNA,Raspberry,2.0
6302,1575.5,mRNA,mKalama1,3.0
6303,1575.75,topo,topoI,0.25
6303,1575.75,topo,gyrase,0.25
6303,1575.75,RNAP,RNAP,1.0
6303,1575.75,mRNA,tetA,21.0
6303,1575.75,mRNA,Raspberry,2.0
6303,1575.75,mRNA,mKalama1,3.0
6304,1576.0,topo,topoI,0.25
6304,1576.0,topo,gyrase,0.25
6304,1576.0,RNAP,RNAP,1.0
6304,1576.0,mRNA,tetA,21.0
6304,1576.0,mRNA,Raspberry,2.0
6304,1576.0,mRNA,mKalama1,3.0
6305,1576.25,topo,topoI,0.25
6305,1576.25,topo,gyrase,0.25
6305,1576.25,RNAP,RNAP,1.0
6305,1576.25,mRNA,tetA,21.0
6305,1576.25,mRNA,Raspberry,2.0
6305,1576.25,mRNA,mKalama1,3.0
6306,1576.5,topo,topoI,0.25
6306,1576.5,topo,gyrase,0.25
6306,1576.5,RNAP,RNAP,1.0
6306,1576.5,mRNA,tetA,21.0
6306,1576.5,mRNA,Raspberry,2.0
6306,1576.5,mRNA,mKalama1,3.0
6307,1576.75,topo,topoI,0.25
6307,1576.75,topo,gyrase,0.25
6307,1576.75,RNAP,RNAP,1.0
6307,1576.75,mRNA,tetA,21.0
6307,1576.75,mRNA,Raspberry,2.0
6307,1576.75,mRNA,mKalama1,3.0
6308,1577.0,topo,topoI,0.25
6308,1577.0,topo,gyrase,0.25
6308,1577.0,RNAP,RNAP,1.0
6308,1577.0,mRNA,tetA,21.0
6308,1577.0,mRNA,Raspberry,2.0
6308,1577.0,mRNA,mKalama1,3.0
6309,1577.25,topo,topoI,0.25
6309,1577.25,topo,gyrase,0.25
6309,1577.25,RNAP,RNAP,1.0
6309,1577.25,mRNA,tetA,21.0
6309,1577.25,mRNA,Raspberry,2.0
6309,1577.25,mRNA,mKalama1,3.0
6310,1577.5,topo,topoI,0.25
6310,1577.5,topo,gyrase,0.25
6310,1577.5,RNAP,RNAP,1.0
6310,1577.5,mRNA,tetA,21.0
6310,1577.5,mRNA,Raspberry,2.0
6310,1577.5,mRNA,mKalama1,3.0
6311,1577.75,topo,topoI,0.25
6311,1577.75,topo,gyrase,0.25
6311,1577.75,RNAP,RNAP,1.0
6311,1577.75,mRNA,tetA,21.0
6311,1577.75,mRNA,Raspberry,2.0
6311,1577.75,mRNA,mKalama1,3.0
6312,1578.0,topo,topoI,0.25
6312,1578.0,topo,gyrase,0.25
6312,1578.0,RNAP,RNAP,1.0
6312,1578.0,mRNA,tetA,21.0
6312,1578.0,mRNA,Raspberry,2.0
6312,1578.0,mRNA,mKalama1,3.0
6313,1578.25,topo,topoI,0.25
6313,1578.25,topo,gyrase,0.25
6313,1578.25,RNAP,RNAP,1.0
6313,1578.25,mRNA,tetA,21.0
6313,1578.25,mRNA,Raspberry,2.0
6313,1578.25,mRNA,mKalama1,3.0
6314,1578.5,topo,topoI,0.25
6314,1578.5,topo,gyrase,0.25
6314,1578.5,RNAP,RNAP,1.0
6314,1578.5,mRNA,tetA,21.0
6314,1578.5,mRNA,Raspberry,2.0
6314,1578.5,mRNA,mKalama1,3.0
6315,1578.75,topo,topoI,0.25
6315,1578.75,topo,gyrase,0.25
6315,1578.75,RNAP,RNAP,1.0
6315,1578.75,mRNA,tetA,21.0
6315,1578.75,mRNA,Raspberry,2.0
6315,1578.75,mRNA,mKalama1,3.0
6316,1579.0,topo,topoI,0.25
6316,1579.0,topo,gyrase,0.25
6316,1579.0,RNAP,RNAP,1.0
6316,1579.0,mRNA,tetA,21.0
6316,1579.0,mRNA,Raspberry,2.0
6316,1579.0,mRNA,mKalama1,3.0
6317,1579.25,topo,topoI,0.25
6317,1579.25,topo,gyrase,0.25
6317,1579.25,RNAP,RNAP,1.0
6317,1579.25,mRNA,tetA,21.0
6317,1579.25,mRNA,Raspberry,2.0
6317,1579.25,mRNA,mKalama1,3.0
6318,1579.5,topo,topoI,0.25
6318,1579.5,topo,gyrase,0.25
6318,1579.5,RNAP,RNAP,1.0
6318,1579.5,mRNA,tetA,21.0
6318,1579.5,mRNA,Raspberry,2.0
6318,1579.5,mRNA,mKalama1,3.0
6319,1579.75,topo,topoI,0.25
6319,1579.75,topo,gyrase,0.25
6319,1579.75,RNAP,RNAP,1.0
6319,1579.75,mRNA,tetA,21.0
6319,1579.75,mRNA,Raspberry,2.0
6319,1579.75,mRNA,mKalama1,3.0
6320,1580.0,topo,topoI,0.25
6320,1580.0,topo,gyrase,0.25
6320,1580.0,RNAP,RNAP,1.0
6320,1580.0,mRNA,tetA,21.0
6320,1580.0,mRNA,Raspberry,2.0
6320,1580.0,mRNA,mKalama1,3.0
6321,1580.25,topo,topoI,0.25
6321,1580.25,topo,gyrase,0.25
6321,1580.25,RNAP,RNAP,1.0
6321,1580.25,mRNA,tetA,21.0
6321,1580.25,mRNA,Raspberry,2.0
6321,1580.25,mRNA,mKalama1,3.0
6322,1580.5,topo,topoI,0.25
6322,1580.5,topo,gyrase,0.25
6322,1580.5,RNAP,RNAP,1.0
6322,1580.5,mRNA,tetA,21.0
6322,1580.5,mRNA,Raspberry,2.0
6322,1580.5,mRNA,mKalama1,3.0
6323,1580.75,topo,topoI,0.25
6323,1580.75,topo,gyrase,0.25
6323,1580.75,RNAP,RNAP,1.0
6323,1580.75,mRNA,tetA,21.0
6323,1580.75,mRNA,Raspberry,2.0
6323,1580.75,mRNA,mKalama1,3.0
6324,1581.0,topo,topoI,0.25
6324,1581.0,topo,gyrase,0.25
6324,1581.0,RNAP,RNAP,1.0
6324,1581.0,mRNA,tetA,21.0
6324,1581.0,mRNA,Raspberry,2.0
6324,1581.0,mRNA,mKalama1,3.0
6325,1581.25,topo,topoI,0.25
6325,1581.25,topo,gyrase,0.25
6325,1581.25,RNAP,RNAP,1.0
6325,1581.25,mRNA,tetA,21.0
6325,1581.25,mRNA,Raspberry,2.0
6325,1581.25,mRNA,mKalama1,3.0
6326,1581.5,topo,topoI,0.25
6326,1581.5,topo,gyrase,0.25
6326,1581.5,RNAP,RNAP,1.0
6326,1581.5,mRNA,tetA,21.0
6326,1581.5,mRNA,Raspberry,2.0
6326,1581.5,mRNA,mKalama1,3.0
6327,1581.75,topo,topoI,0.25
6327,1581.75,topo,gyrase,0.25
6327,1581.75,RNAP,RNAP,1.0
6327,1581.75,mRNA,tetA,21.0
6327,1581.75,mRNA,Raspberry,2.0
6327,1581.75,mRNA,mKalama1,3.0
6328,1582.0,topo,topoI,0.25
6328,1582.0,topo,gyrase,0.25
6328,1582.0,RNAP,RNAP,1.0
6328,1582.0,mRNA,tetA,21.0
6328,1582.0,mRNA,Raspberry,2.0
6328,1582.0,mRNA,mKalama1,3.0
6329,1582.25,topo,topoI,0.25
6329,1582.25,topo,gyrase,0.25
6329,1582.25,RNAP,RNAP,1.0
6329,1582.25,mRNA,tetA,21.0
6329,1582.25,mRNA,Raspberry,2.0
6329,1582.25,mRNA,mKalama1,3.0
6330,1582.5,topo,topoI,0.25
6330,1582.5,topo,gyrase,0.25
6330,1582.5,RNAP,RNAP,1.0
6330,1582.5,mRNA,tetA,21.0
6330,1582.5,mRNA,Raspberry,2.0
6330,1582.5,mRNA,mKalama1,3.0
6331,1582.75,topo,topoI,0.25
6331,1582.75,topo,gyrase,0.25
6331,1582.75,RNAP,RNAP,1.0
6331,1582.75,mRNA,tetA,21.0
6331,1582.75,mRNA,Raspberry,2.0
6331,1582.75,mRNA,mKalama1,3.0
6332,1583.0,topo,topoI,0.25
6332,1583.0,topo,gyrase,0.25
6332,1583.0,RNAP,RNAP,1.0
6332,1583.0,mRNA,tetA,21.0
6332,1583.0,mRNA,Raspberry,2.0
6332,1583.0,mRNA,mKalama1,3.0
6333,1583.25,topo,topoI,0.25
6333,1583.25,topo,gyrase,0.25
6333,1583.25,RNAP,RNAP,1.0
6333,1583.25,mRNA,tetA,21.0
6333,1583.25,mRNA,Raspberry,2.0
6333,1583.25,mRNA,mKalama1,3.0
6334,1583.5,topo,topoI,0.25
6334,1583.5,topo,gyrase,0.25
6334,1583.5,RNAP,RNAP,1.0
6334,1583.5,mRNA,tetA,21.0
6334,1583.5,mRNA,Raspberry,2.0
6334,1583.5,mRNA,mKalama1,3.0
6335,1583.75,topo,topoI,0.25
6335,1583.75,topo,gyrase,0.25
6335,1583.75,RNAP,RNAP,1.0
6335,1583.75,mRNA,tetA,21.0
6335,1583.75,mRNA,Raspberry,2.0
6335,1583.75,mRNA,mKalama1,3.0
6336,1584.0,topo,topoI,0.25
6336,1584.0,topo,gyrase,0.25
6336,1584.0,RNAP,RNAP,1.0
6336,1584.0,mRNA,tetA,21.0
6336,1584.0,mRNA,Raspberry,2.0
6336,1584.0,mRNA,mKalama1,3.0
6337,1584.25,topo,topoI,0.25
6337,1584.25,topo,gyrase,0.25
6337,1584.25,RNAP,RNAP,1.0
6337,1584.25,mRNA,tetA,21.0
6337,1584.25,mRNA,Raspberry,2.0
6337,1584.25,mRNA,mKalama1,3.0
6338,1584.5,topo,topoI,0.25
6338,1584.5,topo,gyrase,0.25
6338,1584.5,RNAP,RNAP,1.0
6338,1584.5,mRNA,tetA,21.0
6338,1584.5,mRNA,Raspberry,2.0
6338,1584.5,mRNA,mKalama1,3.0
6339,1584.75,topo,topoI,0.25
6339,1584.75,topo,gyrase,0.25
6339,1584.75,RNAP,RNAP,1.0
6339,1584.75,mRNA,tetA,21.0
6339,1584.75,mRNA,Raspberry,2.0
6339,1584.75,mRNA,mKalama1,3.0
6340,1585.0,topo,topoI,0.25
6340,1585.0,topo,gyrase,0.25
6340,1585.0,RNAP,RNAP,1.0
6340,1585.0,mRNA,tetA,21.0
6340,1585.0,mRNA,Raspberry,2.0
6340,1585.0,mRNA,mKalama1,3.0
6341,1585.25,topo,topoI,0.25
6341,1585.25,topo,gyrase,0.25
6341,1585.25,RNAP,RNAP,1.0
6341,1585.25,mRNA,tetA,21.0
6341,1585.25,mRNA,Raspberry,2.0
6341,1585.25,mRNA,mKalama1,3.0
6342,1585.5,topo,topoI,0.25
6342,1585.5,topo,gyrase,0.25
6342,1585.5,RNAP,RNAP,1.0
6342,1585.5,mRNA,tetA,21.0
6342,1585.5,mRNA,Raspberry,2.0
6342,1585.5,mRNA,mKalama1,3.0
6343,1585.75,topo,topoI,0.25
6343,1585.75,topo,gyrase,0.25
6343,1585.75,RNAP,RNAP,1.0
6343,1585.75,mRNA,tetA,21.0
6343,1585.75,mRNA,Raspberry,2.0
6343,1585.75,mRNA,mKalama1,3.0
6344,1586.0,topo,topoI,0.25
6344,1586.0,topo,gyrase,0.25
6344,1586.0,RNAP,RNAP,1.0
6344,1586.0,mRNA,tetA,21.0
6344,1586.0,mRNA,Raspberry,2.0
6344,1586.0,mRNA,mKalama1,3.0
6345,1586.25,topo,topoI,0.25
6345,1586.25,topo,gyrase,0.25
6345,1586.25,RNAP,RNAP,1.0
6345,1586.25,mRNA,tetA,21.0
6345,1586.25,mRNA,Raspberry,2.0
6345,1586.25,mRNA,mKalama1,3.0
6346,1586.5,topo,topoI,0.25
6346,1586.5,topo,gyrase,0.25
6346,1586.5,RNAP,RNAP,1.0
6346,1586.5,mRNA,tetA,21.0
6346,1586.5,mRNA,Raspberry,2.0
6346,1586.5,mRNA,mKalama1,3.0
6347,1586.75,topo,topoI,0.25
6347,1586.75,topo,gyrase,0.25
6347,1586.75,RNAP,RNAP,1.0
6347,1586.75,mRNA,tetA,21.0
6347,1586.75,mRNA,Raspberry,2.0
6347,1586.75,mRNA,mKalama1,3.0
6348,1587.0,topo,topoI,0.25
6348,1587.0,topo,gyrase,0.25
6348,1587.0,RNAP,RNAP,1.0
6348,1587.0,mRNA,tetA,21.0
6348,1587.0,mRNA,Raspberry,2.0
6348,1587.0,mRNA,mKalama1,3.0
6349,1587.25,topo,topoI,0.25
6349,1587.25,topo,gyrase,0.25
6349,1587.25,RNAP,RNAP,1.0
6349,1587.25,mRNA,tetA,21.0
6349,1587.25,mRNA,Raspberry,2.0
6349,1587.25,mRNA,mKalama1,3.0
6350,1587.5,topo,topoI,0.25
6350,1587.5,topo,gyrase,0.25
6350,1587.5,RNAP,RNAP,1.0
6350,1587.5,mRNA,tetA,21.0
6350,1587.5,mRNA,Raspberry,2.0
6350,1587.5,mRNA,mKalama1,3.0
6351,1587.75,topo,topoI,0.25
6351,1587.75,topo,gyrase,0.25
6351,1587.75,RNAP,RNAP,1.0
6351,1587.75,mRNA,tetA,21.0
6351,1587.75,mRNA,Raspberry,2.0
6351,1587.75,mRNA,mKalama1,3.0
6352,1588.0,topo,topoI,0.25
6352,1588.0,topo,gyrase,0.25
6352,1588.0,RNAP,RNAP,1.0
6352,1588.0,mRNA,tetA,21.0
6352,1588.0,mRNA,Raspberry,2.0
6352,1588.0,mRNA,mKalama1,3.0
6353,1588.25,topo,topoI,0.25
6353,1588.25,topo,gyrase,0.25
6353,1588.25,RNAP,RNAP,1.0
6353,1588.25,mRNA,tetA,21.0
6353,1588.25,mRNA,Raspberry,2.0
6353,1588.25,mRNA,mKalama1,3.0
6354,1588.5,topo,topoI,0.25
6354,1588.5,topo,gyrase,0.25
6354,1588.5,RNAP,RNAP,1.0
6354,1588.5,mRNA,tetA,21.0
6354,1588.5,mRNA,Raspberry,2.0
6354,1588.5,mRNA,mKalama1,3.0
6355,1588.75,topo,topoI,0.25
6355,1588.75,topo,gyrase,0.25
6355,1588.75,RNAP,RNAP,1.0
6355,1588.75,mRNA,tetA,21.0
6355,1588.75,mRNA,Raspberry,2.0
6355,1588.75,mRNA,mKalama1,3.0
6356,1589.0,topo,topoI,0.25
6356,1589.0,topo,gyrase,0.25
6356,1589.0,RNAP,RNAP,1.0
6356,1589.0,mRNA,tetA,21.0
6356,1589.0,mRNA,Raspberry,2.0
6356,1589.0,mRNA,mKalama1,3.0
6357,1589.25,topo,topoI,0.25
6357,1589.25,topo,gyrase,0.25
6357,1589.25,RNAP,RNAP,1.0
6357,1589.25,mRNA,tetA,21.0
6357,1589.25,mRNA,Raspberry,2.0
6357,1589.25,mRNA,mKalama1,3.0
6358,1589.5,topo,topoI,0.25
6358,1589.5,topo,gyrase,0.25
6358,1589.5,RNAP,RNAP,1.0
6358,1589.5,mRNA,tetA,21.0
6358,1589.5,mRNA,Raspberry,2.0
6358,1589.5,mRNA,mKalama1,3.0
6359,1589.75,topo,topoI,0.25
6359,1589.75,topo,gyrase,0.25
6359,1589.75,RNAP,RNAP,1.0
6359,1589.75,mRNA,tetA,21.0
6359,1589.75,mRNA,Raspberry,2.0
6359,1589.75,mRNA,mKalama1,3.0
6360,1590.0,topo,topoI,0.25
6360,1590.0,topo,gyrase,0.25
6360,1590.0,RNAP,RNAP,1.0
6360,1590.0,mRNA,tetA,21.0
6360,1590.0,mRNA,Raspberry,2.0
6360,1590.0,mRNA,mKalama1,3.0
6361,1590.25,topo,topoI,0.25
6361,1590.25,topo,gyrase,0.25
6361,1590.25,RNAP,RNAP,1.0
6361,1590.25,mRNA,tetA,21.0
6361,1590.25,mRNA,Raspberry,2.0
6361,1590.25,mRNA,mKalama1,3.0
6362,1590.5,topo,topoI,0.25
6362,1590.5,topo,gyrase,0.25
6362,1590.5,RNAP,RNAP,1.0
6362,1590.5,mRNA,tetA,21.0
6362,1590.5,mRNA,Raspberry,2.0
6362,1590.5,mRNA,mKalama1,3.0
6363,1590.75,topo,topoI,0.25
6363,1590.75,topo,gyrase,0.25
6363,1590.75,RNAP,RNAP,1.0
6363,1590.75,mRNA,tetA,21.0
6363,1590.75,mRNA,Raspberry,2.0
6363,1590.75,mRNA,mKalama1,3.0
6364,1591.0,topo,topoI,0.25
6364,1591.0,topo,gyrase,0.25
6364,1591.0,RNAP,RNAP,1.0
6364,1591.0,mRNA,tetA,21.0
6364,1591.0,mRNA,Raspberry,2.0
6364,1591.0,mRNA,mKalama1,3.0
6365,1591.25,topo,topoI,0.25
6365,1591.25,topo,gyrase,0.25
6365,1591.25,RNAP,RNAP,1.0
6365,1591.25,mRNA,tetA,21.0
6365,1591.25,mRNA,Raspberry,2.0
6365,1591.25,mRNA,mKalama1,3.0
6366,1591.5,topo,topoI,0.25
6366,1591.5,topo,gyrase,0.25
6366,1591.5,RNAP,RNAP,1.0
6366,1591.5,mRNA,tetA,21.0
6366,1591.5,mRNA,Raspberry,2.0
6366,1591.5,mRNA,mKalama1,3.0
6367,1591.75,topo,topoI,0.25
6367,1591.75,topo,gyrase,0.25
6367,1591.75,RNAP,RNAP,1.0
6367,1591.75,mRNA,tetA,21.0
6367,1591.75,mRNA,Raspberry,2.0
6367,1591.75,mRNA,mKalama1,3.0
6368,1592.0,topo,topoI,0.25
6368,1592.0,topo,gyrase,0.25
6368,1592.0,RNAP,RNAP,1.0
6368,1592.0,mRNA,tetA,21.0
6368,1592.0,mRNA,Raspberry,2.0
6368,1592.0,mRNA,mKalama1,3.0
6369,1592.25,topo,topoI,0.25
6369,1592.25,topo,gyrase,0.25
6369,1592.25,RNAP,RNAP,1.0
6369,1592.25,mRNA,tetA,21.0
6369,1592.25,mRNA,Raspberry,2.0
6369,1592.25,mRNA,mKalama1,3.0
6370,1592.5,topo,topoI,0.25
6370,1592.5,topo,gyrase,0.25
6370,1592.5,RNAP,RNAP,1.0
6370,1592.5,mRNA,tetA,21.0
6370,1592.5,mRNA,Raspberry,2.0
6370,1592.5,mRNA,mKalama1,3.0
6371,1592.75,topo,topoI,0.25
6371,1592.75,topo,gyrase,0.25
6371,1592.75,RNAP,RNAP,1.0
6371,1592.75,mRNA,tetA,21.0
6371,1592.75,mRNA,Raspberry,2.0
6371,1592.75,mRNA,mKalama1,3.0
6372,1593.0,topo,topoI,0.25
6372,1593.0,topo,gyrase,0.25
6372,1593.0,RNAP,RNAP,1.0
6372,1593.0,mRNA,tetA,21.0
6372,1593.0,mRNA,Raspberry,2.0
6372,1593.0,mRNA,mKalama1,3.0
6373,1593.25,topo,topoI,0.25
6373,1593.25,topo,gyrase,0.25
6373,1593.25,RNAP,RNAP,1.0
6373,1593.25,mRNA,tetA,21.0
6373,1593.25,mRNA,Raspberry,2.0
6373,1593.25,mRNA,mKalama1,3.0
6374,1593.5,topo,topoI,0.25
6374,1593.5,topo,gyrase,0.25
6374,1593.5,RNAP,RNAP,1.0
6374,1593.5,mRNA,tetA,21.0
6374,1593.5,mRNA,Raspberry,2.0
6374,1593.5,mRNA,mKalama1,3.0
6375,1593.75,topo,topoI,0.25
6375,1593.75,topo,gyrase,0.25
6375,1593.75,RNAP,RNAP,1.0
6375,1593.75,mRNA,tetA,21.0
6375,1593.75,mRNA,Raspberry,2.0
6375,1593.75,mRNA,mKalama1,3.0
6376,1594.0,topo,topoI,0.25
6376,1594.0,topo,gyrase,0.25
6376,1594.0,RNAP,RNAP,1.0
6376,1594.0,mRNA,tetA,21.0
6376,1594.0,mRNA,Raspberry,2.0
6376,1594.0,mRNA,mKalama1,3.0
6377,1594.25,topo,topoI,0.25
6377,1594.25,topo,gyrase,0.25
6377,1594.25,RNAP,RNAP,1.0
6377,1594.25,mRNA,tetA,21.0
6377,1594.25,mRNA,Raspberry,2.0
6377,1594.25,mRNA,mKalama1,3.0
6378,1594.5,topo,topoI,0.25
6378,1594.5,topo,gyrase,0.25
6378,1594.5,RNAP,RNAP,1.0
6378,1594.5,mRNA,tetA,21.0
6378,1594.5,mRNA,Raspberry,2.0
6378,1594.5,mRNA,mKalama1,3.0
6379,1594.75,topo,topoI,0.25
6379,1594.75,topo,gyrase,0.25
6379,1594.75,RNAP,RNAP,1.0
6379,1594.75,mRNA,tetA,21.0
6379,1594.75,mRNA,Raspberry,2.0
6379,1594.75,mRNA,mKalama1,3.0
6380,1595.0,topo,topoI,0.25
6380,1595.0,topo,gyrase,0.25
6380,1595.0,RNAP,RNAP,1.0
6380,1595.0,mRNA,tetA,21.0
6380,1595.0,mRNA,Raspberry,2.0
6380,1595.0,mRNA,mKalama1,3.0
6381,1595.25,topo,topoI,0.25
6381,1595.25,topo,gyrase,0.25
6381,1595.25,RNAP,RNAP,1.0
6381,1595.25,mRNA,tetA,21.0
6381,1595.25,mRNA,Raspberry,2.0
6381,1595.25,mRNA,mKalama1,3.0
6382,1595.5,topo,topoI,0.25
6382,1595.5,topo,gyrase,0.25
6382,1595.5,RNAP,RNAP,1.0
6382,1595.5,mRNA,tetA,21.0
6382,1595.5,mRNA,Raspberry,2.0
6382,1595.5,mRNA,mKalama1,3.0
6383,1595.75,topo,topoI,0.25
6383,1595.75,topo,gyrase,0.25
6383,1595.75,RNAP,RNAP,1.0
6383,1595.75,mRNA,tetA,21.0
6383,1595.75,mRNA,Raspberry,2.0
6383,1595.75,mRNA,mKalama1,3.0
6384,1596.0,topo,topoI,0.25
6384,1596.0,topo,gyrase,0.25
6384,1596.0,RNAP,RNAP,1.0
6384,1596.0,mRNA,tetA,21.0
6384,1596.0,mRNA,Raspberry,2.0
6384,1596.0,mRNA,mKalama1,3.0
6385,1596.25,topo,topoI,0.25
6385,1596.25,topo,gyrase,0.25
6385,1596.25,RNAP,RNAP,1.0
6385,1596.25,mRNA,tetA,21.0
6385,1596.25,mRNA,Raspberry,2.0
6385,1596.25,mRNA,mKalama1,3.0
6386,1596.5,topo,topoI,0.25
6386,1596.5,topo,gyrase,0.25
6386,1596.5,RNAP,RNAP,1.0
6386,1596.5,mRNA,tetA,21.0
6386,1596.5,mRNA,Raspberry,2.0
6386,1596.5,mRNA,mKalama1,3.0
6387,1596.75,topo,topoI,0.25
6387,1596.75,topo,gyrase,0.25
6387,1596.75,RNAP,RNAP,1.0
6387,1596.75,mRNA,tetA,21.0
6387,1596.75,mRNA,Raspberry,2.0
6387,1596.75,mRNA,mKalama1,3.0
6388,1597.0,topo,topoI,0.25
6388,1597.0,topo,gyrase,0.25
6388,1597.0,RNAP,RNAP,1.0
6388,1597.0,mRNA,tetA,21.0
6388,1597.0,mRNA,Raspberry,2.0
6388,1597.0,mRNA,mKalama1,3.0
6389,1597.25,topo,topoI,0.25
6389,1597.25,topo,gyrase,0.25
6389,1597.25,RNAP,RNAP,1.0
6389,1597.25,mRNA,tetA,21.0
6389,1597.25,mRNA,Raspberry,2.0
6389,1597.25,mRNA,mKalama1,3.0
6390,1597.5,topo,topoI,0.25
6390,1597.5,topo,gyrase,0.25
6390,1597.5,RNAP,RNAP,1.0
6390,1597.5,mRNA,tetA,21.0
6390,1597.5,mRNA,Raspberry,2.0
6390,1597.5,mRNA,mKalama1,3.0
6391,1597.75,topo,topoI,0.25
6391,1597.75,topo,gyrase,0.25
6391,1597.75,RNAP,RNAP,1.0
6391,1597.75,mRNA,tetA,21.0
6391,1597.75,mRNA,Raspberry,2.0
6391,1597.75,mRNA,mKalama1,3.0
6392,1598.0,topo,topoI,0.25
6392,1598.0,topo,gyrase,0.25
6392,1598.0,RNAP,RNAP,1.0
6392,1598.0,mRNA,tetA,21.0
6392,1598.0,mRNA,Raspberry,2.0
6392,1598.0,mRNA,mKalama1,3.0
6393,1598.25,topo,topoI,0.25
6393,1598.25,topo,gyrase,0.25
6393,1598.25,RNAP,RNAP,1.0
6393,1598.25,mRNA,tetA,21.0
6393,1598.25,mRNA,Raspberry,2.0
6393,1598.25,mRNA,mKalama1,3.0
6394,1598.5,topo,topoI,0.25
6394,1598.5,topo,gyrase,0.25
6394,1598.5,RNAP,RNAP,1.0
6394,1598.5,mRNA,tetA,21.0
6394,1598.5,mRNA,Raspberry,2.0
6394,1598.5,mRNA,mKalama1,3.0
6395,1598.75,topo,topoI,0.25
6395,1598.75,topo,gyrase,0.25
6395,1598.75,RNAP,RNAP,1.0
6395,1598.75,mRNA,tetA,21.0
6395,1598.75,mRNA,Raspberry,2.0
6395,1598.75,mRNA,mKalama1,3.0
6396,1599.0,topo,topoI,0.25
6396,1599.0,topo,gyrase,0.25
6396,1599.0,RNAP,RNAP,1.0
6396,1599.0,mRNA,tetA,21.0
6396,1599.0,mRNA,Raspberry,2.0
6396,1599.0,mRNA,mKalama1,3.0
6397,1599.25,topo,topoI,0.25
6397,1599.25,topo,gyrase,0.25
6397,1599.25,RNAP,RNAP,1.0
6397,1599.25,mRNA,tetA,21.0
6397,1599.25,mRNA,Raspberry,2.0
6397,1599.25,mRNA,mKalama1,3.0
6398,1599.5,topo,topoI,0.25
6398,1599.5,topo,gyrase,0.25
6398,1599.5,RNAP,RNAP,1.0
6398,1599.5,mRNA,tetA,21.0
6398,1599.5,mRNA,Raspberry,2.0
6398,1599.5,mRNA,mKalama1,3.0
6399,1599.75,topo,topoI,0.25
6399,1599.75,topo,gyrase,0.25
6399,1599.75,RNAP,RNAP,1.0
6399,1599.75,mRNA,tetA,21.0
6399,1599.75,mRNA,Raspberry,2.0
6399,1599.75,mRNA,mKalama1,3.0
6400,1600.0,topo,topoI,0.25
6400,1600.0,topo,gyrase,0.25
6400,1600.0,RNAP,RNAP,1.0
6400,1600.0,mRNA,tetA,21.0
6400,1600.0,mRNA,Raspberry,2.0
6400,1600.0,mRNA,mKalama1,3.0
6401,1600.25,topo,topoI,0.25
6401,1600.25,topo,gyrase,0.25
6401,1600.25,RNAP,RNAP,1.0
6401,1600.25,mRNA,tetA,21.0
6401,1600.25,mRNA,Raspberry,2.0
6401,1600.25,mRNA,mKalama1,3.0
6402,1600.5,topo,topoI,0.25
6402,1600.5,topo,gyrase,0.25
6402,1600.5,RNAP,RNAP,1.0
6402,1600.5,mRNA,tetA,21.0
6402,1600.5,mRNA,Raspberry,2.0
6402,1600.5,mRNA,mKalama1,3.0
6403,1600.75,topo,topoI,0.25
6403,1600.75,topo,gyrase,0.25
6403,1600.75,RNAP,RNAP,1.0
6403,1600.75,mRNA,tetA,21.0
6403,1600.75,mRNA,Raspberry,2.0
6403,1600.75,mRNA,mKalama1,3.0
6404,1601.0,topo,topoI,0.25
6404,1601.0,topo,gyrase,0.25
6404,1601.0,RNAP,RNAP,1.0
6404,1601.0,mRNA,tetA,21.0
6404,1601.0,mRNA,Raspberry,2.0
6404,1601.0,mRNA,mKalama1,3.0
6405,1601.25,topo,topoI,0.25
6405,1601.25,topo,gyrase,0.25
6405,1601.25,RNAP,RNAP,1.0
6405,1601.25,mRNA,tetA,21.0
6405,1601.25,mRNA,Raspberry,2.0
6405,1601.25,mRNA,mKalama1,3.0
6406,1601.5,topo,topoI,0.25
6406,1601.5,topo,gyrase,0.25
6406,1601.5,RNAP,RNAP,1.0
6406,1601.5,mRNA,tetA,21.0
6406,1601.5,mRNA,Raspberry,2.0
6406,1601.5,mRNA,mKalama1,3.0
6407,1601.75,topo,topoI,0.25
6407,1601.75,topo,gyrase,0.25
6407,1601.75,RNAP,RNAP,1.0
6407,1601.75,mRNA,tetA,21.0
6407,1601.75,mRNA,Raspberry,2.0
6407,1601.75,mRNA,mKalama1,3.0
6408,1602.0,topo,topoI,0.25
6408,1602.0,topo,gyrase,0.25
6408,1602.0,RNAP,RNAP,1.0
6408,1602.0,mRNA,tetA,21.0
6408,1602.0,mRNA,Raspberry,2.0
6408,1602.0,mRNA,mKalama1,3.0
6409,1602.25,topo,topoI,0.25
6409,1602.25,topo,gyrase,0.25
6409,1602.25,RNAP,RNAP,1.0
6409,1602.25,mRNA,tetA,21.0
6409,1602.25,mRNA,Raspberry,2.0
6409,1602.25,mRNA,mKalama1,3.0
6410,1602.5,topo,topoI,0.25
6410,1602.5,topo,gyrase,0.25
6410,1602.5,RNAP,RNAP,1.0
6410,1602.5,mRNA,tetA,21.0
6410,1602.5,mRNA,Raspberry,2.0
6410,1602.5,mRNA,mKalama1,3.0
6411,1602.75,topo,topoI,0.25
6411,1602.75,topo,gyrase,0.25
6411,1602.75,RNAP,RNAP,1.0
6411,1602.75,mRNA,tetA,21.0
6411,1602.75,mRNA,Raspberry,2.0
6411,1602.75,mRNA,mKalama1,3.0
6412,1603.0,topo,topoI,0.25
6412,1603.0,topo,gyrase,0.25
6412,1603.0,RNAP,RNAP,1.0
6412,1603.0,mRNA,tetA,21.0
6412,1603.0,mRNA,Raspberry,2.0
6412,1603.0,mRNA,mKalama1,3.0
6413,1603.25,topo,topoI,0.25
6413,1603.25,topo,gyrase,0.25
6413,1603.25,RNAP,RNAP,1.0
6413,1603.25,mRNA,tetA,21.0
6413,1603.25,mRNA,Raspberry,2.0
6413,1603.25,mRNA,mKalama1,3.0
6414,1603.5,topo,topoI,0.25
6414,1603.5,topo,gyrase,0.25
6414,1603.5,RNAP,RNAP,1.0
6414,1603.5,mRNA,tetA,21.0
6414,1603.5,mRNA,Raspberry,2.0
6414,1603.5,mRNA,mKalama1,3.0
6415,1603.75,topo,topoI,0.25
6415,1603.75,topo,gyrase,0.25
6415,1603.75,RNAP,RNAP,1.0
6415,1603.75,mRNA,tetA,21.0
6415,1603.75,mRNA,Raspberry,2.0
6415,1603.75,mRNA,mKalama1,3.0
6416,1604.0,topo,topoI,0.25
6416,1604.0,topo,gyrase,0.25
6416,1604.0,RNAP,RNAP,1.0
6416,1604.0,mRNA,tetA,21.0
6416,1604.0,mRNA,Raspberry,2.0
6416,1604.0,mRNA,mKalama1,3.0
6417,1604.25,topo,topoI,0.25
6417,1604.25,topo,gyrase,0.25
6417,1604.25,RNAP,RNAP,1.0
6417,1604.25,mRNA,tetA,21.0
6417,1604.25,mRNA,Raspberry,2.0
6417,1604.25,mRNA,mKalama1,3.0
6418,1604.5,topo,topoI,0.25
6418,1604.5,topo,gyrase,0.25
6418,1604.5,RNAP,RNAP,1.0
6418,1604.5,mRNA,tetA,21.0
6418,1604.5,mRNA,Raspberry,2.0
6418,1604.5,mRNA,mKalama1,3.0
6419,1604.75,topo,topoI,0.25
6419,1604.75,topo,gyrase,0.25
6419,1604.75,RNAP,RNAP,1.0
6419,1604.75,mRNA,tetA,21.0
6419,1604.75,mRNA,Raspberry,2.0
6419,1604.75,mRNA,mKalama1,3.0
6420,1605.0,topo,topoI,0.25
6420,1605.0,topo,gyrase,0.25
6420,1605.0,RNAP,RNAP,1.0
6420,1605.0,mRNA,tetA,21.0
6420,1605.0,mRNA,Raspberry,2.0
6420,1605.0,mRNA,mKalama1,3.0
6421,1605.25,topo,topoI,0.25
6421,1605.25,topo,gyrase,0.25
6421,1605.25,RNAP,RNAP,1.0
6421,1605.25,mRNA,tetA,21.0
6421,1605.25,mRNA,Raspberry,2.0
6421,1605.25,mRNA,mKalama1,3.0
6422,1605.5,topo,topoI,0.25
6422,1605.5,topo,gyrase,0.25
6422,1605.5,RNAP,RNAP,1.0
6422,1605.5,mRNA,tetA,21.0
6422,1605.5,mRNA,Raspberry,2.0
6422,1605.5,mRNA,mKalama1,3.0
6423,1605.75,topo,topoI,0.25
6423,1605.75,topo,gyrase,0.25
6423,1605.75,RNAP,RNAP,1.0
6423,1605.75,mRNA,tetA,21.0
6423,1605.75,mRNA,Raspberry,2.0
6423,1605.75,mRNA,mKalama1,3.0
6424,1606.0,topo,topoI,0.25
6424,1606.0,topo,gyrase,0.25
6424,1606.0,RNAP,RNAP,1.0
6424,1606.0,mRNA,tetA,21.0
6424,1606.0,mRNA,Raspberry,2.0
6424,1606.0,mRNA,mKalama1,3.0
6425,1606.25,topo,topoI,0.25
6425,1606.25,topo,gyrase,0.25
6425,1606.25,RNAP,RNAP,1.0
6425,1606.25,mRNA,tetA,21.0
6425,1606.25,mRNA,Raspberry,2.0
6425,1606.25,mRNA,mKalama1,3.0
6426,1606.5,topo,topoI,0.25
6426,1606.5,topo,gyrase,0.25
6426,1606.5,RNAP,RNAP,1.0
6426,1606.5,mRNA,tetA,21.0
6426,1606.5,mRNA,Raspberry,2.0
6426,1606.5,mRNA,mKalama1,3.0
6427,1606.75,topo,topoI,0.25
6427,1606.75,topo,gyrase,0.25
6427,1606.75,RNAP,RNAP,1.0
6427,1606.75,mRNA,tetA,21.0
6427,1606.75,mRNA,Raspberry,2.0
6427,1606.75,mRNA,mKalama1,3.0
6428,1607.0,topo,topoI,0.25
6428,1607.0,topo,gyrase,0.25
6428,1607.0,RNAP,RNAP,1.0
6428,1607.0,mRNA,tetA,21.0
6428,1607.0,mRNA,Raspberry,2.0
6428,1607.0,mRNA,mKalama1,3.0
6429,1607.25,topo,topoI,0.25
6429,1607.25,topo,gyrase,0.25
6429,1607.25,RNAP,RNAP,1.0
6429,1607.25,mRNA,tetA,21.0
6429,1607.25,mRNA,Raspberry,2.0
6429,1607.25,mRNA,mKalama1,3.0
6430,1607.5,topo,topoI,0.25
6430,1607.5,topo,gyrase,0.25
6430,1607.5,RNAP,RNAP,1.0
6430,1607.5,mRNA,tetA,21.0
6430,1607.5,mRNA,Raspberry,2.0
6430,1607.5,mRNA,mKalama1,3.0
6431,1607.75,topo,topoI,0.25
6431,1607.75,topo,gyrase,0.25
6431,1607.75,RNAP,RNAP,1.0
6431,1607.75,mRNA,tetA,21.0
6431,1607.75,mRNA,Raspberry,2.0
6431,1607.75,mRNA,mKalama1,3.0
6432,1608.0,topo,topoI,0.25
6432,1608.0,topo,gyrase,0.25
6432,1608.0,RNAP,RNAP,1.0
6432,1608.0,mRNA,tetA,21.0
6432,1608.0,mRNA,Raspberry,2.0
6432,1608.0,mRNA,mKalama1,3.0
6433,1608.25,topo,topoI,0.25
6433,1608.25,topo,gyrase,0.25
6433,1608.25,RNAP,RNAP,1.0
6433,1608.25,mRNA,tetA,21.0
6433,1608.25,mRNA,Raspberry,2.0
6433,1608.25,mRNA,mKalama1,3.0
6434,1608.5,topo,topoI,0.25
6434,1608.5,topo,gyrase,0.25
6434,1608.5,RNAP,RNAP,1.0
6434,1608.5,mRNA,tetA,21.0
6434,1608.5,mRNA,Raspberry,2.0
6434,1608.5,mRNA,mKalama1,3.0
6435,1608.75,topo,topoI,0.25
6435,1608.75,topo,gyrase,0.25
6435,1608.75,RNAP,RNAP,1.0
6435,1608.75,mRNA,tetA,21.0
6435,1608.75,mRNA,Raspberry,2.0
6435,1608.75,mRNA,mKalama1,3.0
6436,1609.0,topo,topoI,0.25
6436,1609.0,topo,gyrase,0.25
6436,1609.0,RNAP,RNAP,1.0
6436,1609.0,mRNA,tetA,21.0
6436,1609.0,mRNA,Raspberry,2.0
6436,1609.0,mRNA,mKalama1,3.0
6437,1609.25,topo,topoI,0.25
6437,1609.25,topo,gyrase,0.25
6437,1609.25,RNAP,RNAP,1.0
6437,1609.25,mRNA,tetA,21.0
6437,1609.25,mRNA,Raspberry,2.0
6437,1609.25,mRNA,mKalama1,3.0
6438,1609.5,topo,topoI,0.25
6438,1609.5,topo,gyrase,0.25
6438,1609.5,RNAP,RNAP,1.0
6438,1609.5,mRNA,tetA,21.0
6438,1609.5,mRNA,Raspberry,2.0
6438,1609.5,mRNA,mKalama1,3.0
6439,1609.75,topo,topoI,0.25
6439,1609.75,topo,gyrase,0.25
6439,1609.75,RNAP,RNAP,1.0
6439,1609.75,mRNA,tetA,21.0
6439,1609.75,mRNA,Raspberry,2.0
6439,1609.75,mRNA,mKalama1,3.0
6440,1610.0,topo,topoI,0.25
6440,1610.0,topo,gyrase,0.25
6440,1610.0,RNAP,RNAP,1.0
6440,1610.0,mRNA,tetA,21.0
6440,1610.0,mRNA,Raspberry,2.0
6440,1610.0,mRNA,mKalama1,3.0
6441,1610.25,topo,topoI,0.25
6441,1610.25,topo,gyrase,0.25
6441,1610.25,RNAP,RNAP,1.0
6441,1610.25,mRNA,tetA,21.0
6441,1610.25,mRNA,Raspberry,2.0
6441,1610.25,mRNA,mKalama1,3.0
6442,1610.5,topo,topoI,0.25
6442,1610.5,topo,gyrase,0.25
6442,1610.5,RNAP,RNAP,1.0
6442,1610.5,mRNA,tetA,21.0
6442,1610.5,mRNA,Raspberry,2.0
6442,1610.5,mRNA,mKalama1,3.0
6443,1610.75,topo,topoI,0.25
6443,1610.75,topo,gyrase,0.25
6443,1610.75,RNAP,RNAP,1.0
6443,1610.75,mRNA,tetA,21.0
6443,1610.75,mRNA,Raspberry,2.0
6443,1610.75,mRNA,mKalama1,3.0
6444,1611.0,topo,topoI,0.25
6444,1611.0,topo,gyrase,0.25
6444,1611.0,RNAP,RNAP,1.0
6444,1611.0,mRNA,tetA,21.0
6444,1611.0,mRNA,Raspberry,2.0
6444,1611.0,mRNA,mKalama1,3.0
6445,1611.25,topo,topoI,0.25
6445,1611.25,topo,gyrase,0.25
6445,1611.25,RNAP,RNAP,1.0
6445,1611.25,mRNA,tetA,21.0
6445,1611.25,mRNA,Raspberry,2.0
6445,1611.25,mRNA,mKalama1,3.0
6446,1611.5,topo,topoI,0.25
6446,1611.5,topo,gyrase,0.25
6446,1611.5,RNAP,RNAP,1.0
6446,1611.5,mRNA,tetA,21.0
6446,1611.5,mRNA,Raspberry,2.0
6446,1611.5,mRNA,mKalama1,3.0
6447,1611.75,topo,topoI,0.25
6447,1611.75,topo,gyrase,0.25
6447,1611.75,RNAP,RNAP,1.0
6447,1611.75,mRNA,tetA,22.0
6447,1611.75,mRNA,Raspberry,2.0
6447,1611.75,mRNA,mKalama1,3.0
6448,1612.0,topo,topoI,0.25
6448,1612.0,topo,gyrase,0.25
6448,1612.0,RNAP,RNAP,1.0
6448,1612.0,mRNA,tetA,22.0
6448,1612.0,mRNA,Raspberry,2.0
6448,1612.0,mRNA,mKalama1,3.0
6449,1612.25,topo,topoI,0.25
6449,1612.25,topo,gyrase,0.25
6449,1612.25,RNAP,RNAP,1.0
6449,1612.25,mRNA,tetA,22.0
6449,1612.25,mRNA,Raspberry,2.0
6449,1612.25,mRNA,mKalama1,3.0
6450,1612.5,topo,topoI,0.25
6450,1612.5,topo,gyrase,0.25
6450,1612.5,RNAP,RNAP,1.0
6450,1612.5,mRNA,tetA,22.0
6450,1612.5,mRNA,Raspberry,2.0
6450,1612.5,mRNA,mKalama1,3.0
6451,1612.75,topo,topoI,0.25
6451,1612.75,topo,gyrase,0.25
6451,1612.75,RNAP,RNAP,1.0
6451,1612.75,mRNA,tetA,22.0
6451,1612.75,mRNA,Raspberry,2.0
6451,1612.75,mRNA,mKalama1,3.0
6452,1613.0,topo,topoI,0.25
6452,1613.0,topo,gyrase,0.25
6452,1613.0,RNAP,RNAP,1.0
6452,1613.0,mRNA,tetA,22.0
6452,1613.0,mRNA,Raspberry,2.0
6452,1613.0,mRNA,mKalama1,3.0
6453,1613.25,topo,topoI,0.25
6453,1613.25,topo,gyrase,0.25
6453,1613.25,RNAP,RNAP,1.0
6453,1613.25,mRNA,tetA,22.0
6453,1613.25,mRNA,Raspberry,2.0
6453,1613.25,mRNA,mKalama1,3.0
6454,1613.5,topo,topoI,0.25
6454,1613.5,topo,gyrase,0.25
6454,1613.5,RNAP,RNAP,1.0
6454,1613.5,mRNA,tetA,22.0
6454,1613.5,mRNA,Raspberry,2.0
6454,1613.5,mRNA,mKalama1,3.0
6455,1613.75,topo,topoI,0.25
6455,1613.75,topo,gyrase,0.25
6455,1613.75,RNAP,RNAP,1.0
6455,1613.75,mRNA,tetA,22.0
6455,1613.75,mRNA,Raspberry,2.0
6455,1613.75,mRNA,mKalama1,3.0
6456,1614.0,topo,topoI,0.25
6456,1614.0,topo,gyrase,0.25
6456,1614.0,RNAP,RNAP,1.0
6456,1614.0,mRNA,tetA,22.0
6456,1614.0,mRNA,Raspberry,2.0
6456,1614.0,mRNA,mKalama1,3.0
6457,1614.25,topo,topoI,0.25
6457,1614.25,topo,gyrase,0.25
6457,1614.25,RNAP,RNAP,1.0
6457,1614.25,mRNA,tetA,22.0
6457,1614.25,mRNA,Raspberry,2.0
6457,1614.25,mRNA,mKalama1,3.0
6458,1614.5,topo,topoI,0.25
6458,1614.5,topo,gyrase,0.25
6458,1614.5,RNAP,RNAP,1.0
6458,1614.5,mRNA,tetA,22.0
6458,1614.5,mRNA,Raspberry,2.0
6458,1614.5,mRNA,mKalama1,3.0
6459,1614.75,topo,topoI,0.25
6459,1614.75,topo,gyrase,0.25
6459,1614.75,RNAP,RNAP,1.0
6459,1614.75,mRNA,tetA,22.0
6459,1614.75,mRNA,Raspberry,2.0
6459,1614.75,mRNA,mKalama1,3.0
6460,1615.0,topo,topoI,0.25
6460,1615.0,topo,gyrase,0.25
6460,1615.0,RNAP,RNAP,1.0
6460,1615.0,mRNA,tetA,22.0
6460,1615.0,mRNA,Raspberry,2.0
6460,1615.0,mRNA,mKalama1,3.0
6461,1615.25,topo,topoI,0.25
6461,1615.25,topo,gyrase,0.25
6461,1615.25,RNAP,RNAP,1.0
6461,1615.25,mRNA,tetA,22.0
6461,1615.25,mRNA,Raspberry,2.0
6461,1615.25,mRNA,mKalama1,3.0
6462,1615.5,topo,topoI,0.25
6462,1615.5,topo,gyrase,0.25
6462,1615.5,RNAP,RNAP,1.0
6462,1615.5,mRNA,tetA,22.0
6462,1615.5,mRNA,Raspberry,2.0
6462,1615.5,mRNA,mKalama1,3.0
6463,1615.75,topo,topoI,0.25
6463,1615.75,topo,gyrase,0.25
6463,1615.75,RNAP,RNAP,1.0
6463,1615.75,mRNA,tetA,22.0
6463,1615.75,mRNA,Raspberry,2.0
6463,1615.75,mRNA,mKalama1,3.0
6464,1616.0,topo,topoI,0.25
6464,1616.0,topo,gyrase,0.25
6464,1616.0,RNAP,RNAP,1.0
6464,1616.0,mRNA,tetA,22.0
6464,1616.0,mRNA,Raspberry,2.0
6464,1616.0,mRNA,mKalama1,3.0
6465,1616.25,topo,topoI,0.25
6465,1616.25,topo,gyrase,0.25
6465,1616.25,RNAP,RNAP,1.0
6465,1616.25,mRNA,tetA,22.0
6465,1616.25,mRNA,Raspberry,2.0
6465,1616.25,mRNA,mKalama1,3.0
6466,1616.5,topo,topoI,0.25
6466,1616.5,topo,gyrase,0.25
6466,1616.5,RNAP,RNAP,1.0
6466,1616.5,mRNA,tetA,22.0
6466,1616.5,mRNA,Raspberry,2.0
6466,1616.5,mRNA,mKalama1,3.0
6467,1616.75,topo,topoI,0.25
6467,1616.75,topo,gyrase,0.25
6467,1616.75,RNAP,RNAP,1.0
6467,1616.75,mRNA,tetA,22.0
6467,1616.75,mRNA,Raspberry,2.0
6467,1616.75,mRNA,mKalama1,3.0
6468,1617.0,topo,topoI,0.25
6468,1617.0,topo,gyrase,0.25
6468,1617.0,RNAP,RNAP,1.0
6468,1617.0,mRNA,tetA,22.0
6468,1617.0,mRNA,Raspberry,2.0
6468,1617.0,mRNA,mKalama1,3.0
6469,1617.25,topo,topoI,0.25
6469,1617.25,topo,gyrase,0.25
6469,1617.25,RNAP,RNAP,1.0
6469,1617.25,mRNA,tetA,22.0
6469,1617.25,mRNA,Raspberry,2.0
6469,1617.25,mRNA,mKalama1,3.0
6470,1617.5,topo,topoI,0.25
6470,1617.5,topo,gyrase,0.25
6470,1617.5,RNAP,RNAP,1.0
6470,1617.5,mRNA,tetA,22.0
6470,1617.5,mRNA,Raspberry,2.0
6470,1617.5,mRNA,mKalama1,3.0
6471,1617.75,topo,topoI,0.25
6471,1617.75,topo,gyrase,0.25
6471,1617.75,RNAP,RNAP,1.0
6471,1617.75,mRNA,tetA,22.0
6471,1617.75,mRNA,Raspberry,2.0
6471,1617.75,mRNA,mKalama1,3.0
6472,1618.0,topo,topoI,0.25
6472,1618.0,topo,gyrase,0.25
6472,1618.0,RNAP,RNAP,1.0
6472,1618.0,mRNA,tetA,22.0
6472,1618.0,mRNA,Raspberry,2.0
6472,1618.0,mRNA,mKalama1,3.0
6473,1618.25,topo,topoI,0.25
6473,1618.25,topo,gyrase,0.25
6473,1618.25,RNAP,RNAP,1.0
6473,1618.25,mRNA,tetA,22.0
6473,1618.25,mRNA,Raspberry,2.0
6473,1618.25,mRNA,mKalama1,3.0
6474,1618.5,topo,topoI,0.25
6474,1618.5,topo,gyrase,0.25
6474,1618.5,RNAP,RNAP,1.0
6474,1618.5,mRNA,tetA,22.0
6474,1618.5,mRNA,Raspberry,2.0
6474,1618.5,mRNA,mKalama1,3.0
6475,1618.75,topo,topoI,0.25
6475,1618.75,topo,gyrase,0.25
6475,1618.75,RNAP,RNAP,1.0
6475,1618.75,mRNA,tetA,22.0
6475,1618.75,mRNA,Raspberry,2.0
6475,1618.75,mRNA,mKalama1,3.0
6476,1619.0,topo,topoI,0.25
6476,1619.0,topo,gyrase,0.25
6476,1619.0,RNAP,RNAP,1.0
6476,1619.0,mRNA,tetA,22.0
6476,1619.0,mRNA,Raspberry,2.0
6476,1619.0,mRNA,mKalama1,3.0
6477,1619.25,topo,topoI,0.25
6477,1619.25,topo,gyrase,0.25
6477,1619.25,RNAP,RNAP,1.0
6477,1619.25,mRNA,tetA,22.0
6477,1619.25,mRNA,Raspberry,2.0
6477,1619.25,mRNA,mKalama1,3.0
6478,1619.5,topo,topoI,0.25
6478,1619.5,topo,gyrase,0.25
6478,1619.5,RNAP,RNAP,1.0
6478,1619.5,mRNA,tetA,22.0
6478,1619.5,mRNA,Raspberry,2.0
6478,1619.5,mRNA,mKalama1,3.0
6479,1619.75,topo,topoI,0.25
6479,1619.75,topo,gyrase,0.25
6479,1619.75,RNAP,RNAP,1.0
6479,1619.75,mRNA,tetA,22.0
6479,1619.75,mRNA,Raspberry,2.0
6479,1619.75,mRNA,mKalama1,3.0
6480,1620.0,topo,topoI,0.25
6480,1620.0,topo,gyrase,0.25
6480,1620.0,RNAP,RNAP,1.0
6480,1620.0,mRNA,tetA,22.0
6480,1620.0,mRNA,Raspberry,2.0
6480,1620.0,mRNA,mKalama1,3.0
6481,1620.25,topo,topoI,0.25
6481,1620.25,topo,gyrase,0.25
6481,1620.25,RNAP,RNAP,1.0
6481,1620.25,mRNA,tetA,22.0
6481,1620.25,mRNA,Raspberry,2.0
6481,1620.25,mRNA,mKalama1,3.0
6482,1620.5,topo,topoI,0.25
6482,1620.5,topo,gyrase,0.25
6482,1620.5,RNAP,RNAP,1.0
6482,1620.5,mRNA,tetA,22.0
6482,1620.5,mRNA,Raspberry,2.0
6482,1620.5,mRNA,mKalama1,3.0
6483,1620.75,topo,topoI,0.25
6483,1620.75,topo,gyrase,0.25
6483,1620.75,RNAP,RNAP,1.0
6483,1620.75,mRNA,tetA,22.0
6483,1620.75,mRNA,Raspberry,2.0
6483,1620.75,mRNA,mKalama1,3.0
6484,1621.0,topo,topoI,0.25
6484,1621.0,topo,gyrase,0.25
6484,1621.0,RNAP,RNAP,1.0
6484,1621.0,mRNA,tetA,22.0
6484,1621.0,mRNA,Raspberry,2.0
6484,1621.0,mRNA,mKalama1,3.0
6485,1621.25,topo,topoI,0.25
6485,1621.25,topo,gyrase,0.25
6485,1621.25,RNAP,RNAP,1.0
6485,1621.25,mRNA,tetA,22.0
6485,1621.25,mRNA,Raspberry,2.0
6485,1621.25,mRNA,mKalama1,3.0
6486,1621.5,topo,topoI,0.25
6486,1621.5,topo,gyrase,0.25
6486,1621.5,RNAP,RNAP,1.0
6486,1621.5,mRNA,tetA,22.0
6486,1621.5,mRNA,Raspberry,2.0
6486,1621.5,mRNA,mKalama1,3.0
6487,1621.75,topo,topoI,0.25
6487,1621.75,topo,gyrase,0.25
6487,1621.75,RNAP,RNAP,1.0
6487,1621.75,mRNA,tetA,22.0
6487,1621.75,mRNA,Raspberry,2.0
6487,1621.75,mRNA,mKalama1,3.0
6488,1622.0,topo,topoI,0.25
6488,1622.0,topo,gyrase,0.25
6488,1622.0,RNAP,RNAP,1.0
6488,1622.0,mRNA,tetA,22.0
6488,1622.0,mRNA,Raspberry,2.0
6488,1622.0,mRNA,mKalama1,3.0
6489,1622.25,topo,topoI,0.25
6489,1622.25,topo,gyrase,0.25
6489,1622.25,RNAP,RNAP,1.0
6489,1622.25,mRNA,tetA,22.0
6489,1622.25,mRNA,Raspberry,2.0
6489,1622.25,mRNA,mKalama1,3.0
6490,1622.5,topo,topoI,0.25
6490,1622.5,topo,gyrase,0.25
6490,1622.5,RNAP,RNAP,1.0
6490,1622.5,mRNA,tetA,22.0
6490,1622.5,mRNA,Raspberry,2.0
6490,1622.5,mRNA,mKalama1,3.0
6491,1622.75,topo,topoI,0.25
6491,1622.75,topo,gyrase,0.25
6491,1622.75,RNAP,RNAP,1.0
6491,1622.75,mRNA,tetA,22.0
6491,1622.75,mRNA,Raspberry,2.0
6491,1622.75,mRNA,mKalama1,3.0
6492,1623.0,topo,topoI,0.25
6492,1623.0,topo,gyrase,0.25
6492,1623.0,RNAP,RNAP,1.0
6492,1623.0,mRNA,tetA,22.0
6492,1623.0,mRNA,Raspberry,2.0
6492,1623.0,mRNA,mKalama1,3.0
6493,1623.25,topo,topoI,0.25
6493,1623.25,topo,gyrase,0.25
6493,1623.25,RNAP,RNAP,1.0
6493,1623.25,mRNA,tetA,22.0
6493,1623.25,mRNA,Raspberry,2.0
6493,1623.25,mRNA,mKalama1,3.0
6494,1623.5,topo,topoI,0.25
6494,1623.5,topo,gyrase,0.25
6494,1623.5,RNAP,RNAP,1.0
6494,1623.5,mRNA,tetA,22.0
6494,1623.5,mRNA,Raspberry,2.0
6494,1623.5,mRNA,mKalama1,3.0
6495,1623.75,topo,topoI,0.25
6495,1623.75,topo,gyrase,0.25
6495,1623.75,RNAP,RNAP,1.0
6495,1623.75,mRNA,tetA,22.0
6495,1623.75,mRNA,Raspberry,2.0
6495,1623.75,mRNA,mKalama1,3.0
6496,1624.0,topo,topoI,0.25
6496,1624.0,topo,gyrase,0.25
6496,1624.0,RNAP,RNAP,1.0
6496,1624.0,mRNA,tetA,22.0
6496,1624.0,mRNA,Raspberry,2.0
6496,1624.0,mRNA,mKalama1,3.0
6497,1624.25,topo,topoI,0.25
6497,1624.25,topo,gyrase,0.25
6497,1624.25,RNAP,RNAP,1.0
6497,1624.25,mRNA,tetA,22.0
6497,1624.25,mRNA,Raspberry,2.0
6497,1624.25,mRNA,mKalama1,3.0
6498,1624.5,topo,topoI,0.25
6498,1624.5,topo,gyrase,0.25
6498,1624.5,RNAP,RNAP,1.0
6498,1624.5,mRNA,tetA,22.0
6498,1624.5,mRNA,Raspberry,2.0
6498,1624.5,mRNA,mKalama1,3.0
6499,1624.75,topo,topoI,0.25
6499,1624.75,topo,gyrase,0.25
6499,1624.75,RNAP,RNAP,1.0
6499,1624.75,mRNA,tetA,22.0
6499,1624.75,mRNA,Raspberry,2.0
6499,1624.75,mRNA,mKalama1,3.0
6500,1625.0,topo,topoI,0.25
6500,1625.0,topo,gyrase,0.25
6500,1625.0,RNAP,RNAP,1.0
6500,1625.0,mRNA,tetA,22.0
6500,1625.0,mRNA,Raspberry,2.0
6500,1625.0,mRNA,mKalama1,3.0
6501,1625.25,topo,topoI,0.25
6501,1625.25,topo,gyrase,0.25
6501,1625.25,RNAP,RNAP,1.0
6501,1625.25,mRNA,tetA,22.0
6501,1625.25,mRNA,Raspberry,2.0
6501,1625.25,mRNA,mKalama1,3.0
6502,1625.5,topo,topoI,0.25
6502,1625.5,topo,gyrase,0.25
6502,1625.5,RNAP,RNAP,1.0
6502,1625.5,mRNA,tetA,22.0
6502,1625.5,mRNA,Raspberry,2.0
6502,1625.5,mRNA,mKalama1,3.0
6503,1625.75,topo,topoI,0.25
6503,1625.75,topo,gyrase,0.25
6503,1625.75,RNAP,RNAP,1.0
6503,1625.75,mRNA,tetA,22.0
6503,1625.75,mRNA,Raspberry,2.0
6503,1625.75,mRNA,mKalama1,3.0
6504,1626.0,topo,topoI,0.25
6504,1626.0,topo,gyrase,0.25
6504,1626.0,RNAP,RNAP,1.0
6504,1626.0,mRNA,tetA,22.0
6504,1626.0,mRNA,Raspberry,2.0
6504,1626.0,mRNA,mKalama1,3.0
6505,1626.25,topo,topoI,0.25
6505,1626.25,topo,gyrase,0.25
6505,1626.25,RNAP,RNAP,1.0
6505,1626.25,mRNA,tetA,22.0
6505,1626.25,mRNA,Raspberry,2.0
6505,1626.25,mRNA,mKalama1,3.0
6506,1626.5,topo,topoI,0.25
6506,1626.5,topo,gyrase,0.25
6506,1626.5,RNAP,RNAP,1.0
6506,1626.5,mRNA,tetA,22.0
6506,1626.5,mRNA,Raspberry,2.0
6506,1626.5,mRNA,mKalama1,3.0
6507,1626.75,topo,topoI,0.25
6507,1626.75,topo,gyrase,0.25
6507,1626.75,RNAP,RNAP,1.0
6507,1626.75,mRNA,tetA,22.0
6507,1626.75,mRNA,Raspberry,2.0
6507,1626.75,mRNA,mKalama1,3.0
6508,1627.0,topo,topoI,0.25
6508,1627.0,topo,gyrase,0.25
6508,1627.0,RNAP,RNAP,1.0
6508,1627.0,mRNA,tetA,22.0
6508,1627.0,mRNA,Raspberry,2.0
6508,1627.0,mRNA,mKalama1,3.0
6509,1627.25,topo,topoI,0.25
6509,1627.25,topo,gyrase,0.25
6509,1627.25,RNAP,RNAP,1.0
6509,1627.25,mRNA,tetA,22.0
6509,1627.25,mRNA,Raspberry,2.0
6509,1627.25,mRNA,mKalama1,3.0
6510,1627.5,topo,topoI,0.25
6510,1627.5,topo,gyrase,0.25
6510,1627.5,RNAP,RNAP,1.0
6510,1627.5,mRNA,tetA,22.0
6510,1627.5,mRNA,Raspberry,2.0
6510,1627.5,mRNA,mKalama1,3.0
6511,1627.75,topo,topoI,0.25
6511,1627.75,topo,gyrase,0.25
6511,1627.75,RNAP,RNAP,1.0
6511,1627.75,mRNA,tetA,22.0
6511,1627.75,mRNA,Raspberry,2.0
6511,1627.75,mRNA,mKalama1,3.0
6512,1628.0,topo,topoI,0.25
6512,1628.0,topo,gyrase,0.25
6512,1628.0,RNAP,RNAP,1.0
6512,1628.0,mRNA,tetA,22.0
6512,1628.0,mRNA,Raspberry,2.0
6512,1628.0,mRNA,mKalama1,3.0
6513,1628.25,topo,topoI,0.25
6513,1628.25,topo,gyrase,0.25
6513,1628.25,RNAP,RNAP,1.0
6513,1628.25,mRNA,tetA,22.0
6513,1628.25,mRNA,Raspberry,2.0
6513,1628.25,mRNA,mKalama1,3.0
6514,1628.5,topo,topoI,0.25
6514,1628.5,topo,gyrase,0.25
6514,1628.5,RNAP,RNAP,1.0
6514,1628.5,mRNA,tetA,22.0
6514,1628.5,mRNA,Raspberry,2.0
6514,1628.5,mRNA,mKalama1,3.0
6515,1628.75,topo,topoI,0.25
6515,1628.75,topo,gyrase,0.25
6515,1628.75,RNAP,RNAP,1.0
6515,1628.75,mRNA,tetA,22.0
6515,1628.75,mRNA,Raspberry,2.0
6515,1628.75,mRNA,mKalama1,3.0
6516,1629.0,topo,topoI,0.25
6516,1629.0,topo,gyrase,0.25
6516,1629.0,RNAP,RNAP,1.0
6516,1629.0,mRNA,tetA,22.0
6516,1629.0,mRNA,Raspberry,2.0
6516,1629.0,mRNA,mKalama1,3.0
6517,1629.25,topo,topoI,0.25
6517,1629.25,topo,gyrase,0.25
6517,1629.25,RNAP,RNAP,1.0
6517,1629.25,mRNA,tetA,22.0
6517,1629.25,mRNA,Raspberry,2.0
6517,1629.25,mRNA,mKalama1,3.0
6518,1629.5,topo,topoI,0.25
6518,1629.5,topo,gyrase,0.25
6518,1629.5,RNAP,RNAP,1.0
6518,1629.5,mRNA,tetA,22.0
6518,1629.5,mRNA,Raspberry,2.0
6518,1629.5,mRNA,mKalama1,3.0
6519,1629.75,topo,topoI,0.25
6519,1629.75,topo,gyrase,0.25
6519,1629.75,RNAP,RNAP,1.0
6519,1629.75,mRNA,tetA,22.0
6519,1629.75,mRNA,Raspberry,2.0
6519,1629.75,mRNA,mKalama1,3.0
6520,1630.0,topo,topoI,0.25
6520,1630.0,topo,gyrase,0.25
6520,1630.0,RNAP,RNAP,1.0
6520,1630.0,mRNA,tetA,22.0
6520,1630.0,mRNA,Raspberry,2.0
6520,1630.0,mRNA,mKalama1,3.0
6521,1630.25,topo,topoI,0.25
6521,1630.25,topo,gyrase,0.25
6521,1630.25,RNAP,RNAP,1.0
6521,1630.25,mRNA,tetA,22.0
6521,1630.25,mRNA,Raspberry,2.0
6521,1630.25,mRNA,mKalama1,3.0
6522,1630.5,topo,topoI,0.25
6522,1630.5,topo,gyrase,0.25
6522,1630.5,RNAP,RNAP,1.0
6522,1630.5,mRNA,tetA,22.0
6522,1630.5,mRNA,Raspberry,2.0
6522,1630.5,mRNA,mKalama1,3.0
6523,1630.75,topo,topoI,0.25
6523,1630.75,topo,gyrase,0.25
6523,1630.75,RNAP,RNAP,1.0
6523,1630.75,mRNA,tetA,22.0
6523,1630.75,mRNA,Raspberry,2.0
6523,1630.75,mRNA,mKalama1,3.0
6524,1631.0,topo,topoI,0.25
6524,1631.0,topo,gyrase,0.25
6524,1631.0,RNAP,RNAP,1.0
6524,1631.0,mRNA,tetA,22.0
6524,1631.0,mRNA,Raspberry,2.0
6524,1631.0,mRNA,mKalama1,3.0
6525,1631.25,topo,topoI,0.25
6525,1631.25,topo,gyrase,0.25
6525,1631.25,RNAP,RNAP,1.0
6525,1631.25,mRNA,tetA,22.0
6525,1631.25,mRNA,Raspberry,2.0
6525,1631.25,mRNA,mKalama1,3.0
6526,1631.5,topo,topoI,0.25
6526,1631.5,topo,gyrase,0.25
6526,1631.5,RNAP,RNAP,1.0
6526,1631.5,mRNA,tetA,22.0
6526,1631.5,mRNA,Raspberry,2.0
6526,1631.5,mRNA,mKalama1,3.0
6527,1631.75,topo,topoI,0.25
6527,1631.75,topo,gyrase,0.25
6527,1631.75,RNAP,RNAP,1.0
6527,1631.75,mRNA,tetA,22.0
6527,1631.75,mRNA,Raspberry,2.0
6527,1631.75,mRNA,mKalama1,3.0
6528,1632.0,topo,topoI,0.25
6528,1632.0,topo,gyrase,0.25
6528,1632.0,RNAP,RNAP,1.0
6528,1632.0,mRNA,tetA,22.0
6528,1632.0,mRNA,Raspberry,2.0
6528,1632.0,mRNA,mKalama1,3.0
6529,1632.25,topo,topoI,0.25
6529,1632.25,topo,gyrase,0.25
6529,1632.25,RNAP,RNAP,1.0
6529,1632.25,mRNA,tetA,22.0
6529,1632.25,mRNA,Raspberry,2.0
6529,1632.25,mRNA,mKalama1,3.0
6530,1632.5,topo,topoI,0.25
6530,1632.5,topo,gyrase,0.25
6530,1632.5,RNAP,RNAP,1.0
6530,1632.5,mRNA,tetA,22.0
6530,1632.5,mRNA,Raspberry,2.0
6530,1632.5,mRNA,mKalama1,3.0
6531,1632.75,topo,topoI,0.25
6531,1632.75,topo,gyrase,0.25
6531,1632.75,RNAP,RNAP,1.0
6531,1632.75,mRNA,tetA,22.0
6531,1632.75,mRNA,Raspberry,2.0
6531,1632.75,mRNA,mKalama1,3.0
6532,1633.0,topo,topoI,0.25
6532,1633.0,topo,gyrase,0.25
6532,1633.0,RNAP,RNAP,1.0
6532,1633.0,mRNA,tetA,22.0
6532,1633.0,mRNA,Raspberry,2.0
6532,1633.0,mRNA,mKalama1,3.0
6533,1633.25,topo,topoI,0.25
6533,1633.25,topo,gyrase,0.25
6533,1633.25,RNAP,RNAP,1.0
6533,1633.25,mRNA,tetA,22.0
6533,1633.25,mRNA,Raspberry,2.0
6533,1633.25,mRNA,mKalama1,3.0
6534,1633.5,topo,topoI,0.25
6534,1633.5,topo,gyrase,0.25
6534,1633.5,RNAP,RNAP,1.0
6534,1633.5,mRNA,tetA,22.0
6534,1633.5,mRNA,Raspberry,2.0
6534,1633.5,mRNA,mKalama1,3.0
6535,1633.75,topo,topoI,0.25
6535,1633.75,topo,gyrase,0.25
6535,1633.75,RNAP,RNAP,1.0
6535,1633.75,mRNA,tetA,22.0
6535,1633.75,mRNA,Raspberry,2.0
6535,1633.75,mRNA,mKalama1,3.0
6536,1634.0,topo,topoI,0.25
6536,1634.0,topo,gyrase,0.25
6536,1634.0,RNAP,RNAP,1.0
6536,1634.0,mRNA,tetA,22.0
6536,1634.0,mRNA,Raspberry,2.0
6536,1634.0,mRNA,mKalama1,3.0
6537,1634.25,topo,topoI,0.25
6537,1634.25,topo,gyrase,0.25
6537,1634.25,RNAP,RNAP,1.0
6537,1634.25,mRNA,tetA,22.0
6537,1634.25,mRNA,Raspberry,2.0
6537,1634.25,mRNA,mKalama1,3.0
6538,1634.5,topo,topoI,0.25
6538,1634.5,topo,gyrase,0.25
6538,1634.5,RNAP,RNAP,1.0
6538,1634.5,mRNA,tetA,22.0
6538,1634.5,mRNA,Raspberry,2.0
6538,1634.5,mRNA,mKalama1,3.0
6539,1634.75,topo,topoI,0.25
6539,1634.75,topo,gyrase,0.25
6539,1634.75,RNAP,RNAP,1.0
6539,1634.75,mRNA,tetA,22.0
6539,1634.75,mRNA,Raspberry,2.0
6539,1634.75,mRNA,mKalama1,3.0
6540,1635.0,topo,topoI,0.25
6540,1635.0,topo,gyrase,0.25
6540,1635.0,RNAP,RNAP,1.0
6540,1635.0,mRNA,tetA,22.0
6540,1635.0,mRNA,Raspberry,2.0
6540,1635.0,mRNA,mKalama1,3.0
6541,1635.25,topo,topoI,0.25
6541,1635.25,topo,gyrase,0.25
6541,1635.25,RNAP,RNAP,1.0
6541,1635.25,mRNA,tetA,22.0
6541,1635.25,mRNA,Raspberry,2.0
6541,1635.25,mRNA,mKalama1,3.0
6542,1635.5,topo,topoI,0.25
6542,1635.5,topo,gyrase,0.25
6542,1635.5,RNAP,RNAP,1.0
6542,1635.5,mRNA,tetA,22.0
6542,1635.5,mRNA,Raspberry,2.0
6542,1635.5,mRNA,mKalama1,3.0
6543,1635.75,topo,topoI,0.25
6543,1635.75,topo,gyrase,0.25
6543,1635.75,RNAP,RNAP,1.0
6543,1635.75,mRNA,tetA,22.0
6543,1635.75,mRNA,Raspberry,2.0
6543,1635.75,mRNA,mKalama1,3.0
6544,1636.0,topo,topoI,0.25
6544,1636.0,topo,gyrase,0.25
6544,1636.0,RNAP,RNAP,1.0
6544,1636.0,mRNA,tetA,22.0
6544,1636.0,mRNA,Raspberry,2.0
6544,1636.0,mRNA,mKalama1,3.0
6545,1636.25,topo,topoI,0.25
6545,1636.25,topo,gyrase,0.25
6545,1636.25,RNAP,RNAP,1.0
6545,1636.25,mRNA,tetA,22.0
6545,1636.25,mRNA,Raspberry,2.0
6545,1636.25,mRNA,mKalama1,3.0
6546,1636.5,topo,topoI,0.25
6546,1636.5,topo,gyrase,0.25
6546,1636.5,RNAP,RNAP,1.0
6546,1636.5,mRNA,tetA,22.0
6546,1636.5,mRNA,Raspberry,2.0
6546,1636.5,mRNA,mKalama1,3.0
6547,1636.75,topo,topoI,0.25
6547,1636.75,topo,gyrase,0.25
6547,1636.75,RNAP,RNAP,1.0
6547,1636.75,mRNA,tetA,22.0
6547,1636.75,mRNA,Raspberry,2.0
6547,1636.75,mRNA,mKalama1,3.0
6548,1637.0,topo,topoI,0.25
6548,1637.0,topo,gyrase,0.25
6548,1637.0,RNAP,RNAP,1.0
6548,1637.0,mRNA,tetA,22.0
6548,1637.0,mRNA,Raspberry,2.0
6548,1637.0,mRNA,mKalama1,3.0
6549,1637.25,topo,topoI,0.25
6549,1637.25,topo,gyrase,0.25
6549,1637.25,RNAP,RNAP,1.0
6549,1637.25,mRNA,tetA,22.0
6549,1637.25,mRNA,Raspberry,2.0
6549,1637.25,mRNA,mKalama1,3.0
6550,1637.5,topo,topoI,0.25
6550,1637.5,topo,gyrase,0.25
6550,1637.5,RNAP,RNAP,1.0
6550,1637.5,mRNA,tetA,22.0
6550,1637.5,mRNA,Raspberry,2.0
6550,1637.5,mRNA,mKalama1,3.0
6551,1637.75,topo,topoI,0.25
6551,1637.75,topo,gyrase,0.25
6551,1637.75,RNAP,RNAP,1.0
6551,1637.75,mRNA,tetA,22.0
6551,1637.75,mRNA,Raspberry,2.0
6551,1637.75,mRNA,mKalama1,3.0
6552,1638.0,topo,topoI,0.25
6552,1638.0,topo,gyrase,0.25
6552,1638.0,RNAP,RNAP,1.0
6552,1638.0,mRNA,tetA,22.0
6552,1638.0,mRNA,Raspberry,2.0
6552,1638.0,mRNA,mKalama1,3.0
6553,1638.25,topo,topoI,0.25
6553,1638.25,topo,gyrase,0.25
6553,1638.25,RNAP,RNAP,1.0
6553,1638.25,mRNA,tetA,22.0
6553,1638.25,mRNA,Raspberry,2.0
6553,1638.25,mRNA,mKalama1,3.0
6554,1638.5,topo,topoI,0.25
6554,1638.5,topo,gyrase,0.25
6554,1638.5,RNAP,RNAP,1.0
6554,1638.5,mRNA,tetA,22.0
6554,1638.5,mRNA,Raspberry,2.0
6554,1638.5,mRNA,mKalama1,3.0
6555,1638.75,topo,topoI,0.25
6555,1638.75,topo,gyrase,0.25
6555,1638.75,RNAP,RNAP,1.0
6555,1638.75,mRNA,tetA,22.0
6555,1638.75,mRNA,Raspberry,2.0
6555,1638.75,mRNA,mKalama1,3.0
6556,1639.0,topo,topoI,0.25
6556,1639.0,topo,gyrase,0.25
6556,1639.0,RNAP,RNAP,1.0
6556,1639.0,mRNA,tetA,22.0
6556,1639.0,mRNA,Raspberry,2.0
6556,1639.0,mRNA,mKalama1,3.0
6557,1639.25,topo,topoI,0.25
6557,1639.25,topo,gyrase,0.25
6557,1639.25,RNAP,RNAP,1.0
6557,1639.25,mRNA,tetA,22.0
6557,1639.25,mRNA,Raspberry,2.0
6557,1639.25,mRNA,mKalama1,3.0
6558,1639.5,topo,topoI,0.25
6558,1639.5,topo,gyrase,0.25
6558,1639.5,RNAP,RNAP,1.0
6558,1639.5,mRNA,tetA,22.0
6558,1639.5,mRNA,Raspberry,2.0
6558,1639.5,mRNA,mKalama1,3.0
6559,1639.75,topo,topoI,0.25
6559,1639.75,topo,gyrase,0.25
6559,1639.75,RNAP,RNAP,1.0
6559,1639.75,mRNA,tetA,22.0
6559,1639.75,mRNA,Raspberry,2.0
6559,1639.75,mRNA,mKalama1,3.0
6560,1640.0,topo,topoI,0.25
6560,1640.0,topo,gyrase,0.25
6560,1640.0,RNAP,RNAP,1.0
6560,1640.0,mRNA,tetA,22.0
6560,1640.0,mRNA,Raspberry,2.0
6560,1640.0,mRNA,mKalama1,3.0
6561,1640.25,topo,topoI,0.25
6561,1640.25,topo,gyrase,0.25
6561,1640.25,RNAP,RNAP,1.0
6561,1640.25,mRNA,tetA,22.0
6561,1640.25,mRNA,Raspberry,2.0
6561,1640.25,mRNA,mKalama1,3.0
6562,1640.5,topo,topoI,0.25
6562,1640.5,topo,gyrase,0.25
6562,1640.5,RNAP,RNAP,1.0
6562,1640.5,mRNA,tetA,22.0
6562,1640.5,mRNA,Raspberry,2.0
6562,1640.5,mRNA,mKalama1,3.0
6563,1640.75,topo,topoI,0.25
6563,1640.75,topo,gyrase,0.25
6563,1640.75,RNAP,RNAP,1.0
6563,1640.75,mRNA,tetA,22.0
6563,1640.75,mRNA,Raspberry,2.0
6563,1640.75,mRNA,mKalama1,3.0
6564,1641.0,topo,topoI,0.25
6564,1641.0,topo,gyrase,0.25
6564,1641.0,RNAP,RNAP,1.0
6564,1641.0,mRNA,tetA,23.0
6564,1641.0,mRNA,Raspberry,2.0
6564,1641.0,mRNA,mKalama1,3.0
6565,1641.25,topo,topoI,0.25
6565,1641.25,topo,gyrase,0.25
6565,1641.25,RNAP,RNAP,1.0
6565,1641.25,mRNA,tetA,23.0
6565,1641.25,mRNA,Raspberry,2.0
6565,1641.25,mRNA,mKalama1,3.0
6566,1641.5,topo,topoI,0.25
6566,1641.5,topo,gyrase,0.25
6566,1641.5,RNAP,RNAP,1.0
6566,1641.5,mRNA,tetA,23.0
6566,1641.5,mRNA,Raspberry,2.0
6566,1641.5,mRNA,mKalama1,3.0
6567,1641.75,topo,topoI,0.25
6567,1641.75,topo,gyrase,0.25
6567,1641.75,RNAP,RNAP,1.0
6567,1641.75,mRNA,tetA,23.0
6567,1641.75,mRNA,Raspberry,2.0
6567,1641.75,mRNA,mKalama1,3.0
6568,1642.0,topo,topoI,0.25
6568,1642.0,topo,gyrase,0.25
6568,1642.0,RNAP,RNAP,1.0
6568,1642.0,mRNA,tetA,23.0
6568,1642.0,mRNA,Raspberry,2.0
6568,1642.0,mRNA,mKalama1,3.0
6569,1642.25,topo,topoI,0.25
6569,1642.25,topo,gyrase,0.25
6569,1642.25,RNAP,RNAP,1.0
6569,1642.25,mRNA,tetA,23.0
6569,1642.25,mRNA,Raspberry,2.0
6569,1642.25,mRNA,mKalama1,3.0
6570,1642.5,topo,topoI,0.25
6570,1642.5,topo,gyrase,0.25
6570,1642.5,RNAP,RNAP,1.0
6570,1642.5,mRNA,tetA,23.0
6570,1642.5,mRNA,Raspberry,2.0
6570,1642.5,mRNA,mKalama1,3.0
6571,1642.75,topo,topoI,0.25
6571,1642.75,topo,gyrase,0.25
6571,1642.75,RNAP,RNAP,1.0
6571,1642.75,mRNA,tetA,23.0
6571,1642.75,mRNA,Raspberry,2.0
6571,1642.75,mRNA,mKalama1,3.0
6572,1643.0,topo,topoI,0.25
6572,1643.0,topo,gyrase,0.25
6572,1643.0,RNAP,RNAP,1.0
6572,1643.0,mRNA,tetA,23.0
6572,1643.0,mRNA,Raspberry,2.0
6572,1643.0,mRNA,mKalama1,3.0
6573,1643.25,topo,topoI,0.25
6573,1643.25,topo,gyrase,0.25
6573,1643.25,RNAP,RNAP,1.0
6573,1643.25,mRNA,tetA,23.0
6573,1643.25,mRNA,Raspberry,2.0
6573,1643.25,mRNA,mKalama1,3.0
6574,1643.5,topo,topoI,0.25
6574,1643.5,topo,gyrase,0.25
6574,1643.5,RNAP,RNAP,1.0
6574,1643.5,mRNA,tetA,23.0
6574,1643.5,mRNA,Raspberry,2.0
6574,1643.5,mRNA,mKalama1,3.0
6575,1643.75,topo,topoI,0.25
6575,1643.75,topo,gyrase,0.25
6575,1643.75,RNAP,RNAP,1.0
6575,1643.75,mRNA,tetA,23.0
6575,1643.75,mRNA,Raspberry,2.0
6575,1643.75,mRNA,mKalama1,3.0
6576,1644.0,topo,topoI,0.25
6576,1644.0,topo,gyrase,0.25
6576,1644.0,RNAP,RNAP,1.0
6576,1644.0,mRNA,tetA,23.0
6576,1644.0,mRNA,Raspberry,2.0
6576,1644.0,mRNA,mKalama1,3.0
6577,1644.25,topo,topoI,0.25
6577,1644.25,topo,gyrase,0.25
6577,1644.25,RNAP,RNAP,1.0
6577,1644.25,mRNA,tetA,23.0
6577,1644.25,mRNA,Raspberry,2.0
6577,1644.25,mRNA,mKalama1,3.0
6578,1644.5,topo,topoI,0.25
6578,1644.5,topo,gyrase,0.25
6578,1644.5,RNAP,RNAP,1.0
6578,1644.5,mRNA,tetA,23.0
6578,1644.5,mRNA,Raspberry,2.0
6578,1644.5,mRNA,mKalama1,3.0
6579,1644.75,topo,topoI,0.25
6579,1644.75,topo,gyrase,0.25
6579,1644.75,RNAP,RNAP,1.0
6579,1644.75,mRNA,tetA,23.0
6579,1644.75,mRNA,Raspberry,2.0
6579,1644.75,mRNA,mKalama1,3.0
6580,1645.0,topo,topoI,0.25
6580,1645.0,topo,gyrase,0.25
6580,1645.0,RNAP,RNAP,1.0
6580,1645.0,mRNA,tetA,23.0
6580,1645.0,mRNA,Raspberry,2.0
6580,1645.0,mRNA,mKalama1,3.0
6581,1645.25,topo,topoI,0.25
6581,1645.25,topo,gyrase,0.25
6581,1645.25,RNAP,RNAP,1.0
6581,1645.25,mRNA,tetA,23.0
6581,1645.25,mRNA,Raspberry,2.0
6581,1645.25,mRNA,mKalama1,3.0
6582,1645.5,topo,topoI,0.25
6582,1645.5,topo,gyrase,0.25
6582,1645.5,RNAP,RNAP,1.0
6582,1645.5,mRNA,tetA,23.0
6582,1645.5,mRNA,Raspberry,2.0
6582,1645.5,mRNA,mKalama1,3.0
6583,1645.75,topo,topoI,0.25
6583,1645.75,topo,gyrase,0.25
6583,1645.75,RNAP,RNAP,1.0
6583,1645.75,mRNA,tetA,23.0
6583,1645.75,mRNA,Raspberry,2.0
6583,1645.75,mRNA,mKalama1,3.0
6584,1646.0,topo,topoI,0.25
6584,1646.0,topo,gyrase,0.25
6584,1646.0,RNAP,RNAP,1.0
6584,1646.0,mRNA,tetA,23.0
6584,1646.0,mRNA,Raspberry,2.0
6584,1646.0,mRNA,mKalama1,3.0
6585,1646.25,topo,topoI,0.25
6585,1646.25,topo,gyrase,0.25
6585,1646.25,RNAP,RNAP,1.0
6585,1646.25,mRNA,tetA,23.0
6585,1646.25,mRNA,Raspberry,2.0
6585,1646.25,mRNA,mKalama1,3.0
6586,1646.5,topo,topoI,0.25
6586,1646.5,topo,gyrase,0.25
6586,1646.5,RNAP,RNAP,1.0
6586,1646.5,mRNA,tetA,23.0
6586,1646.5,mRNA,Raspberry,2.0
6586,1646.5,mRNA,mKalama1,3.0
6587,1646.75,topo,topoI,0.25
6587,1646.75,topo,gyrase,0.25
6587,1646.75,RNAP,RNAP,1.0
6587,1646.75,mRNA,tetA,23.0
6587,1646.75,mRNA,Raspberry,2.0
6587,1646.75,mRNA,mKalama1,3.0
6588,1647.0,topo,topoI,0.25
6588,1647.0,topo,gyrase,0.25
6588,1647.0,RNAP,RNAP,1.0
6588,1647.0,mRNA,tetA,23.0
6588,1647.0,mRNA,Raspberry,2.0
6588,1647.0,mRNA,mKalama1,3.0
6589,1647.25,topo,topoI,0.25
6589,1647.25,topo,gyrase,0.25
6589,1647.25,RNAP,RNAP,1.0
6589,1647.25,mRNA,tetA,23.0
6589,1647.25,mRNA,Raspberry,2.0
6589,1647.25,mRNA,mKalama1,3.0
6590,1647.5,topo,topoI,0.25
6590,1647.5,topo,gyrase,0.25
6590,1647.5,RNAP,RNAP,1.0
6590,1647.5,mRNA,tetA,23.0
6590,1647.5,mRNA,Raspberry,2.0
6590,1647.5,mRNA,mKalama1,3.0
6591,1647.75,topo,topoI,0.25
6591,1647.75,topo,gyrase,0.25
6591,1647.75,RNAP,RNAP,1.0
6591,1647.75,mRNA,tetA,23.0
6591,1647.75,mRNA,Raspberry,2.0
6591,1647.75,mRNA,mKalama1,3.0
6592,1648.0,topo,topoI,0.25
6592,1648.0,topo,gyrase,0.25
6592,1648.0,RNAP,RNAP,1.0
6592,1648.0,mRNA,tetA,23.0
6592,1648.0,mRNA,Raspberry,2.0
6592,1648.0,mRNA,mKalama1,3.0
6593,1648.25,topo,topoI,0.25
6593,1648.25,topo,gyrase,0.25
6593,1648.25,RNAP,RNAP,1.0
6593,1648.25,mRNA,tetA,23.0
6593,1648.25,mRNA,Raspberry,2.0
6593,1648.25,mRNA,mKalama1,3.0
6594,1648.5,topo,topoI,0.25
6594,1648.5,topo,gyrase,0.25
6594,1648.5,RNAP,RNAP,1.0
6594,1648.5,mRNA,tetA,23.0
6594,1648.5,mRNA,Raspberry,2.0
6594,1648.5,mRNA,mKalama1,3.0
6595,1648.75,topo,topoI,0.25
6595,1648.75,topo,gyrase,0.25
6595,1648.75,RNAP,RNAP,1.0
6595,1648.75,mRNA,tetA,23.0
6595,1648.75,mRNA,Raspberry,2.0
6595,1648.75,mRNA,mKalama1,3.0
6596,1649.0,topo,topoI,0.25
6596,1649.0,topo,gyrase,0.25
6596,1649.0,RNAP,RNAP,1.0
6596,1649.0,mRNA,tetA,23.0
6596,1649.0,mRNA,Raspberry,2.0
6596,1649.0,mRNA,mKalama1,3.0
6597,1649.25,topo,topoI,0.25
6597,1649.25,topo,gyrase,0.25
6597,1649.25,RNAP,RNAP,1.0
6597,1649.25,mRNA,tetA,23.0
6597,1649.25,mRNA,Raspberry,2.0
6597,1649.25,mRNA,mKalama1,3.0
6598,1649.5,topo,topoI,0.25
6598,1649.5,topo,gyrase,0.25
6598,1649.5,RNAP,RNAP,1.0
6598,1649.5,mRNA,tetA,23.0
6598,1649.5,mRNA,Raspberry,2.0
6598,1649.5,mRNA,mKalama1,3.0
6599,1649.75,topo,topoI,0.25
6599,1649.75,topo,gyrase,0.25
6599,1649.75,RNAP,RNAP,1.0
6599,1649.75,mRNA,tetA,23.0
6599,1649.75,mRNA,Raspberry,2.0
6599,1649.75,mRNA,mKalama1,3.0
6600,1650.0,topo,topoI,0.25
6600,1650.0,topo,gyrase,0.25
6600,1650.0,RNAP,RNAP,1.0
6600,1650.0,mRNA,tetA,23.0
6600,1650.0,mRNA,Raspberry,2.0
6600,1650.0,mRNA,mKalama1,3.0
6601,1650.25,topo,topoI,0.25
6601,1650.25,topo,gyrase,0.25
6601,1650.25,RNAP,RNAP,1.0
6601,1650.25,mRNA,tetA,23.0
6601,1650.25,mRNA,Raspberry,2.0
6601,1650.25,mRNA,mKalama1,3.0
6602,1650.5,topo,topoI,0.25
6602,1650.5,topo,gyrase,0.25
6602,1650.5,RNAP,RNAP,1.0
6602,1650.5,mRNA,tetA,23.0
6602,1650.5,mRNA,Raspberry,2.0
6602,1650.5,mRNA,mKalama1,3.0
6603,1650.75,topo,topoI,0.25
6603,1650.75,topo,gyrase,0.25
6603,1650.75,RNAP,RNAP,1.0
6603,1650.75,mRNA,tetA,23.0
6603,1650.75,mRNA,Raspberry,2.0
6603,1650.75,mRNA,mKalama1,3.0
6604,1651.0,topo,topoI,0.25
6604,1651.0,topo,gyrase,0.25
6604,1651.0,RNAP,RNAP,1.0
6604,1651.0,mRNA,tetA,23.0
6604,1651.0,mRNA,Raspberry,2.0
6604,1651.0,mRNA,mKalama1,3.0
6605,1651.25,topo,topoI,0.25
6605,1651.25,topo,gyrase,0.25
6605,1651.25,RNAP,RNAP,1.0
6605,1651.25,mRNA,tetA,23.0
6605,1651.25,mRNA,Raspberry,2.0
6605,1651.25,mRNA,mKalama1,3.0
6606,1651.5,topo,topoI,0.25
6606,1651.5,topo,gyrase,0.25
6606,1651.5,RNAP,RNAP,1.0
6606,1651.5,mRNA,tetA,23.0
6606,1651.5,mRNA,Raspberry,2.0
6606,1651.5,mRNA,mKalama1,3.0
6607,1651.75,topo,topoI,0.25
6607,1651.75,topo,gyrase,0.25
6607,1651.75,RNAP,RNAP,1.0
6607,1651.75,mRNA,tetA,23.0
6607,1651.75,mRNA,Raspberry,2.0
6607,1651.75,mRNA,mKalama1,3.0
6608,1652.0,topo,topoI,0.25
6608,1652.0,topo,gyrase,0.25
6608,1652.0,RNAP,RNAP,1.0
6608,1652.0,mRNA,tetA,23.0
6608,1652.0,mRNA,Raspberry,2.0
6608,1652.0,mRNA,mKalama1,3.0
6609,1652.25,topo,topoI,0.25
6609,1652.25,topo,gyrase,0.25
6609,1652.25,RNAP,RNAP,1.0
6609,1652.25,mRNA,tetA,23.0
6609,1652.25,mRNA,Raspberry,2.0
6609,1652.25,mRNA,mKalama1,3.0
6610,1652.5,topo,topoI,0.25
6610,1652.5,topo,gyrase,0.25
6610,1652.5,RNAP,RNAP,1.0
6610,1652.5,mRNA,tetA,23.0
6610,1652.5,mRNA,Raspberry,2.0
6610,1652.5,mRNA,mKalama1,3.0
6611,1652.75,topo,topoI,0.25
6611,1652.75,topo,gyrase,0.25
6611,1652.75,RNAP,RNAP,1.0
6611,1652.75,mRNA,tetA,23.0
6611,1652.75,mRNA,Raspberry,2.0
6611,1652.75,mRNA,mKalama1,3.0
6612,1653.0,topo,topoI,0.25
6612,1653.0,topo,gyrase,0.25
6612,1653.0,RNAP,RNAP,1.0
6612,1653.0,mRNA,tetA,23.0
6612,1653.0,mRNA,Raspberry,2.0
6612,1653.0,mRNA,mKalama1,3.0
6613,1653.25,topo,topoI,0.25
6613,1653.25,topo,gyrase,0.25
6613,1653.25,RNAP,RNAP,1.0
6613,1653.25,mRNA,tetA,23.0
6613,1653.25,mRNA,Raspberry,2.0
6613,1653.25,mRNA,mKalama1,3.0
6614,1653.5,topo,topoI,0.25
6614,1653.5,topo,gyrase,0.25
6614,1653.5,RNAP,RNAP,1.0
6614,1653.5,mRNA,tetA,23.0
6614,1653.5,mRNA,Raspberry,2.0
6614,1653.5,mRNA,mKalama1,3.0
6615,1653.75,topo,topoI,0.25
6615,1653.75,topo,gyrase,0.25
6615,1653.75,RNAP,RNAP,1.0
6615,1653.75,mRNA,tetA,23.0
6615,1653.75,mRNA,Raspberry,2.0
6615,1653.75,mRNA,mKalama1,3.0
6616,1654.0,topo,topoI,0.25
6616,1654.0,topo,gyrase,0.25
6616,1654.0,RNAP,RNAP,1.0
6616,1654.0,mRNA,tetA,23.0
6616,1654.0,mRNA,Raspberry,2.0
6616,1654.0,mRNA,mKalama1,3.0
6617,1654.25,topo,topoI,0.25
6617,1654.25,topo,gyrase,0.25
6617,1654.25,RNAP,RNAP,1.0
6617,1654.25,mRNA,tetA,23.0
6617,1654.25,mRNA,Raspberry,2.0
6617,1654.25,mRNA,mKalama1,3.0
6618,1654.5,topo,topoI,0.25
6618,1654.5,topo,gyrase,0.25
6618,1654.5,RNAP,RNAP,1.0
6618,1654.5,mRNA,tetA,23.0
6618,1654.5,mRNA,Raspberry,2.0
6618,1654.5,mRNA,mKalama1,3.0
6619,1654.75,topo,topoI,0.25
6619,1654.75,topo,gyrase,0.25
6619,1654.75,RNAP,RNAP,1.0
6619,1654.75,mRNA,tetA,23.0
6619,1654.75,mRNA,Raspberry,2.0
6619,1654.75,mRNA,mKalama1,3.0
6620,1655.0,topo,topoI,0.25
6620,1655.0,topo,gyrase,0.25
6620,1655.0,RNAP,RNAP,1.0
6620,1655.0,mRNA,tetA,23.0
6620,1655.0,mRNA,Raspberry,2.0
6620,1655.0,mRNA,mKalama1,3.0
6621,1655.25,topo,topoI,0.25
6621,1655.25,topo,gyrase,0.25
6621,1655.25,RNAP,RNAP,1.0
6621,1655.25,mRNA,tetA,23.0
6621,1655.25,mRNA,Raspberry,2.0
6621,1655.25,mRNA,mKalama1,3.0
6622,1655.5,topo,topoI,0.25
6622,1655.5,topo,gyrase,0.25
6622,1655.5,RNAP,RNAP,1.0
6622,1655.5,mRNA,tetA,23.0
6622,1655.5,mRNA,Raspberry,2.0
6622,1655.5,mRNA,mKalama1,3.0
6623,1655.75,topo,topoI,0.25
6623,1655.75,topo,gyrase,0.25
6623,1655.75,RNAP,RNAP,1.0
6623,1655.75,mRNA,tetA,23.0
6623,1655.75,mRNA,Raspberry,2.0
6623,1655.75,mRNA,mKalama1,3.0
6624,1656.0,topo,topoI,0.25
6624,1656.0,topo,gyrase,0.25
6624,1656.0,RNAP,RNAP,1.0
6624,1656.0,mRNA,tetA,23.0
6624,1656.0,mRNA,Raspberry,2.0
6624,1656.0,mRNA,mKalama1,3.0
6625,1656.25,topo,topoI,0.25
6625,1656.25,topo,gyrase,0.25
6625,1656.25,RNAP,RNAP,1.0
6625,1656.25,mRNA,tetA,23.0
6625,1656.25,mRNA,Raspberry,2.0
6625,1656.25,mRNA,mKalama1,3.0
6626,1656.5,topo,topoI,0.25
6626,1656.5,topo,gyrase,0.25
6626,1656.5,RNAP,RNAP,1.0
6626,1656.5,mRNA,tetA,23.0
6626,1656.5,mRNA,Raspberry,2.0
6626,1656.5,mRNA,mKalama1,3.0
6627,1656.75,topo,topoI,0.25
6627,1656.75,topo,gyrase,0.25
6627,1656.75,RNAP,RNAP,1.0
6627,1656.75,mRNA,tetA,23.0
6627,1656.75,mRNA,Raspberry,2.0
6627,1656.75,mRNA,mKalama1,3.0
6628,1657.0,topo,topoI,0.25
6628,1657.0,topo,gyrase,0.25
6628,1657.0,RNAP,RNAP,1.0
6628,1657.0,mRNA,tetA,23.0
6628,1657.0,mRNA,Raspberry,2.0
6628,1657.0,mRNA,mKalama1,3.0
6629,1657.25,topo,topoI,0.25
6629,1657.25,topo,gyrase,0.25
6629,1657.25,RNAP,RNAP,1.0
6629,1657.25,mRNA,tetA,23.0
6629,1657.25,mRNA,Raspberry,2.0
6629,1657.25,mRNA,mKalama1,3.0
6630,1657.5,topo,topoI,0.25
6630,1657.5,topo,gyrase,0.25
6630,1657.5,RNAP,RNAP,1.0
6630,1657.5,mRNA,tetA,23.0
6630,1657.5,mRNA,Raspberry,2.0
6630,1657.5,mRNA,mKalama1,3.0
6631,1657.75,topo,topoI,0.25
6631,1657.75,topo,gyrase,0.25
6631,1657.75,RNAP,RNAP,1.0
6631,1657.75,mRNA,tetA,23.0
6631,1657.75,mRNA,Raspberry,2.0
6631,1657.75,mRNA,mKalama1,3.0
6632,1658.0,topo,topoI,0.25
6632,1658.0,topo,gyrase,0.25
6632,1658.0,RNAP,RNAP,1.0
6632,1658.0,mRNA,tetA,23.0
6632,1658.0,mRNA,Raspberry,2.0
6632,1658.0,mRNA,mKalama1,3.0
6633,1658.25,topo,topoI,0.25
6633,1658.25,topo,gyrase,0.25
6633,1658.25,RNAP,RNAP,1.0
6633,1658.25,mRNA,tetA,23.0
6633,1658.25,mRNA,Raspberry,2.0
6633,1658.25,mRNA,mKalama1,3.0
6634,1658.5,topo,topoI,0.25
6634,1658.5,topo,gyrase,0.25
6634,1658.5,RNAP,RNAP,1.0
6634,1658.5,mRNA,tetA,23.0
6634,1658.5,mRNA,Raspberry,2.0
6634,1658.5,mRNA,mKalama1,3.0
6635,1658.75,topo,topoI,0.25
6635,1658.75,topo,gyrase,0.25
6635,1658.75,RNAP,RNAP,1.0
6635,1658.75,mRNA,tetA,23.0
6635,1658.75,mRNA,Raspberry,2.0
6635,1658.75,mRNA,mKalama1,3.0
6636,1659.0,topo,topoI,0.25
6636,1659.0,topo,gyrase,0.25
6636,1659.0,RNAP,RNAP,1.0
6636,1659.0,mRNA,tetA,23.0
6636,1659.0,mRNA,Raspberry,2.0
6636,1659.0,mRNA,mKalama1,3.0
6637,1659.25,topo,topoI,0.25
6637,1659.25,topo,gyrase,0.25
6637,1659.25,RNAP,RNAP,1.0
6637,1659.25,mRNA,tetA,23.0
6637,1659.25,mRNA,Raspberry,2.0
6637,1659.25,mRNA,mKalama1,3.0
6638,1659.5,topo,topoI,0.25
6638,1659.5,topo,gyrase,0.25
6638,1659.5,RNAP,RNAP,1.0
6638,1659.5,mRNA,tetA,23.0
6638,1659.5,mRNA,Raspberry,2.0
6638,1659.5,mRNA,mKalama1,3.0
6639,1659.75,topo,topoI,0.25
6639,1659.75,topo,gyrase,0.25
6639,1659.75,RNAP,RNAP,1.0
6639,1659.75,mRNA,tetA,23.0
6639,1659.75,mRNA,Raspberry,2.0
6639,1659.75,mRNA,mKalama1,3.0
6640,1660.0,topo,topoI,0.25
6640,1660.0,topo,gyrase,0.25
6640,1660.0,RNAP,RNAP,1.0
6640,1660.0,mRNA,tetA,23.0
6640,1660.0,mRNA,Raspberry,2.0
6640,1660.0,mRNA,mKalama1,3.0
6641,1660.25,topo,topoI,0.25
6641,1660.25,topo,gyrase,0.25
6641,1660.25,RNAP,RNAP,1.0
6641,1660.25,mRNA,tetA,23.0
6641,1660.25,mRNA,Raspberry,2.0
6641,1660.25,mRNA,mKalama1,3.0
6642,1660.5,topo,topoI,0.25
6642,1660.5,topo,gyrase,0.25
6642,1660.5,RNAP,RNAP,1.0
6642,1660.5,mRNA,tetA,23.0
6642,1660.5,mRNA,Raspberry,2.0
6642,1660.5,mRNA,mKalama1,3.0
6643,1660.75,topo,topoI,0.25
6643,1660.75,topo,gyrase,0.25
6643,1660.75,RNAP,RNAP,1.0
6643,1660.75,mRNA,tetA,23.0
6643,1660.75,mRNA,Raspberry,2.0
6643,1660.75,mRNA,mKalama1,3.0
6644,1661.0,topo,topoI,0.25
6644,1661.0,topo,gyrase,0.25
6644,1661.0,RNAP,RNAP,1.0
6644,1661.0,mRNA,tetA,23.0
6644,1661.0,mRNA,Raspberry,2.0
6644,1661.0,mRNA,mKalama1,3.0
6645,1661.25,topo,topoI,0.25
6645,1661.25,topo,gyrase,0.25
6645,1661.25,RNAP,RNAP,1.0
6645,1661.25,mRNA,tetA,23.0
6645,1661.25,mRNA,Raspberry,2.0
6645,1661.25,mRNA,mKalama1,3.0
6646,1661.5,topo,topoI,0.25
6646,1661.5,topo,gyrase,0.25
6646,1661.5,RNAP,RNAP,1.0
6646,1661.5,mRNA,tetA,23.0
6646,1661.5,mRNA,Raspberry,2.0
6646,1661.5,mRNA,mKalama1,3.0
6647,1661.75,topo,topoI,0.25
6647,1661.75,topo,gyrase,0.25
6647,1661.75,RNAP,RNAP,1.0
6647,1661.75,mRNA,tetA,23.0
6647,1661.75,mRNA,Raspberry,2.0
6647,1661.75,mRNA,mKalama1,3.0
6648,1662.0,topo,topoI,0.25
6648,1662.0,topo,gyrase,0.25
6648,1662.0,RNAP,RNAP,1.0
6648,1662.0,mRNA,tetA,23.0
6648,1662.0,mRNA,Raspberry,2.0
6648,1662.0,mRNA,mKalama1,3.0
6649,1662.25,topo,topoI,0.25
6649,1662.25,topo,gyrase,0.25
6649,1662.25,RNAP,RNAP,1.0
6649,1662.25,mRNA,tetA,23.0
6649,1662.25,mRNA,Raspberry,2.0
6649,1662.25,mRNA,mKalama1,3.0
6650,1662.5,topo,topoI,0.25
6650,1662.5,topo,gyrase,0.25
6650,1662.5,RNAP,RNAP,1.0
6650,1662.5,mRNA,tetA,23.0
6650,1662.5,mRNA,Raspberry,2.0
6650,1662.5,mRNA,mKalama1,3.0
6651,1662.75,topo,topoI,0.25
6651,1662.75,topo,gyrase,0.25
6651,1662.75,RNAP,RNAP,1.0
6651,1662.75,mRNA,tetA,23.0
6651,1662.75,mRNA,Raspberry,2.0
6651,1662.75,mRNA,mKalama1,3.0
6652,1663.0,topo,topoI,0.25
6652,1663.0,topo,gyrase,0.25
6652,1663.0,RNAP,RNAP,1.0
6652,1663.0,mRNA,tetA,23.0
6652,1663.0,mRNA,Raspberry,2.0
6652,1663.0,mRNA,mKalama1,3.0
6653,1663.25,topo,topoI,0.25
6653,1663.25,topo,gyrase,0.25
6653,1663.25,RNAP,RNAP,1.0
6653,1663.25,mRNA,tetA,23.0
6653,1663.25,mRNA,Raspberry,2.0
6653,1663.25,mRNA,mKalama1,3.0
6654,1663.5,topo,topoI,0.25
6654,1663.5,topo,gyrase,0.25
6654,1663.5,RNAP,RNAP,1.0
6654,1663.5,mRNA,tetA,23.0
6654,1663.5,mRNA,Raspberry,2.0
6654,1663.5,mRNA,mKalama1,3.0
6655,1663.75,topo,topoI,0.25
6655,1663.75,topo,gyrase,0.25
6655,1663.75,RNAP,RNAP,1.0
6655,1663.75,mRNA,tetA,23.0
6655,1663.75,mRNA,Raspberry,2.0
6655,1663.75,mRNA,mKalama1,3.0
6656,1664.0,topo,topoI,0.25
6656,1664.0,topo,gyrase,0.25
6656,1664.0,RNAP,RNAP,1.0
6656,1664.0,mRNA,tetA,23.0
6656,1664.0,mRNA,Raspberry,2.0
6656,1664.0,mRNA,mKalama1,3.0
6657,1664.25,topo,topoI,0.25
6657,1664.25,topo,gyrase,0.25
6657,1664.25,RNAP,RNAP,1.0
6657,1664.25,mRNA,tetA,23.0
6657,1664.25,mRNA,Raspberry,2.0
6657,1664.25,mRNA,mKalama1,3.0
6658,1664.5,topo,topoI,0.25
6658,1664.5,topo,gyrase,0.25
6658,1664.5,RNAP,RNAP,1.0
6658,1664.5,mRNA,tetA,23.0
6658,1664.5,mRNA,Raspberry,2.0
6658,1664.5,mRNA,mKalama1,3.0
6659,1664.75,topo,topoI,0.25
6659,1664.75,topo,gyrase,0.25
6659,1664.75,RNAP,RNAP,1.0
6659,1664.75,mRNA,tetA,23.0
6659,1664.75,mRNA,Raspberry,2.0
6659,1664.75,mRNA,mKalama1,3.0
6660,1665.0,topo,topoI,0.25
6660,1665.0,topo,gyrase,0.25
6660,1665.0,RNAP,RNAP,1.0
6660,1665.0,mRNA,tetA,23.0
6660,1665.0,mRNA,Raspberry,2.0
6660,1665.0,mRNA,mKalama1,3.0
6661,1665.25,topo,topoI,0.25
6661,1665.25,topo,gyrase,0.25
6661,1665.25,RNAP,RNAP,1.0
6661,1665.25,mRNA,tetA,23.0
6661,1665.25,mRNA,Raspberry,2.0
6661,1665.25,mRNA,mKalama1,3.0
6662,1665.5,topo,topoI,0.25
6662,1665.5,topo,gyrase,0.25
6662,1665.5,RNAP,RNAP,1.0
6662,1665.5,mRNA,tetA,23.0
6662,1665.5,mRNA,Raspberry,2.0
6662,1665.5,mRNA,mKalama1,3.0
6663,1665.75,topo,topoI,0.25
6663,1665.75,topo,gyrase,0.25
6663,1665.75,RNAP,RNAP,1.0
6663,1665.75,mRNA,tetA,23.0
6663,1665.75,mRNA,Raspberry,2.0
6663,1665.75,mRNA,mKalama1,3.0
6664,1666.0,topo,topoI,0.25
6664,1666.0,topo,gyrase,0.25
6664,1666.0,RNAP,RNAP,1.0
6664,1666.0,mRNA,tetA,23.0
6664,1666.0,mRNA,Raspberry,2.0
6664,1666.0,mRNA,mKalama1,3.0
6665,1666.25,topo,topoI,0.25
6665,1666.25,topo,gyrase,0.25
6665,1666.25,RNAP,RNAP,1.0
6665,1666.25,mRNA,tetA,23.0
6665,1666.25,mRNA,Raspberry,2.0
6665,1666.25,mRNA,mKalama1,3.0
6666,1666.5,topo,topoI,0.25
6666,1666.5,topo,gyrase,0.25
6666,1666.5,RNAP,RNAP,1.0
6666,1666.5,mRNA,tetA,23.0
6666,1666.5,mRNA,Raspberry,2.0
6666,1666.5,mRNA,mKalama1,3.0
6667,1666.75,topo,topoI,0.25
6667,1666.75,topo,gyrase,0.25
6667,1666.75,RNAP,RNAP,1.0
6667,1666.75,mRNA,tetA,23.0
6667,1666.75,mRNA,Raspberry,2.0
6667,1666.75,mRNA,mKalama1,3.0
6668,1667.0,topo,topoI,0.25
6668,1667.0,topo,gyrase,0.25
6668,1667.0,RNAP,RNAP,1.0
6668,1667.0,mRNA,tetA,23.0
6668,1667.0,mRNA,Raspberry,2.0
6668,1667.0,mRNA,mKalama1,3.0
6669,1667.25,topo,topoI,0.25
6669,1667.25,topo,gyrase,0.25
6669,1667.25,RNAP,RNAP,1.0
6669,1667.25,mRNA,tetA,23.0
6669,1667.25,mRNA,Raspberry,2.0
6669,1667.25,mRNA,mKalama1,3.0
6670,1667.5,topo,topoI,0.25
6670,1667.5,topo,gyrase,0.25
6670,1667.5,RNAP,RNAP,1.0
6670,1667.5,mRNA,tetA,23.0
6670,1667.5,mRNA,Raspberry,2.0
6670,1667.5,mRNA,mKalama1,3.0
6671,1667.75,topo,topoI,0.25
6671,1667.75,topo,gyrase,0.25
6671,1667.75,RNAP,RNAP,1.0
6671,1667.75,mRNA,tetA,23.0
6671,1667.75,mRNA,Raspberry,2.0
6671,1667.75,mRNA,mKalama1,3.0
6672,1668.0,topo,topoI,0.25
6672,1668.0,topo,gyrase,0.25
6672,1668.0,RNAP,RNAP,1.0
6672,1668.0,mRNA,tetA,23.0
6672,1668.0,mRNA,Raspberry,2.0
6672,1668.0,mRNA,mKalama1,3.0
6673,1668.25,topo,topoI,0.25
6673,1668.25,topo,gyrase,0.25
6673,1668.25,RNAP,RNAP,1.0
6673,1668.25,mRNA,tetA,23.0
6673,1668.25,mRNA,Raspberry,2.0
6673,1668.25,mRNA,mKalama1,3.0
6674,1668.5,topo,topoI,0.25
6674,1668.5,topo,gyrase,0.25
6674,1668.5,RNAP,RNAP,1.0
6674,1668.5,mRNA,tetA,23.0
6674,1668.5,mRNA,Raspberry,2.0
6674,1668.5,mRNA,mKalama1,3.0
6675,1668.75,topo,topoI,0.25
6675,1668.75,topo,gyrase,0.25
6675,1668.75,RNAP,RNAP,1.0
6675,1668.75,mRNA,tetA,23.0
6675,1668.75,mRNA,Raspberry,2.0
6675,1668.75,mRNA,mKalama1,3.0
6676,1669.0,topo,topoI,0.25
6676,1669.0,topo,gyrase,0.25
6676,1669.0,RNAP,RNAP,1.0
6676,1669.0,mRNA,tetA,23.0
6676,1669.0,mRNA,Raspberry,2.0
6676,1669.0,mRNA,mKalama1,3.0
6677,1669.25,topo,topoI,0.25
6677,1669.25,topo,gyrase,0.25
6677,1669.25,RNAP,RNAP,1.0
6677,1669.25,mRNA,tetA,23.0
6677,1669.25,mRNA,Raspberry,2.0
6677,1669.25,mRNA,mKalama1,3.0
6678,1669.5,topo,topoI,0.25
6678,1669.5,topo,gyrase,0.25
6678,1669.5,RNAP,RNAP,1.0
6678,1669.5,mRNA,tetA,23.0
6678,1669.5,mRNA,Raspberry,2.0
6678,1669.5,mRNA,mKalama1,3.0
6679,1669.75,topo,topoI,0.25
6679,1669.75,topo,gyrase,0.25
6679,1669.75,RNAP,RNAP,1.0
6679,1669.75,mRNA,tetA,23.0
6679,1669.75,mRNA,Raspberry,2.0
6679,1669.75,mRNA,mKalama1,3.0
6680,1670.0,topo,topoI,0.25
6680,1670.0,topo,gyrase,0.25
6680,1670.0,RNAP,RNAP,1.0
6680,1670.0,mRNA,tetA,23.0
6680,1670.0,mRNA,Raspberry,2.0
6680,1670.0,mRNA,mKalama1,3.0
6681,1670.25,topo,topoI,0.25
6681,1670.25,topo,gyrase,0.25
6681,1670.25,RNAP,RNAP,1.0
6681,1670.25,mRNA,tetA,23.0
6681,1670.25,mRNA,Raspberry,2.0
6681,1670.25,mRNA,mKalama1,3.0
6682,1670.5,topo,topoI,0.25
6682,1670.5,topo,gyrase,0.25
6682,1670.5,RNAP,RNAP,1.0
6682,1670.5,mRNA,tetA,23.0
6682,1670.5,mRNA,Raspberry,2.0
6682,1670.5,mRNA,mKalama1,3.0
6683,1670.75,topo,topoI,0.25
6683,1670.75,topo,gyrase,0.25
6683,1670.75,RNAP,RNAP,1.0
6683,1670.75,mRNA,tetA,23.0
6683,1670.75,mRNA,Raspberry,2.0
6683,1670.75,mRNA,mKalama1,3.0
6684,1671.0,topo,topoI,0.25
6684,1671.0,topo,gyrase,0.25
6684,1671.0,RNAP,RNAP,1.0
6684,1671.0,mRNA,tetA,23.0
6684,1671.0,mRNA,Raspberry,2.0
6684,1671.0,mRNA,mKalama1,3.0
6685,1671.25,topo,topoI,0.25
6685,1671.25,topo,gyrase,0.25
6685,1671.25,RNAP,RNAP,1.0
6685,1671.25,mRNA,tetA,23.0
6685,1671.25,mRNA,Raspberry,2.0
6685,1671.25,mRNA,mKalama1,3.0
6686,1671.5,topo,topoI,0.25
6686,1671.5,topo,gyrase,0.25
6686,1671.5,RNAP,RNAP,1.0
6686,1671.5,mRNA,tetA,23.0
6686,1671.5,mRNA,Raspberry,2.0
6686,1671.5,mRNA,mKalama1,3.0
6687,1671.75,topo,topoI,0.25
6687,1671.75,topo,gyrase,0.25
6687,1671.75,RNAP,RNAP,1.0
6687,1671.75,mRNA,tetA,23.0
6687,1671.75,mRNA,Raspberry,2.0
6687,1671.75,mRNA,mKalama1,3.0
6688,1672.0,topo,topoI,0.25
6688,1672.0,topo,gyrase,0.25
6688,1672.0,RNAP,RNAP,1.0
6688,1672.0,mRNA,tetA,23.0
6688,1672.0,mRNA,Raspberry,2.0
6688,1672.0,mRNA,mKalama1,3.0
6689,1672.25,topo,topoI,0.25
6689,1672.25,topo,gyrase,0.25
6689,1672.25,RNAP,RNAP,1.0
6689,1672.25,mRNA,tetA,23.0
6689,1672.25,mRNA,Raspberry,2.0
6689,1672.25,mRNA,mKalama1,3.0
6690,1672.5,topo,topoI,0.25
6690,1672.5,topo,gyrase,0.25
6690,1672.5,RNAP,RNAP,1.0
6690,1672.5,mRNA,tetA,23.0
6690,1672.5,mRNA,Raspberry,2.0
6690,1672.5,mRNA,mKalama1,3.0
6691,1672.75,topo,topoI,0.25
6691,1672.75,topo,gyrase,0.25
6691,1672.75,RNAP,RNAP,1.0
6691,1672.75,mRNA,tetA,23.0
6691,1672.75,mRNA,Raspberry,2.0
6691,1672.75,mRNA,mKalama1,3.0
6692,1673.0,topo,topoI,0.25
6692,1673.0,topo,gyrase,0.25
6692,1673.0,RNAP,RNAP,1.0
6692,1673.0,mRNA,tetA,23.0
6692,1673.0,mRNA,Raspberry,2.0
6692,1673.0,mRNA,mKalama1,3.0
6693,1673.25,topo,topoI,0.25
6693,1673.25,topo,gyrase,0.25
6693,1673.25,RNAP,RNAP,1.0
6693,1673.25,mRNA,tetA,23.0
6693,1673.25,mRNA,Raspberry,2.0
6693,1673.25,mRNA,mKalama1,3.0
6694,1673.5,topo,topoI,0.25
6694,1673.5,topo,gyrase,0.25
6694,1673.5,RNAP,RNAP,1.0
6694,1673.5,mRNA,tetA,23.0
6694,1673.5,mRNA,Raspberry,2.0
6694,1673.5,mRNA,mKalama1,3.0
6695,1673.75,topo,topoI,0.25
6695,1673.75,topo,gyrase,0.25
6695,1673.75,RNAP,RNAP,1.0
6695,1673.75,mRNA,tetA,23.0
6695,1673.75,mRNA,Raspberry,2.0
6695,1673.75,mRNA,mKalama1,3.0
6696,1674.0,topo,topoI,0.25
6696,1674.0,topo,gyrase,0.25
6696,1674.0,RNAP,RNAP,1.0
6696,1674.0,mRNA,tetA,23.0
6696,1674.0,mRNA,Raspberry,2.0
6696,1674.0,mRNA,mKalama1,3.0
6697,1674.25,topo,topoI,0.25
6697,1674.25,topo,gyrase,0.25
6697,1674.25,RNAP,RNAP,1.0
6697,1674.25,mRNA,tetA,23.0
6697,1674.25,mRNA,Raspberry,2.0
6697,1674.25,mRNA,mKalama1,3.0
6698,1674.5,topo,topoI,0.25
6698,1674.5,topo,gyrase,0.25
6698,1674.5,RNAP,RNAP,1.0
6698,1674.5,mRNA,tetA,23.0
6698,1674.5,mRNA,Raspberry,2.0
6698,1674.5,mRNA,mKalama1,3.0
6699,1674.75,topo,topoI,0.25
6699,1674.75,topo,gyrase,0.25
6699,1674.75,RNAP,RNAP,1.0
6699,1674.75,mRNA,tetA,23.0
6699,1674.75,mRNA,Raspberry,2.0
6699,1674.75,mRNA,mKalama1,3.0
6700,1675.0,topo,topoI,0.25
6700,1675.0,topo,gyrase,0.25
6700,1675.0,RNAP,RNAP,1.0
6700,1675.0,mRNA,tetA,23.0
6700,1675.0,mRNA,Raspberry,2.0
6700,1675.0,mRNA,mKalama1,3.0
6701,1675.25,topo,topoI,0.25
6701,1675.25,topo,gyrase,0.25
6701,1675.25,RNAP,RNAP,1.0
6701,1675.25,mRNA,tetA,23.0
6701,1675.25,mRNA,Raspberry,2.0
6701,1675.25,mRNA,mKalama1,3.0
6702,1675.5,topo,topoI,0.25
6702,1675.5,topo,gyrase,0.25
6702,1675.5,RNAP,RNAP,1.0
6702,1675.5,mRNA,tetA,23.0
6702,1675.5,mRNA,Raspberry,2.0
6702,1675.5,mRNA,mKalama1,3.0
6703,1675.75,topo,topoI,0.25
6703,1675.75,topo,gyrase,0.25
6703,1675.75,RNAP,RNAP,1.0
6703,1675.75,mRNA,tetA,23.0
6703,1675.75,mRNA,Raspberry,2.0
6703,1675.75,mRNA,mKalama1,3.0
6704,1676.0,topo,topoI,0.25
6704,1676.0,topo,gyrase,0.25
6704,1676.0,RNAP,RNAP,1.0
6704,1676.0,mRNA,tetA,23.0
6704,1676.0,mRNA,Raspberry,2.0
6704,1676.0,mRNA,mKalama1,3.0
6705,1676.25,topo,topoI,0.25
6705,1676.25,topo,gyrase,0.25
6705,1676.25,RNAP,RNAP,1.0
6705,1676.25,mRNA,tetA,23.0
6705,1676.25,mRNA,Raspberry,2.0
6705,1676.25,mRNA,mKalama1,3.0
6706,1676.5,topo,topoI,0.25
6706,1676.5,topo,gyrase,0.25
6706,1676.5,RNAP,RNAP,1.0
6706,1676.5,mRNA,tetA,23.0
6706,1676.5,mRNA,Raspberry,2.0
6706,1676.5,mRNA,mKalama1,3.0
6707,1676.75,topo,topoI,0.25
6707,1676.75,topo,gyrase,0.25
6707,1676.75,RNAP,RNAP,1.0
6707,1676.75,mRNA,tetA,23.0
6707,1676.75,mRNA,Raspberry,2.0
6707,1676.75,mRNA,mKalama1,3.0
6708,1677.0,topo,topoI,0.25
6708,1677.0,topo,gyrase,0.25
6708,1677.0,RNAP,RNAP,1.0
6708,1677.0,mRNA,tetA,23.0
6708,1677.0,mRNA,Raspberry,2.0
6708,1677.0,mRNA,mKalama1,3.0
6709,1677.25,topo,topoI,0.25
6709,1677.25,topo,gyrase,0.25
6709,1677.25,RNAP,RNAP,1.0
6709,1677.25,mRNA,tetA,23.0
6709,1677.25,mRNA,Raspberry,2.0
6709,1677.25,mRNA,mKalama1,3.0
6710,1677.5,topo,topoI,0.25
6710,1677.5,topo,gyrase,0.25
6710,1677.5,RNAP,RNAP,1.0
6710,1677.5,mRNA,tetA,23.0
6710,1677.5,mRNA,Raspberry,2.0
6710,1677.5,mRNA,mKalama1,3.0
6711,1677.75,topo,topoI,0.25
6711,1677.75,topo,gyrase,0.25
6711,1677.75,RNAP,RNAP,1.0
6711,1677.75,mRNA,tetA,23.0
6711,1677.75,mRNA,Raspberry,2.0
6711,1677.75,mRNA,mKalama1,3.0
6712,1678.0,topo,topoI,0.25
6712,1678.0,topo,gyrase,0.25
6712,1678.0,RNAP,RNAP,1.0
6712,1678.0,mRNA,tetA,23.0
6712,1678.0,mRNA,Raspberry,2.0
6712,1678.0,mRNA,mKalama1,3.0
6713,1678.25,topo,topoI,0.25
6713,1678.25,topo,gyrase,0.25
6713,1678.25,RNAP,RNAP,1.0
6713,1678.25,mRNA,tetA,23.0
6713,1678.25,mRNA,Raspberry,2.0
6713,1678.25,mRNA,mKalama1,3.0
6714,1678.5,topo,topoI,0.25
6714,1678.5,topo,gyrase,0.25
6714,1678.5,RNAP,RNAP,1.0
6714,1678.5,mRNA,tetA,23.0
6714,1678.5,mRNA,Raspberry,2.0
6714,1678.5,mRNA,mKalama1,3.0
6715,1678.75,topo,topoI,0.25
6715,1678.75,topo,gyrase,0.25
6715,1678.75,RNAP,RNAP,1.0
6715,1678.75,mRNA,tetA,23.0
6715,1678.75,mRNA,Raspberry,2.0
6715,1678.75,mRNA,mKalama1,3.0
6716,1679.0,topo,topoI,0.25
6716,1679.0,topo,gyrase,0.25
6716,1679.0,RNAP,RNAP,1.0
6716,1679.0,mRNA,tetA,23.0
6716,1679.0,mRNA,Raspberry,2.0
6716,1679.0,mRNA,mKalama1,3.0
6717,1679.25,topo,topoI,0.25
6717,1679.25,topo,gyrase,0.25
6717,1679.25,RNAP,RNAP,1.0
6717,1679.25,mRNA,tetA,23.0
6717,1679.25,mRNA,Raspberry,2.0
6717,1679.25,mRNA,mKalama1,3.0
6718,1679.5,topo,topoI,0.25
6718,1679.5,topo,gyrase,0.25
6718,1679.5,RNAP,RNAP,1.0
6718,1679.5,mRNA,tetA,23.0
6718,1679.5,mRNA,Raspberry,2.0
6718,1679.5,mRNA,mKalama1,3.0
6719,1679.75,topo,topoI,0.25
6719,1679.75,topo,gyrase,0.25
6719,1679.75,RNAP,RNAP,1.0
6719,1679.75,mRNA,tetA,23.0
6719,1679.75,mRNA,Raspberry,2.0
6719,1679.75,mRNA,mKalama1,3.0
6720,1680.0,topo,topoI,0.25
6720,1680.0,topo,gyrase,0.25
6720,1680.0,RNAP,RNAP,1.0
6720,1680.0,mRNA,tetA,23.0
6720,1680.0,mRNA,Raspberry,2.0
6720,1680.0,mRNA,mKalama1,3.0
6721,1680.25,topo,topoI,0.25
6721,1680.25,topo,gyrase,0.25
6721,1680.25,RNAP,RNAP,1.0
6721,1680.25,mRNA,tetA,23.0
6721,1680.25,mRNA,Raspberry,2.0
6721,1680.25,mRNA,mKalama1,3.0
6722,1680.5,topo,topoI,0.25
6722,1680.5,topo,gyrase,0.25
6722,1680.5,RNAP,RNAP,1.0
6722,1680.5,mRNA,tetA,23.0
6722,1680.5,mRNA,Raspberry,2.0
6722,1680.5,mRNA,mKalama1,3.0
6723,1680.75,topo,topoI,0.25
6723,1680.75,topo,gyrase,0.25
6723,1680.75,RNAP,RNAP,1.0
6723,1680.75,mRNA,tetA,23.0
6723,1680.75,mRNA,Raspberry,2.0
6723,1680.75,mRNA,mKalama1,3.0
6724,1681.0,topo,topoI,0.25
6724,1681.0,topo,gyrase,0.25
6724,1681.0,RNAP,RNAP,1.0
6724,1681.0,mRNA,tetA,23.0
6724,1681.0,mRNA,Raspberry,2.0
6724,1681.0,mRNA,mKalama1,3.0
6725,1681.25,topo,topoI,0.25
6725,1681.25,topo,gyrase,0.25
6725,1681.25,RNAP,RNAP,1.0
6725,1681.25,mRNA,tetA,23.0
6725,1681.25,mRNA,Raspberry,2.0
6725,1681.25,mRNA,mKalama1,3.0
6726,1681.5,topo,topoI,0.25
6726,1681.5,topo,gyrase,0.25
6726,1681.5,RNAP,RNAP,1.0
6726,1681.5,mRNA,tetA,23.0
6726,1681.5,mRNA,Raspberry,2.0
6726,1681.5,mRNA,mKalama1,3.0
6727,1681.75,topo,topoI,0.25
6727,1681.75,topo,gyrase,0.25
6727,1681.75,RNAP,RNAP,1.0
6727,1681.75,mRNA,tetA,23.0
6727,1681.75,mRNA,Raspberry,2.0
6727,1681.75,mRNA,mKalama1,3.0
6728,1682.0,topo,topoI,0.25
6728,1682.0,topo,gyrase,0.25
6728,1682.0,RNAP,RNAP,1.0
6728,1682.0,mRNA,tetA,23.0
6728,1682.0,mRNA,Raspberry,2.0
6728,1682.0,mRNA,mKalama1,3.0
6729,1682.25,topo,topoI,0.25
6729,1682.25,topo,gyrase,0.25
6729,1682.25,RNAP,RNAP,1.0
6729,1682.25,mRNA,tetA,23.0
6729,1682.25,mRNA,Raspberry,2.0
6729,1682.25,mRNA,mKalama1,3.0
6730,1682.5,topo,topoI,0.25
6730,1682.5,topo,gyrase,0.25
6730,1682.5,RNAP,RNAP,1.0
6730,1682.5,mRNA,tetA,23.0
6730,1682.5,mRNA,Raspberry,2.0
6730,1682.5,mRNA,mKalama1,3.0
6731,1682.75,topo,topoI,0.25
6731,1682.75,topo,gyrase,0.25
6731,1682.75,RNAP,RNAP,1.0
6731,1682.75,mRNA,tetA,23.0
6731,1682.75,mRNA,Raspberry,2.0
6731,1682.75,mRNA,mKalama1,3.0
6732,1683.0,topo,topoI,0.25
6732,1683.0,topo,gyrase,0.25
6732,1683.0,RNAP,RNAP,1.0
6732,1683.0,mRNA,tetA,23.0
6732,1683.0,mRNA,Raspberry,2.0
6732,1683.0,mRNA,mKalama1,3.0
6733,1683.25,topo,topoI,0.25
6733,1683.25,topo,gyrase,0.25
6733,1683.25,RNAP,RNAP,1.0
6733,1683.25,mRNA,tetA,23.0
6733,1683.25,mRNA,Raspberry,2.0
6733,1683.25,mRNA,mKalama1,3.0
6734,1683.5,topo,topoI,0.25
6734,1683.5,topo,gyrase,0.25
6734,1683.5,RNAP,RNAP,1.0
6734,1683.5,mRNA,tetA,23.0
6734,1683.5,mRNA,Raspberry,2.0
6734,1683.5,mRNA,mKalama1,3.0
6735,1683.75,topo,topoI,0.25
6735,1683.75,topo,gyrase,0.25
6735,1683.75,RNAP,RNAP,1.0
6735,1683.75,mRNA,tetA,23.0
6735,1683.75,mRNA,Raspberry,2.0
6735,1683.75,mRNA,mKalama1,3.0
6736,1684.0,topo,topoI,0.25
6736,1684.0,topo,gyrase,0.25
6736,1684.0,RNAP,RNAP,1.0
6736,1684.0,mRNA,tetA,23.0
6736,1684.0,mRNA,Raspberry,2.0
6736,1684.0,mRNA,mKalama1,3.0
6737,1684.25,topo,topoI,0.25
6737,1684.25,topo,gyrase,0.25
6737,1684.25,RNAP,RNAP,1.0
6737,1684.25,mRNA,tetA,23.0
6737,1684.25,mRNA,Raspberry,2.0
6737,1684.25,mRNA,mKalama1,3.0
6738,1684.5,topo,topoI,0.25
6738,1684.5,topo,gyrase,0.25
6738,1684.5,RNAP,RNAP,1.0
6738,1684.5,mRNA,tetA,23.0
6738,1684.5,mRNA,Raspberry,2.0
6738,1684.5,mRNA,mKalama1,3.0
6739,1684.75,topo,topoI,0.25
6739,1684.75,topo,gyrase,0.25
6739,1684.75,RNAP,RNAP,1.0
6739,1684.75,mRNA,tetA,23.0
6739,1684.75,mRNA,Raspberry,2.0
6739,1684.75,mRNA,mKalama1,3.0
6740,1685.0,topo,topoI,0.25
6740,1685.0,topo,gyrase,0.25
6740,1685.0,RNAP,RNAP,1.0
6740,1685.0,mRNA,tetA,23.0
6740,1685.0,mRNA,Raspberry,2.0
6740,1685.0,mRNA,mKalama1,3.0
6741,1685.25,topo,topoI,0.25
6741,1685.25,topo,gyrase,0.25
6741,1685.25,RNAP,RNAP,1.0
6741,1685.25,mRNA,tetA,23.0
6741,1685.25,mRNA,Raspberry,2.0
6741,1685.25,mRNA,mKalama1,3.0
6742,1685.5,topo,topoI,0.25
6742,1685.5,topo,gyrase,0.25
6742,1685.5,RNAP,RNAP,1.0
6742,1685.5,mRNA,tetA,23.0
6742,1685.5,mRNA,Raspberry,2.0
6742,1685.5,mRNA,mKalama1,3.0
6743,1685.75,topo,topoI,0.25
6743,1685.75,topo,gyrase,0.25
6743,1685.75,RNAP,RNAP,1.0
6743,1685.75,mRNA,tetA,23.0
6743,1685.75,mRNA,Raspberry,2.0
6743,1685.75,mRNA,mKalama1,3.0
6744,1686.0,topo,topoI,0.25
6744,1686.0,topo,gyrase,0.25
6744,1686.0,RNAP,RNAP,1.0
6744,1686.0,mRNA,tetA,23.0
6744,1686.0,mRNA,Raspberry,2.0
6744,1686.0,mRNA,mKalama1,3.0
6745,1686.25,topo,topoI,0.25
6745,1686.25,topo,gyrase,0.25
6745,1686.25,RNAP,RNAP,1.0
6745,1686.25,mRNA,tetA,23.0
6745,1686.25,mRNA,Raspberry,2.0
6745,1686.25,mRNA,mKalama1,3.0
6746,1686.5,topo,topoI,0.25
6746,1686.5,topo,gyrase,0.25
6746,1686.5,RNAP,RNAP,1.0
6746,1686.5,mRNA,tetA,23.0
6746,1686.5,mRNA,Raspberry,2.0
6746,1686.5,mRNA,mKalama1,3.0
6747,1686.75,topo,topoI,0.25
6747,1686.75,topo,gyrase,0.25
6747,1686.75,RNAP,RNAP,1.0
6747,1686.75,mRNA,tetA,23.0
6747,1686.75,mRNA,Raspberry,2.0
6747,1686.75,mRNA,mKalama1,3.0
6748,1687.0,topo,topoI,0.25
6748,1687.0,topo,gyrase,0.25
6748,1687.0,RNAP,RNAP,1.0
6748,1687.0,mRNA,tetA,23.0
6748,1687.0,mRNA,Raspberry,2.0
6748,1687.0,mRNA,mKalama1,3.0
6749,1687.25,topo,topoI,0.25
6749,1687.25,topo,gyrase,0.25
6749,1687.25,RNAP,RNAP,1.0
6749,1687.25,mRNA,tetA,23.0
6749,1687.25,mRNA,Raspberry,2.0
6749,1687.25,mRNA,mKalama1,3.0
6750,1687.5,topo,topoI,0.25
6750,1687.5,topo,gyrase,0.25
6750,1687.5,RNAP,RNAP,1.0
6750,1687.5,mRNA,tetA,23.0
6750,1687.5,mRNA,Raspberry,2.0
6750,1687.5,mRNA,mKalama1,3.0
6751,1687.75,topo,topoI,0.25
6751,1687.75,topo,gyrase,0.25
6751,1687.75,RNAP,RNAP,1.0
6751,1687.75,mRNA,tetA,23.0
6751,1687.75,mRNA,Raspberry,2.0
6751,1687.75,mRNA,mKalama1,3.0
6752,1688.0,topo,topoI,0.25
6752,1688.0,topo,gyrase,0.25
6752,1688.0,RNAP,RNAP,1.0
6752,1688.0,mRNA,tetA,23.0
6752,1688.0,mRNA,Raspberry,2.0
6752,1688.0,mRNA,mKalama1,3.0
6753,1688.25,topo,topoI,0.25
6753,1688.25,topo,gyrase,0.25
6753,1688.25,RNAP,RNAP,1.0
6753,1688.25,mRNA,tetA,23.0
6753,1688.25,mRNA,Raspberry,2.0
6753,1688.25,mRNA,mKalama1,3.0
6754,1688.5,topo,topoI,0.25
6754,1688.5,topo,gyrase,0.25
6754,1688.5,RNAP,RNAP,1.0
6754,1688.5,mRNA,tetA,23.0
6754,1688.5,mRNA,Raspberry,2.0
6754,1688.5,mRNA,mKalama1,3.0
6755,1688.75,topo,topoI,0.25
6755,1688.75,topo,gyrase,0.25
6755,1688.75,RNAP,RNAP,1.0
6755,1688.75,mRNA,tetA,23.0
6755,1688.75,mRNA,Raspberry,2.0
6755,1688.75,mRNA,mKalama1,3.0
6756,1689.0,topo,topoI,0.25
6756,1689.0,topo,gyrase,0.25
6756,1689.0,RNAP,RNAP,1.0
6756,1689.0,mRNA,tetA,23.0
6756,1689.0,mRNA,Raspberry,2.0
6756,1689.0,mRNA,mKalama1,3.0
6757,1689.25,topo,topoI,0.25
6757,1689.25,topo,gyrase,0.25
6757,1689.25,RNAP,RNAP,1.0
6757,1689.25,mRNA,tetA,23.0
6757,1689.25,mRNA,Raspberry,2.0
6757,1689.25,mRNA,mKalama1,3.0
6758,1689.5,topo,topoI,0.25
6758,1689.5,topo,gyrase,0.25
6758,1689.5,RNAP,RNAP,1.0
6758,1689.5,mRNA,tetA,23.0
6758,1689.5,mRNA,Raspberry,2.0
6758,1689.5,mRNA,mKalama1,3.0
6759,1689.75,topo,topoI,0.25
6759,1689.75,topo,gyrase,0.25
6759,1689.75,RNAP,RNAP,1.0
6759,1689.75,mRNA,tetA,23.0
6759,1689.75,mRNA,Raspberry,2.0
6759,1689.75,mRNA,mKalama1,3.0
6760,1690.0,topo,topoI,0.25
6760,1690.0,topo,gyrase,0.25
6760,1690.0,RNAP,RNAP,1.0
6760,1690.0,mRNA,tetA,23.0
6760,1690.0,mRNA,Raspberry,2.0
6760,1690.0,mRNA,mKalama1,3.0
6761,1690.25,topo,topoI,0.25
6761,1690.25,topo,gyrase,0.25
6761,1690.25,RNAP,RNAP,1.0
6761,1690.25,mRNA,tetA,23.0
6761,1690.25,mRNA,Raspberry,2.0
6761,1690.25,mRNA,mKalama1,3.0
6762,1690.5,topo,topoI,0.25
6762,1690.5,topo,gyrase,0.25
6762,1690.5,RNAP,RNAP,1.0
6762,1690.5,mRNA,tetA,23.0
6762,1690.5,mRNA,Raspberry,2.0
6762,1690.5,mRNA,mKalama1,3.0
6763,1690.75,topo,topoI,0.25
6763,1690.75,topo,gyrase,0.25
6763,1690.75,RNAP,RNAP,1.0
6763,1690.75,mRNA,tetA,23.0
6763,1690.75,mRNA,Raspberry,2.0
6763,1690.75,mRNA,mKalama1,3.0
6764,1691.0,topo,topoI,0.25
6764,1691.0,topo,gyrase,0.25
6764,1691.0,RNAP,RNAP,1.0
6764,1691.0,mRNA,tetA,23.0
6764,1691.0,mRNA,Raspberry,2.0
6764,1691.0,mRNA,mKalama1,3.0
6765,1691.25,topo,topoI,0.25
6765,1691.25,topo,gyrase,0.25
6765,1691.25,RNAP,RNAP,1.0
6765,1691.25,mRNA,tetA,23.0
6765,1691.25,mRNA,Raspberry,2.0
6765,1691.25,mRNA,mKalama1,3.0
6766,1691.5,topo,topoI,0.25
6766,1691.5,topo,gyrase,0.25
6766,1691.5,RNAP,RNAP,1.0
6766,1691.5,mRNA,tetA,23.0
6766,1691.5,mRNA,Raspberry,2.0
6766,1691.5,mRNA,mKalama1,3.0
6767,1691.75,topo,topoI,0.25
6767,1691.75,topo,gyrase,0.25
6767,1691.75,RNAP,RNAP,1.0
6767,1691.75,mRNA,tetA,23.0
6767,1691.75,mRNA,Raspberry,2.0
6767,1691.75,mRNA,mKalama1,3.0
6768,1692.0,topo,topoI,0.25
6768,1692.0,topo,gyrase,0.25
6768,1692.0,RNAP,RNAP,1.0
6768,1692.0,mRNA,tetA,23.0
6768,1692.0,mRNA,Raspberry,2.0
6768,1692.0,mRNA,mKalama1,3.0
6769,1692.25,topo,topoI,0.25
6769,1692.25,topo,gyrase,0.25
6769,1692.25,RNAP,RNAP,1.0
6769,1692.25,mRNA,tetA,23.0
6769,1692.25,mRNA,Raspberry,2.0
6769,1692.25,mRNA,mKalama1,3.0
6770,1692.5,topo,topoI,0.25
6770,1692.5,topo,gyrase,0.25
6770,1692.5,RNAP,RNAP,1.0
6770,1692.5,mRNA,tetA,23.0
6770,1692.5,mRNA,Raspberry,2.0
6770,1692.5,mRNA,mKalama1,3.0
6771,1692.75,topo,topoI,0.25
6771,1692.75,topo,gyrase,0.25
6771,1692.75,RNAP,RNAP,1.0
6771,1692.75,mRNA,tetA,23.0
6771,1692.75,mRNA,Raspberry,2.0
6771,1692.75,mRNA,mKalama1,3.0
6772,1693.0,topo,topoI,0.25
6772,1693.0,topo,gyrase,0.25
6772,1693.0,RNAP,RNAP,1.0
6772,1693.0,mRNA,tetA,23.0
6772,1693.0,mRNA,Raspberry,2.0
6772,1693.0,mRNA,mKalama1,3.0
6773,1693.25,topo,topoI,0.25
6773,1693.25,topo,gyrase,0.25
6773,1693.25,RNAP,RNAP,1.0
6773,1693.25,mRNA,tetA,23.0
6773,1693.25,mRNA,Raspberry,2.0
6773,1693.25,mRNA,mKalama1,3.0
6774,1693.5,topo,topoI,0.25
6774,1693.5,topo,gyrase,0.25
6774,1693.5,RNAP,RNAP,1.0
6774,1693.5,mRNA,tetA,23.0
6774,1693.5,mRNA,Raspberry,2.0
6774,1693.5,mRNA,mKalama1,3.0
6775,1693.75,topo,topoI,0.25
6775,1693.75,topo,gyrase,0.25
6775,1693.75,RNAP,RNAP,1.0
6775,1693.75,mRNA,tetA,23.0
6775,1693.75,mRNA,Raspberry,2.0
6775,1693.75,mRNA,mKalama1,3.0
6776,1694.0,topo,topoI,0.25
6776,1694.0,topo,gyrase,0.25
6776,1694.0,RNAP,RNAP,1.0
6776,1694.0,mRNA,tetA,23.0
6776,1694.0,mRNA,Raspberry,2.0
6776,1694.0,mRNA,mKalama1,3.0
6777,1694.25,topo,topoI,0.25
6777,1694.25,topo,gyrase,0.25
6777,1694.25,RNAP,RNAP,1.0
6777,1694.25,mRNA,tetA,23.0
6777,1694.25,mRNA,Raspberry,2.0
6777,1694.25,mRNA,mKalama1,3.0
6778,1694.5,topo,topoI,0.25
6778,1694.5,topo,gyrase,0.25
6778,1694.5,RNAP,RNAP,1.0
6778,1694.5,mRNA,tetA,23.0
6778,1694.5,mRNA,Raspberry,2.0
6778,1694.5,mRNA,mKalama1,3.0
6779,1694.75,topo,topoI,0.25
6779,1694.75,topo,gyrase,0.25
6779,1694.75,RNAP,RNAP,1.0
6779,1694.75,mRNA,tetA,23.0
6779,1694.75,mRNA,Raspberry,2.0
6779,1694.75,mRNA,mKalama1,3.0
6780,1695.0,topo,topoI,0.25
6780,1695.0,topo,gyrase,0.25
6780,1695.0,RNAP,RNAP,1.0
6780,1695.0,mRNA,tetA,23.0
6780,1695.0,mRNA,Raspberry,2.0
6780,1695.0,mRNA,mKalama1,3.0
6781,1695.25,topo,topoI,0.25
6781,1695.25,topo,gyrase,0.25
6781,1695.25,RNAP,RNAP,1.0
6781,1695.25,mRNA,tetA,23.0
6781,1695.25,mRNA,Raspberry,2.0
6781,1695.25,mRNA,mKalama1,3.0
6782,1695.5,topo,topoI,0.25
6782,1695.5,topo,gyrase,0.25
6782,1695.5,RNAP,RNAP,1.0
6782,1695.5,mRNA,tetA,23.0
6782,1695.5,mRNA,Raspberry,2.0
6782,1695.5,mRNA,mKalama1,3.0
6783,1695.75,topo,topoI,0.25
6783,1695.75,topo,gyrase,0.25
6783,1695.75,RNAP,RNAP,1.0
6783,1695.75,mRNA,tetA,23.0
6783,1695.75,mRNA,Raspberry,2.0
6783,1695.75,mRNA,mKalama1,3.0
6784,1696.0,topo,topoI,0.25
6784,1696.0,topo,gyrase,0.25
6784,1696.0,RNAP,RNAP,1.0
6784,1696.0,mRNA,tetA,23.0
6784,1696.0,mRNA,Raspberry,2.0
6784,1696.0,mRNA,mKalama1,3.0
6785,1696.25,topo,topoI,0.25
6785,1696.25,topo,gyrase,0.25
6785,1696.25,RNAP,RNAP,1.0
6785,1696.25,mRNA,tetA,23.0
6785,1696.25,mRNA,Raspberry,2.0
6785,1696.25,mRNA,mKalama1,3.0
6786,1696.5,topo,topoI,0.25
6786,1696.5,topo,gyrase,0.25
6786,1696.5,RNAP,RNAP,1.0
6786,1696.5,mRNA,tetA,23.0
6786,1696.5,mRNA,Raspberry,2.0
6786,1696.5,mRNA,mKalama1,3.0
6787,1696.75,topo,topoI,0.25
6787,1696.75,topo,gyrase,0.25
6787,1696.75,RNAP,RNAP,1.0
6787,1696.75,mRNA,tetA,23.0
6787,1696.75,mRNA,Raspberry,2.0
6787,1696.75,mRNA,mKalama1,3.0
6788,1697.0,topo,topoI,0.25
6788,1697.0,topo,gyrase,0.25
6788,1697.0,RNAP,RNAP,1.0
6788,1697.0,mRNA,tetA,23.0
6788,1697.0,mRNA,Raspberry,2.0
6788,1697.0,mRNA,mKalama1,3.0
6789,1697.25,topo,topoI,0.25
6789,1697.25,topo,gyrase,0.25
6789,1697.25,RNAP,RNAP,1.0
6789,1697.25,mRNA,tetA,23.0
6789,1697.25,mRNA,Raspberry,2.0
6789,1697.25,mRNA,mKalama1,3.0
6790,1697.5,topo,topoI,0.25
6790,1697.5,topo,gyrase,0.25
6790,1697.5,RNAP,RNAP,1.0
6790,1697.5,mRNA,tetA,23.0
6790,1697.5,mRNA,Raspberry,2.0
6790,1697.5,mRNA,mKalama1,3.0
6791,1697.75,topo,topoI,0.25
6791,1697.75,topo,gyrase,0.25
6791,1697.75,RNAP,RNAP,1.0
6791,1697.75,mRNA,tetA,23.0
6791,1697.75,mRNA,Raspberry,2.0
6791,1697.75,mRNA,mKalama1,3.0
6792,1698.0,topo,topoI,0.25
6792,1698.0,topo,gyrase,0.25
6792,1698.0,RNAP,RNAP,1.0
6792,1698.0,mRNA,tetA,23.0
6792,1698.0,mRNA,Raspberry,2.0
6792,1698.0,mRNA,mKalama1,3.0
6793,1698.25,topo,topoI,0.25
6793,1698.25,topo,gyrase,0.25
6793,1698.25,RNAP,RNAP,1.0
6793,1698.25,mRNA,tetA,23.0
6793,1698.25,mRNA,Raspberry,2.0
6793,1698.25,mRNA,mKalama1,3.0
6794,1698.5,topo,topoI,0.25
6794,1698.5,topo,gyrase,0.25
6794,1698.5,RNAP,RNAP,1.0
6794,1698.5,mRNA,tetA,23.0
6794,1698.5,mRNA,Raspberry,2.0
6794,1698.5,mRNA,mKalama1,3.0
6795,1698.75,topo,topoI,0.25
6795,1698.75,topo,gyrase,0.25
6795,1698.75,RNAP,RNAP,1.0
6795,1698.75,mRNA,tetA,23.0
6795,1698.75,mRNA,Raspberry,2.0
6795,1698.75,mRNA,mKalama1,3.0
6796,1699.0,topo,topoI,0.25
6796,1699.0,topo,gyrase,0.25
6796,1699.0,RNAP,RNAP,1.0
6796,1699.0,mRNA,tetA,23.0
6796,1699.0,mRNA,Raspberry,2.0
6796,1699.0,mRNA,mKalama1,3.0
6797,1699.25,topo,topoI,0.25
6797,1699.25,topo,gyrase,0.25
6797,1699.25,RNAP,RNAP,1.0
6797,1699.25,mRNA,tetA,23.0
6797,1699.25,mRNA,Raspberry,2.0
6797,1699.25,mRNA,mKalama1,3.0
6798,1699.5,topo,topoI,0.25
6798,1699.5,topo,gyrase,0.25
6798,1699.5,RNAP,RNAP,1.0
6798,1699.5,mRNA,tetA,23.0
6798,1699.5,mRNA,Raspberry,2.0
6798,1699.5,mRNA,mKalama1,3.0
6799,1699.75,topo,topoI,0.25
6799,1699.75,topo,gyrase,0.25
6799,1699.75,RNAP,RNAP,1.0
6799,1699.75,mRNA,tetA,23.0
6799,1699.75,mRNA,Raspberry,2.0
6799,1699.75,mRNA,mKalama1,3.0
6800,1700.0,topo,topoI,0.25
6800,1700.0,topo,gyrase,0.25
6800,1700.0,RNAP,RNAP,1.0
6800,1700.0,mRNA,tetA,23.0
6800,1700.0,mRNA,Raspberry,2.0
6800,1700.0,mRNA,mKalama1,3.0
6801,1700.25,topo,topoI,0.25
6801,1700.25,topo,gyrase,0.25
6801,1700.25,RNAP,RNAP,1.0
6801,1700.25,mRNA,tetA,23.0
6801,1700.25,mRNA,Raspberry,2.0
6801,1700.25,mRNA,mKalama1,3.0
6802,1700.5,topo,topoI,0.25
6802,1700.5,topo,gyrase,0.25
6802,1700.5,RNAP,RNAP,1.0
6802,1700.5,mRNA,tetA,23.0
6802,1700.5,mRNA,Raspberry,2.0
6802,1700.5,mRNA,mKalama1,3.0
6803,1700.75,topo,topoI,0.25
6803,1700.75,topo,gyrase,0.25
6803,1700.75,RNAP,RNAP,1.0
6803,1700.75,mRNA,tetA,23.0
6803,1700.75,mRNA,Raspberry,2.0
6803,1700.75,mRNA,mKalama1,3.0
6804,1701.0,topo,topoI,0.25
6804,1701.0,topo,gyrase,0.25
6804,1701.0,RNAP,RNAP,1.0
6804,1701.0,mRNA,tetA,23.0
6804,1701.0,mRNA,Raspberry,2.0
6804,1701.0,mRNA,mKalama1,3.0
6805,1701.25,topo,topoI,0.25
6805,1701.25,topo,gyrase,0.25
6805,1701.25,RNAP,RNAP,1.0
6805,1701.25,mRNA,tetA,23.0
6805,1701.25,mRNA,Raspberry,2.0
6805,1701.25,mRNA,mKalama1,3.0
6806,1701.5,topo,topoI,0.25
6806,1701.5,topo,gyrase,0.25
6806,1701.5,RNAP,RNAP,1.0
6806,1701.5,mRNA,tetA,23.0
6806,1701.5,mRNA,Raspberry,2.0
6806,1701.5,mRNA,mKalama1,3.0
6807,1701.75,topo,topoI,0.25
6807,1701.75,topo,gyrase,0.25
6807,1701.75,RNAP,RNAP,1.0
6807,1701.75,mRNA,tetA,23.0
6807,1701.75,mRNA,Raspberry,2.0
6807,1701.75,mRNA,mKalama1,3.0
6808,1702.0,topo,topoI,0.25
6808,1702.0,topo,gyrase,0.25
6808,1702.0,RNAP,RNAP,1.0
6808,1702.0,mRNA,tetA,23.0
6808,1702.0,mRNA,Raspberry,2.0
6808,1702.0,mRNA,mKalama1,3.0
6809,1702.25,topo,topoI,0.25
6809,1702.25,topo,gyrase,0.25
6809,1702.25,RNAP,RNAP,1.0
6809,1702.25,mRNA,tetA,23.0
6809,1702.25,mRNA,Raspberry,2.0
6809,1702.25,mRNA,mKalama1,3.0
6810,1702.5,topo,topoI,0.25
6810,1702.5,topo,gyrase,0.25
6810,1702.5,RNAP,RNAP,1.0
6810,1702.5,mRNA,tetA,23.0
6810,1702.5,mRNA,Raspberry,2.0
6810,1702.5,mRNA,mKalama1,3.0
6811,1702.75,topo,topoI,0.25
6811,1702.75,topo,gyrase,0.25
6811,1702.75,RNAP,RNAP,1.0
6811,1702.75,mRNA,tetA,23.0
6811,1702.75,mRNA,Raspberry,2.0
6811,1702.75,mRNA,mKalama1,3.0
6812,1703.0,topo,topoI,0.25
6812,1703.0,topo,gyrase,0.25
6812,1703.0,RNAP,RNAP,1.0
6812,1703.0,mRNA,tetA,23.0
6812,1703.0,mRNA,Raspberry,2.0
6812,1703.0,mRNA,mKalama1,3.0
6813,1703.25,topo,topoI,0.25
6813,1703.25,topo,gyrase,0.25
6813,1703.25,RNAP,RNAP,1.0
6813,1703.25,mRNA,tetA,23.0
6813,1703.25,mRNA,Raspberry,2.0
6813,1703.25,mRNA,mKalama1,3.0
6814,1703.5,topo,topoI,0.25
6814,1703.5,topo,gyrase,0.25
6814,1703.5,RNAP,RNAP,1.0
6814,1703.5,mRNA,tetA,23.0
6814,1703.5,mRNA,Raspberry,2.0
6814,1703.5,mRNA,mKalama1,3.0
6815,1703.75,topo,topoI,0.25
6815,1703.75,topo,gyrase,0.25
6815,1703.75,RNAP,RNAP,1.0
6815,1703.75,mRNA,tetA,23.0
6815,1703.75,mRNA,Raspberry,2.0
6815,1703.75,mRNA,mKalama1,3.0
6816,1704.0,topo,topoI,0.25
6816,1704.0,topo,gyrase,0.25
6816,1704.0,RNAP,RNAP,1.0
6816,1704.0,mRNA,tetA,23.0
6816,1704.0,mRNA,Raspberry,2.0
6816,1704.0,mRNA,mKalama1,3.0
6817,1704.25,topo,topoI,0.25
6817,1704.25,topo,gyrase,0.25
6817,1704.25,RNAP,RNAP,1.0
6817,1704.25,mRNA,tetA,23.0
6817,1704.25,mRNA,Raspberry,2.0
6817,1704.25,mRNA,mKalama1,3.0
6818,1704.5,topo,topoI,0.25
6818,1704.5,topo,gyrase,0.25
6818,1704.5,RNAP,RNAP,1.0
6818,1704.5,mRNA,tetA,23.0
6818,1704.5,mRNA,Raspberry,2.0
6818,1704.5,mRNA,mKalama1,3.0
6819,1704.75,topo,topoI,0.25
6819,1704.75,topo,gyrase,0.25
6819,1704.75,RNAP,RNAP,1.0
6819,1704.75,mRNA,tetA,23.0
6819,1704.75,mRNA,Raspberry,2.0
6819,1704.75,mRNA,mKalama1,3.0
6820,1705.0,topo,topoI,0.25
6820,1705.0,topo,gyrase,0.25
6820,1705.0,RNAP,RNAP,1.0
6820,1705.0,mRNA,tetA,23.0
6820,1705.0,mRNA,Raspberry,2.0
6820,1705.0,mRNA,mKalama1,3.0
6821,1705.25,topo,topoI,0.25
6821,1705.25,topo,gyrase,0.25
6821,1705.25,RNAP,RNAP,1.0
6821,1705.25,mRNA,tetA,23.0
6821,1705.25,mRNA,Raspberry,2.0
6821,1705.25,mRNA,mKalama1,3.0
6822,1705.5,topo,topoI,0.25
6822,1705.5,topo,gyrase,0.25
6822,1705.5,RNAP,RNAP,1.0
6822,1705.5,mRNA,tetA,23.0
6822,1705.5,mRNA,Raspberry,2.0
6822,1705.5,mRNA,mKalama1,3.0
6823,1705.75,topo,topoI,0.25
6823,1705.75,topo,gyrase,0.25
6823,1705.75,RNAP,RNAP,1.0
6823,1705.75,mRNA,tetA,23.0
6823,1705.75,mRNA,Raspberry,2.0
6823,1705.75,mRNA,mKalama1,3.0
6824,1706.0,topo,topoI,0.25
6824,1706.0,topo,gyrase,0.25
6824,1706.0,RNAP,RNAP,1.0
6824,1706.0,mRNA,tetA,24.0
6824,1706.0,mRNA,Raspberry,2.0
6824,1706.0,mRNA,mKalama1,3.0
6825,1706.25,topo,topoI,0.25
6825,1706.25,topo,gyrase,0.25
6825,1706.25,RNAP,RNAP,1.0
6825,1706.25,mRNA,tetA,24.0
6825,1706.25,mRNA,Raspberry,2.0
6825,1706.25,mRNA,mKalama1,3.0
6826,1706.5,topo,topoI,0.25
6826,1706.5,topo,gyrase,0.25
6826,1706.5,RNAP,RNAP,1.0
6826,1706.5,mRNA,tetA,24.0
6826,1706.5,mRNA,Raspberry,2.0
6826,1706.5,mRNA,mKalama1,3.0
6827,1706.75,topo,topoI,0.25
6827,1706.75,topo,gyrase,0.25
6827,1706.75,RNAP,RNAP,1.0
6827,1706.75,mRNA,tetA,24.0
6827,1706.75,mRNA,Raspberry,2.0
6827,1706.75,mRNA,mKalama1,3.0
6828,1707.0,topo,topoI,0.25
6828,1707.0,topo,gyrase,0.25
6828,1707.0,RNAP,RNAP,1.0
6828,1707.0,mRNA,tetA,24.0
6828,1707.0,mRNA,Raspberry,2.0
6828,1707.0,mRNA,mKalama1,3.0
6829,1707.25,topo,topoI,0.25
6829,1707.25,topo,gyrase,0.25
6829,1707.25,RNAP,RNAP,1.0
6829,1707.25,mRNA,tetA,24.0
6829,1707.25,mRNA,Raspberry,2.0
6829,1707.25,mRNA,mKalama1,3.0
6830,1707.5,topo,topoI,0.25
6830,1707.5,topo,gyrase,0.25
6830,1707.5,RNAP,RNAP,1.0
6830,1707.5,mRNA,tetA,25.0
6830,1707.5,mRNA,Raspberry,2.0
6830,1707.5,mRNA,mKalama1,3.0
6831,1707.75,topo,topoI,0.25
6831,1707.75,topo,gyrase,0.25
6831,1707.75,RNAP,RNAP,1.0
6831,1707.75,mRNA,tetA,25.0
6831,1707.75,mRNA,Raspberry,2.0
6831,1707.75,mRNA,mKalama1,3.0
6832,1708.0,topo,topoI,0.25
6832,1708.0,topo,gyrase,0.25
6832,1708.0,RNAP,RNAP,1.0
6832,1708.0,mRNA,tetA,25.0
6832,1708.0,mRNA,Raspberry,2.0
6832,1708.0,mRNA,mKalama1,3.0
6833,1708.25,topo,topoI,0.25
6833,1708.25,topo,gyrase,0.25
6833,1708.25,RNAP,RNAP,1.0
6833,1708.25,mRNA,tetA,25.0
6833,1708.25,mRNA,Raspberry,2.0
6833,1708.25,mRNA,mKalama1,3.0
6834,1708.5,topo,topoI,0.25
6834,1708.5,topo,gyrase,0.25
6834,1708.5,RNAP,RNAP,1.0
6834,1708.5,mRNA,tetA,25.0
6834,1708.5,mRNA,Raspberry,2.0
6834,1708.5,mRNA,mKalama1,3.0
6835,1708.75,topo,topoI,0.25
6835,1708.75,topo,gyrase,0.25
6835,1708.75,RNAP,RNAP,1.0
6835,1708.75,mRNA,tetA,25.0
6835,1708.75,mRNA,Raspberry,2.0
6835,1708.75,mRNA,mKalama1,3.0
6836,1709.0,topo,topoI,0.25
6836,1709.0,topo,gyrase,0.25
6836,1709.0,RNAP,RNAP,1.0
6836,1709.0,mRNA,tetA,25.0
6836,1709.0,mRNA,Raspberry,2.0
6836,1709.0,mRNA,mKalama1,3.0
6837,1709.25,topo,topoI,0.25
6837,1709.25,topo,gyrase,0.25
6837,1709.25,RNAP,RNAP,1.0
6837,1709.25,mRNA,tetA,25.0
6837,1709.25,mRNA,Raspberry,2.0
6837,1709.25,mRNA,mKalama1,3.0
6838,1709.5,topo,topoI,0.25
6838,1709.5,topo,gyrase,0.25
6838,1709.5,RNAP,RNAP,1.0
6838,1709.5,mRNA,tetA,25.0
6838,1709.5,mRNA,Raspberry,2.0
6838,1709.5,mRNA,mKalama1,3.0
6839,1709.75,topo,topoI,0.25
6839,1709.75,topo,gyrase,0.25
6839,1709.75,RNAP,RNAP,1.0
6839,1709.75,mRNA,tetA,25.0
6839,1709.75,mRNA,Raspberry,2.0
6839,1709.75,mRNA,mKalama1,3.0
6840,1710.0,topo,topoI,0.25
6840,1710.0,topo,gyrase,0.25
6840,1710.0,RNAP,RNAP,1.0
6840,1710.0,mRNA,tetA,25.0
6840,1710.0,mRNA,Raspberry,2.0
6840,1710.0,mRNA,mKalama1,3.0
6841,1710.25,topo,topoI,0.25
6841,1710.25,topo,gyrase,0.25
6841,1710.25,RNAP,RNAP,1.0
6841,1710.25,mRNA,tetA,25.0
6841,1710.25,mRNA,Raspberry,2.0
6841,1710.25,mRNA,mKalama1,3.0
6842,1710.5,topo,topoI,0.25
6842,1710.5,topo,gyrase,0.25
6842,1710.5,RNAP,RNAP,1.0
6842,1710.5,mRNA,tetA,25.0
6842,1710.5,mRNA,Raspberry,2.0
6842,1710.5,mRNA,mKalama1,3.0
6843,1710.75,topo,topoI,0.25
6843,1710.75,topo,gyrase,0.25
6843,1710.75,RNAP,RNAP,1.0
6843,1710.75,mRNA,tetA,25.0
6843,1710.75,mRNA,Raspberry,2.0
6843,1710.75,mRNA,mKalama1,3.0
6844,1711.0,topo,topoI,0.25
6844,1711.0,topo,gyrase,0.25
6844,1711.0,RNAP,RNAP,1.0
6844,1711.0,mRNA,tetA,25.0
6844,1711.0,mRNA,Raspberry,2.0
6844,1711.0,mRNA,mKalama1,3.0
6845,1711.25,topo,topoI,0.25
6845,1711.25,topo,gyrase,0.25
6845,1711.25,RNAP,RNAP,1.0
6845,1711.25,mRNA,tetA,25.0
6845,1711.25,mRNA,Raspberry,2.0
6845,1711.25,mRNA,mKalama1,3.0
6846,1711.5,topo,topoI,0.25
6846,1711.5,topo,gyrase,0.25
6846,1711.5,RNAP,RNAP,1.0
6846,1711.5,mRNA,tetA,25.0
6846,1711.5,mRNA,Raspberry,2.0
6846,1711.5,mRNA,mKalama1,3.0
6847,1711.75,topo,topoI,0.25
6847,1711.75,topo,gyrase,0.25
6847,1711.75,RNAP,RNAP,1.0
6847,1711.75,mRNA,tetA,25.0
6847,1711.75,mRNA,Raspberry,2.0
6847,1711.75,mRNA,mKalama1,3.0
6848,1712.0,topo,topoI,0.25
6848,1712.0,topo,gyrase,0.25
6848,1712.0,RNAP,RNAP,1.0
6848,1712.0,mRNA,tetA,25.0
6848,1712.0,mRNA,Raspberry,2.0
6848,1712.0,mRNA,mKalama1,3.0
6849,1712.25,topo,topoI,0.25
6849,1712.25,topo,gyrase,0.25
6849,1712.25,RNAP,RNAP,1.0
6849,1712.25,mRNA,tetA,25.0
6849,1712.25,mRNA,Raspberry,2.0
6849,1712.25,mRNA,mKalama1,3.0
6850,1712.5,topo,topoI,0.25
6850,1712.5,topo,gyrase,0.25
6850,1712.5,RNAP,RNAP,1.0
6850,1712.5,mRNA,tetA,25.0
6850,1712.5,mRNA,Raspberry,2.0
6850,1712.5,mRNA,mKalama1,3.0
6851,1712.75,topo,topoI,0.25
6851,1712.75,topo,gyrase,0.25
6851,1712.75,RNAP,RNAP,1.0
6851,1712.75,mRNA,tetA,25.0
6851,1712.75,mRNA,Raspberry,2.0
6851,1712.75,mRNA,mKalama1,3.0
6852,1713.0,topo,topoI,0.25
6852,1713.0,topo,gyrase,0.25
6852,1713.0,RNAP,RNAP,1.0
6852,1713.0,mRNA,tetA,25.0
6852,1713.0,mRNA,Raspberry,2.0
6852,1713.0,mRNA,mKalama1,3.0
6853,1713.25,topo,topoI,0.25
6853,1713.25,topo,gyrase,0.25
6853,1713.25,RNAP,RNAP,1.0
6853,1713.25,mRNA,tetA,25.0
6853,1713.25,mRNA,Raspberry,2.0
6853,1713.25,mRNA,mKalama1,3.0
6854,1713.5,topo,topoI,0.25
6854,1713.5,topo,gyrase,0.25
6854,1713.5,RNAP,RNAP,1.0
6854,1713.5,mRNA,tetA,25.0
6854,1713.5,mRNA,Raspberry,2.0
6854,1713.5,mRNA,mKalama1,3.0
6855,1713.75,topo,topoI,0.25
6855,1713.75,topo,gyrase,0.25
6855,1713.75,RNAP,RNAP,1.0
6855,1713.75,mRNA,tetA,25.0
6855,1713.75,mRNA,Raspberry,2.0
6855,1713.75,mRNA,mKalama1,3.0
6856,1714.0,topo,topoI,0.25
6856,1714.0,topo,gyrase,0.25
6856,1714.0,RNAP,RNAP,1.0
6856,1714.0,mRNA,tetA,25.0
6856,1714.0,mRNA,Raspberry,2.0
6856,1714.0,mRNA,mKalama1,3.0
6857,1714.25,topo,topoI,0.25
6857,1714.25,topo,gyrase,0.25
6857,1714.25,RNAP,RNAP,1.0
6857,1714.25,mRNA,tetA,25.0
6857,1714.25,mRNA,Raspberry,2.0
6857,1714.25,mRNA,mKalama1,3.0
6858,1714.5,topo,topoI,0.25
6858,1714.5,topo,gyrase,0.25
6858,1714.5,RNAP,RNAP,1.0
6858,1714.5,mRNA,tetA,25.0
6858,1714.5,mRNA,Raspberry,2.0
6858,1714.5,mRNA,mKalama1,3.0
6859,1714.75,topo,topoI,0.25
6859,1714.75,topo,gyrase,0.25
6859,1714.75,RNAP,RNAP,1.0
6859,1714.75,mRNA,tetA,25.0
6859,1714.75,mRNA,Raspberry,2.0
6859,1714.75,mRNA,mKalama1,3.0
6860,1715.0,topo,topoI,0.25
6860,1715.0,topo,gyrase,0.25
6860,1715.0,RNAP,RNAP,1.0
6860,1715.0,mRNA,tetA,25.0
6860,1715.0,mRNA,Raspberry,2.0
6860,1715.0,mRNA,mKalama1,3.0
6861,1715.25,topo,topoI,0.25
6861,1715.25,topo,gyrase,0.25
6861,1715.25,RNAP,RNAP,1.0
6861,1715.25,mRNA,tetA,25.0
6861,1715.25,mRNA,Raspberry,2.0
6861,1715.25,mRNA,mKalama1,3.0
6862,1715.5,topo,topoI,0.25
6862,1715.5,topo,gyrase,0.25
6862,1715.5,RNAP,RNAP,1.0
6862,1715.5,mRNA,tetA,25.0
6862,1715.5,mRNA,Raspberry,2.0
6862,1715.5,mRNA,mKalama1,3.0
6863,1715.75,topo,topoI,0.25
6863,1715.75,topo,gyrase,0.25
6863,1715.75,RNAP,RNAP,1.0
6863,1715.75,mRNA,tetA,25.0
6863,1715.75,mRNA,Raspberry,2.0
6863,1715.75,mRNA,mKalama1,3.0
6864,1716.0,topo,topoI,0.25
6864,1716.0,topo,gyrase,0.25
6864,1716.0,RNAP,RNAP,1.0
6864,1716.0,mRNA,tetA,25.0
6864,1716.0,mRNA,Raspberry,2.0
6864,1716.0,mRNA,mKalama1,3.0
6865,1716.25,topo,topoI,0.25
6865,1716.25,topo,gyrase,0.25
6865,1716.25,RNAP,RNAP,1.0
6865,1716.25,mRNA,tetA,25.0
6865,1716.25,mRNA,Raspberry,2.0
6865,1716.25,mRNA,mKalama1,3.0
6866,1716.5,topo,topoI,0.25
6866,1716.5,topo,gyrase,0.25
6866,1716.5,RNAP,RNAP,1.0
6866,1716.5,mRNA,tetA,25.0
6866,1716.5,mRNA,Raspberry,2.0
6866,1716.5,mRNA,mKalama1,3.0
6867,1716.75,topo,topoI,0.25
6867,1716.75,topo,gyrase,0.25
6867,1716.75,RNAP,RNAP,1.0
6867,1716.75,mRNA,tetA,25.0
6867,1716.75,mRNA,Raspberry,2.0
6867,1716.75,mRNA,mKalama1,3.0
6868,1717.0,topo,topoI,0.25
6868,1717.0,topo,gyrase,0.25
6868,1717.0,RNAP,RNAP,1.0
6868,1717.0,mRNA,tetA,25.0
6868,1717.0,mRNA,Raspberry,2.0
6868,1717.0,mRNA,mKalama1,3.0
6869,1717.25,topo,topoI,0.25
6869,1717.25,topo,gyrase,0.25
6869,1717.25,RNAP,RNAP,1.0
6869,1717.25,mRNA,tetA,25.0
6869,1717.25,mRNA,Raspberry,2.0
6869,1717.25,mRNA,mKalama1,3.0
6870,1717.5,topo,topoI,0.25
6870,1717.5,topo,gyrase,0.25
6870,1717.5,RNAP,RNAP,1.0
6870,1717.5,mRNA,tetA,25.0
6870,1717.5,mRNA,Raspberry,2.0
6870,1717.5,mRNA,mKalama1,3.0
6871,1717.75,topo,topoI,0.25
6871,1717.75,topo,gyrase,0.25
6871,1717.75,RNAP,RNAP,1.0
6871,1717.75,mRNA,tetA,25.0
6871,1717.75,mRNA,Raspberry,2.0
6871,1717.75,mRNA,mKalama1,3.0
6872,1718.0,topo,topoI,0.25
6872,1718.0,topo,gyrase,0.25
6872,1718.0,RNAP,RNAP,1.0
6872,1718.0,mRNA,tetA,25.0
6872,1718.0,mRNA,Raspberry,2.0
6872,1718.0,mRNA,mKalama1,3.0
6873,1718.25,topo,topoI,0.25
6873,1718.25,topo,gyrase,0.25
6873,1718.25,RNAP,RNAP,1.0
6873,1718.25,mRNA,tetA,25.0
6873,1718.25,mRNA,Raspberry,2.0
6873,1718.25,mRNA,mKalama1,3.0
6874,1718.5,topo,topoI,0.25
6874,1718.5,topo,gyrase,0.25
6874,1718.5,RNAP,RNAP,1.0
6874,1718.5,mRNA,tetA,25.0
6874,1718.5,mRNA,Raspberry,2.0
6874,1718.5,mRNA,mKalama1,3.0
6875,1718.75,topo,topoI,0.25
6875,1718.75,topo,gyrase,0.25
6875,1718.75,RNAP,RNAP,1.0
6875,1718.75,mRNA,tetA,25.0
6875,1718.75,mRNA,Raspberry,2.0
6875,1718.75,mRNA,mKalama1,3.0
6876,1719.0,topo,topoI,0.25
6876,1719.0,topo,gyrase,0.25
6876,1719.0,RNAP,RNAP,1.0
6876,1719.0,mRNA,tetA,26.0
6876,1719.0,mRNA,Raspberry,2.0
6876,1719.0,mRNA,mKalama1,3.0
6877,1719.25,topo,topoI,0.25
6877,1719.25,topo,gyrase,0.25
6877,1719.25,RNAP,RNAP,1.0
6877,1719.25,mRNA,tetA,26.0
6877,1719.25,mRNA,Raspberry,2.0
6877,1719.25,mRNA,mKalama1,3.0
6878,1719.5,topo,topoI,0.25
6878,1719.5,topo,gyrase,0.25
6878,1719.5,RNAP,RNAP,1.0
6878,1719.5,mRNA,tetA,26.0
6878,1719.5,mRNA,Raspberry,2.0
6878,1719.5,mRNA,mKalama1,3.0
6879,1719.75,topo,topoI,0.25
6879,1719.75,topo,gyrase,0.25
6879,1719.75,RNAP,RNAP,1.0
6879,1719.75,mRNA,tetA,26.0
6879,1719.75,mRNA,Raspberry,2.0
6879,1719.75,mRNA,mKalama1,3.0
6880,1720.0,topo,topoI,0.25
6880,1720.0,topo,gyrase,0.25
6880,1720.0,RNAP,RNAP,1.0
6880,1720.0,mRNA,tetA,26.0
6880,1720.0,mRNA,Raspberry,2.0
6880,1720.0,mRNA,mKalama1,3.0
6881,1720.25,topo,topoI,0.25
6881,1720.25,topo,gyrase,0.25
6881,1720.25,RNAP,RNAP,1.0
6881,1720.25,mRNA,tetA,26.0
6881,1720.25,mRNA,Raspberry,2.0
6881,1720.25,mRNA,mKalama1,3.0
6882,1720.5,topo,topoI,0.25
6882,1720.5,topo,gyrase,0.25
6882,1720.5,RNAP,RNAP,1.0
6882,1720.5,mRNA,tetA,26.0
6882,1720.5,mRNA,Raspberry,2.0
6882,1720.5,mRNA,mKalama1,3.0
6883,1720.75,topo,topoI,0.25
6883,1720.75,topo,gyrase,0.25
6883,1720.75,RNAP,RNAP,1.0
6883,1720.75,mRNA,tetA,26.0
6883,1720.75,mRNA,Raspberry,2.0
6883,1720.75,mRNA,mKalama1,3.0
6884,1721.0,topo,topoI,0.25
6884,1721.0,topo,gyrase,0.25
6884,1721.0,RNAP,RNAP,1.0
6884,1721.0,mRNA,tetA,26.0
6884,1721.0,mRNA,Raspberry,2.0
6884,1721.0,mRNA,mKalama1,3.0
6885,1721.25,topo,topoI,0.25
6885,1721.25,topo,gyrase,0.25
6885,1721.25,RNAP,RNAP,1.0
6885,1721.25,mRNA,tetA,26.0
6885,1721.25,mRNA,Raspberry,2.0
6885,1721.25,mRNA,mKalama1,3.0
6886,1721.5,topo,topoI,0.25
6886,1721.5,topo,gyrase,0.25
6886,1721.5,RNAP,RNAP,1.0
6886,1721.5,mRNA,tetA,26.0
6886,1721.5,mRNA,Raspberry,2.0
6886,1721.5,mRNA,mKalama1,3.0
6887,1721.75,topo,topoI,0.25
6887,1721.75,topo,gyrase,0.25
6887,1721.75,RNAP,RNAP,1.0
6887,1721.75,mRNA,tetA,26.0
6887,1721.75,mRNA,Raspberry,2.0
6887,1721.75,mRNA,mKalama1,3.0
6888,1722.0,topo,topoI,0.25
6888,1722.0,topo,gyrase,0.25
6888,1722.0,RNAP,RNAP,1.0
6888,1722.0,mRNA,tetA,26.0
6888,1722.0,mRNA,Raspberry,2.0
6888,1722.0,mRNA,mKalama1,3.0
6889,1722.25,topo,topoI,0.25
6889,1722.25,topo,gyrase,0.25
6889,1722.25,RNAP,RNAP,1.0
6889,1722.25,mRNA,tetA,26.0
6889,1722.25,mRNA,Raspberry,2.0
6889,1722.25,mRNA,mKalama1,3.0
6890,1722.5,topo,topoI,0.25
6890,1722.5,topo,gyrase,0.25
6890,1722.5,RNAP,RNAP,1.0
6890,1722.5,mRNA,tetA,26.0
6890,1722.5,mRNA,Raspberry,2.0
6890,1722.5,mRNA,mKalama1,3.0
6891,1722.75,topo,topoI,0.25
6891,1722.75,topo,gyrase,0.25
6891,1722.75,RNAP,RNAP,1.0
6891,1722.75,mRNA,tetA,26.0
6891,1722.75,mRNA,Raspberry,2.0
6891,1722.75,mRNA,mKalama1,3.0
6892,1723.0,topo,topoI,0.25
6892,1723.0,topo,gyrase,0.25
6892,1723.0,RNAP,RNAP,1.0
6892,1723.0,mRNA,tetA,26.0
6892,1723.0,mRNA,Raspberry,2.0
6892,1723.0,mRNA,mKalama1,3.0
6893,1723.25,topo,topoI,0.25
6893,1723.25,topo,gyrase,0.25
6893,1723.25,RNAP,RNAP,1.0
6893,1723.25,mRNA,tetA,26.0
6893,1723.25,mRNA,Raspberry,2.0
6893,1723.25,mRNA,mKalama1,3.0
6894,1723.5,topo,topoI,0.25
6894,1723.5,topo,gyrase,0.25
6894,1723.5,RNAP,RNAP,1.0
6894,1723.5,mRNA,tetA,26.0
6894,1723.5,mRNA,Raspberry,2.0
6894,1723.5,mRNA,mKalama1,3.0
6895,1723.75,topo,topoI,0.25
6895,1723.75,topo,gyrase,0.25
6895,1723.75,RNAP,RNAP,1.0
6895,1723.75,mRNA,tetA,26.0
6895,1723.75,mRNA,Raspberry,2.0
6895,1723.75,mRNA,mKalama1,3.0
6896,1724.0,topo,topoI,0.25
6896,1724.0,topo,gyrase,0.25
6896,1724.0,RNAP,RNAP,1.0
6896,1724.0,mRNA,tetA,26.0
6896,1724.0,mRNA,Raspberry,2.0
6896,1724.0,mRNA,mKalama1,3.0
6897,1724.25,topo,topoI,0.25
6897,1724.25,topo,gyrase,0.25
6897,1724.25,RNAP,RNAP,1.0
6897,1724.25,mRNA,tetA,26.0
6897,1724.25,mRNA,Raspberry,2.0
6897,1724.25,mRNA,mKalama1,3.0
6898,1724.5,topo,topoI,0.25
6898,1724.5,topo,gyrase,0.25
6898,1724.5,RNAP,RNAP,1.0
6898,1724.5,mRNA,tetA,26.0
6898,1724.5,mRNA,Raspberry,2.0
6898,1724.5,mRNA,mKalama1,3.0
6899,1724.75,topo,topoI,0.25
6899,1724.75,topo,gyrase,0.25
6899,1724.75,RNAP,RNAP,1.0
6899,1724.75,mRNA,tetA,26.0
6899,1724.75,mRNA,Raspberry,2.0
6899,1724.75,mRNA,mKalama1,3.0
6900,1725.0,topo,topoI,0.25
6900,1725.0,topo,gyrase,0.25
6900,1725.0,RNAP,RNAP,1.0
6900,1725.0,mRNA,tetA,26.0
6900,1725.0,mRNA,Raspberry,2.0
6900,1725.0,mRNA,mKalama1,3.0
6901,1725.25,topo,topoI,0.25
6901,1725.25,topo,gyrase,0.25
6901,1725.25,RNAP,RNAP,1.0
6901,1725.25,mRNA,tetA,26.0
6901,1725.25,mRNA,Raspberry,2.0
6901,1725.25,mRNA,mKalama1,3.0
6902,1725.5,topo,topoI,0.25
6902,1725.5,topo,gyrase,0.25
6902,1725.5,RNAP,RNAP,1.0
6902,1725.5,mRNA,tetA,26.0
6902,1725.5,mRNA,Raspberry,2.0
6902,1725.5,mRNA,mKalama1,3.0
6903,1725.75,topo,topoI,0.25
6903,1725.75,topo,gyrase,0.25
6903,1725.75,RNAP,RNAP,1.0
6903,1725.75,mRNA,tetA,26.0
6903,1725.75,mRNA,Raspberry,2.0
6903,1725.75,mRNA,mKalama1,3.0
6904,1726.0,topo,topoI,0.25
6904,1726.0,topo,gyrase,0.25
6904,1726.0,RNAP,RNAP,1.0
6904,1726.0,mRNA,tetA,26.0
6904,1726.0,mRNA,Raspberry,2.0
6904,1726.0,mRNA,mKalama1,3.0
6905,1726.25,topo,topoI,0.25
6905,1726.25,topo,gyrase,0.25
6905,1726.25,RNAP,RNAP,1.0
6905,1726.25,mRNA,tetA,26.0
6905,1726.25,mRNA,Raspberry,2.0
6905,1726.25,mRNA,mKalama1,3.0
6906,1726.5,topo,topoI,0.25
6906,1726.5,topo,gyrase,0.25
6906,1726.5,RNAP,RNAP,1.0
6906,1726.5,mRNA,tetA,26.0
6906,1726.5,mRNA,Raspberry,2.0
6906,1726.5,mRNA,mKalama1,3.0
6907,1726.75,topo,topoI,0.25
6907,1726.75,topo,gyrase,0.25
6907,1726.75,RNAP,RNAP,1.0
6907,1726.75,mRNA,tetA,26.0
6907,1726.75,mRNA,Raspberry,2.0
6907,1726.75,mRNA,mKalama1,3.0
6908,1727.0,topo,topoI,0.25
6908,1727.0,topo,gyrase,0.25
6908,1727.0,RNAP,RNAP,1.0
6908,1727.0,mRNA,tetA,26.0
6908,1727.0,mRNA,Raspberry,2.0
6908,1727.0,mRNA,mKalama1,3.0
6909,1727.25,topo,topoI,0.25
6909,1727.25,topo,gyrase,0.25
6909,1727.25,RNAP,RNAP,1.0
6909,1727.25,mRNA,tetA,26.0
6909,1727.25,mRNA,Raspberry,2.0
6909,1727.25,mRNA,mKalama1,3.0
6910,1727.5,topo,topoI,0.25
6910,1727.5,topo,gyrase,0.25
6910,1727.5,RNAP,RNAP,1.0
6910,1727.5,mRNA,tetA,26.0
6910,1727.5,mRNA,Raspberry,2.0
6910,1727.5,mRNA,mKalama1,3.0
6911,1727.75,topo,topoI,0.25
6911,1727.75,topo,gyrase,0.25
6911,1727.75,RNAP,RNAP,1.0
6911,1727.75,mRNA,tetA,26.0
6911,1727.75,mRNA,Raspberry,2.0
6911,1727.75,mRNA,mKalama1,3.0
6912,1728.0,topo,topoI,0.25
6912,1728.0,topo,gyrase,0.25
6912,1728.0,RNAP,RNAP,1.0
6912,1728.0,mRNA,tetA,26.0
6912,1728.0,mRNA,Raspberry,2.0
6912,1728.0,mRNA,mKalama1,3.0
6913,1728.25,topo,topoI,0.25
6913,1728.25,topo,gyrase,0.25
6913,1728.25,RNAP,RNAP,1.0
6913,1728.25,mRNA,tetA,26.0
6913,1728.25,mRNA,Raspberry,2.0
6913,1728.25,mRNA,mKalama1,3.0
6914,1728.5,topo,topoI,0.25
6914,1728.5,topo,gyrase,0.25
6914,1728.5,RNAP,RNAP,1.0
6914,1728.5,mRNA,tetA,26.0
6914,1728.5,mRNA,Raspberry,2.0
6914,1728.5,mRNA,mKalama1,3.0
6915,1728.75,topo,topoI,0.25
6915,1728.75,topo,gyrase,0.25
6915,1728.75,RNAP,RNAP,1.0
6915,1728.75,mRNA,tetA,26.0
6915,1728.75,mRNA,Raspberry,2.0
6915,1728.75,mRNA,mKalama1,3.0
6916,1729.0,topo,topoI,0.25
6916,1729.0,topo,gyrase,0.25
6916,1729.0,RNAP,RNAP,1.0
6916,1729.0,mRNA,tetA,26.0
6916,1729.0,mRNA,Raspberry,2.0
6916,1729.0,mRNA,mKalama1,3.0
6917,1729.25,topo,topoI,0.25
6917,1729.25,topo,gyrase,0.25
6917,1729.25,RNAP,RNAP,1.0
6917,1729.25,mRNA,tetA,26.0
6917,1729.25,mRNA,Raspberry,2.0
6917,1729.25,mRNA,mKalama1,3.0
6918,1729.5,topo,topoI,0.25
6918,1729.5,topo,gyrase,0.25
6918,1729.5,RNAP,RNAP,1.0
6918,1729.5,mRNA,tetA,26.0
6918,1729.5,mRNA,Raspberry,2.0
6918,1729.5,mRNA,mKalama1,3.0
6919,1729.75,topo,topoI,0.25
6919,1729.75,topo,gyrase,0.25
6919,1729.75,RNAP,RNAP,1.0
6919,1729.75,mRNA,tetA,26.0
6919,1729.75,mRNA,Raspberry,2.0
6919,1729.75,mRNA,mKalama1,3.0
6920,1730.0,topo,topoI,0.25
6920,1730.0,topo,gyrase,0.25
6920,1730.0,RNAP,RNAP,1.0
6920,1730.0,mRNA,tetA,26.0
6920,1730.0,mRNA,Raspberry,2.0
6920,1730.0,mRNA,mKalama1,3.0
6921,1730.25,topo,topoI,0.25
6921,1730.25,topo,gyrase,0.25
6921,1730.25,RNAP,RNAP,1.0
6921,1730.25,mRNA,tetA,26.0
6921,1730.25,mRNA,Raspberry,2.0
6921,1730.25,mRNA,mKalama1,3.0
6922,1730.5,topo,topoI,0.25
6922,1730.5,topo,gyrase,0.25
6922,1730.5,RNAP,RNAP,1.0
6922,1730.5,mRNA,tetA,26.0
6922,1730.5,mRNA,Raspberry,2.0
6922,1730.5,mRNA,mKalama1,3.0
6923,1730.75,topo,topoI,0.25
6923,1730.75,topo,gyrase,0.25
6923,1730.75,RNAP,RNAP,1.0
6923,1730.75,mRNA,tetA,26.0
6923,1730.75,mRNA,Raspberry,2.0
6923,1730.75,mRNA,mKalama1,3.0
6924,1731.0,topo,topoI,0.25
6924,1731.0,topo,gyrase,0.25
6924,1731.0,RNAP,RNAP,1.0
6924,1731.0,mRNA,tetA,26.0
6924,1731.0,mRNA,Raspberry,2.0
6924,1731.0,mRNA,mKalama1,3.0
6925,1731.25,topo,topoI,0.25
6925,1731.25,topo,gyrase,0.25
6925,1731.25,RNAP,RNAP,1.0
6925,1731.25,mRNA,tetA,26.0
6925,1731.25,mRNA,Raspberry,2.0
6925,1731.25,mRNA,mKalama1,3.0
6926,1731.5,topo,topoI,0.25
6926,1731.5,topo,gyrase,0.25
6926,1731.5,RNAP,RNAP,1.0
6926,1731.5,mRNA,tetA,26.0
6926,1731.5,mRNA,Raspberry,2.0
6926,1731.5,mRNA,mKalama1,3.0
6927,1731.75,topo,topoI,0.25
6927,1731.75,topo,gyrase,0.25
6927,1731.75,RNAP,RNAP,1.0
6927,1731.75,mRNA,tetA,26.0
6927,1731.75,mRNA,Raspberry,2.0
6927,1731.75,mRNA,mKalama1,3.0
6928,1732.0,topo,topoI,0.25
6928,1732.0,topo,gyrase,0.25
6928,1732.0,RNAP,RNAP,1.0
6928,1732.0,mRNA,tetA,26.0
6928,1732.0,mRNA,Raspberry,2.0
6928,1732.0,mRNA,mKalama1,3.0
6929,1732.25,topo,topoI,0.25
6929,1732.25,topo,gyrase,0.25
6929,1732.25,RNAP,RNAP,1.0
6929,1732.25,mRNA,tetA,26.0
6929,1732.25,mRNA,Raspberry,2.0
6929,1732.25,mRNA,mKalama1,3.0
6930,1732.5,topo,topoI,0.25
6930,1732.5,topo,gyrase,0.25
6930,1732.5,RNAP,RNAP,1.0
6930,1732.5,mRNA,tetA,26.0
6930,1732.5,mRNA,Raspberry,2.0
6930,1732.5,mRNA,mKalama1,3.0
6931,1732.75,topo,topoI,0.25
6931,1732.75,topo,gyrase,0.25
6931,1732.75,RNAP,RNAP,1.0
6931,1732.75,mRNA,tetA,26.0
6931,1732.75,mRNA,Raspberry,2.0
6931,1732.75,mRNA,mKalama1,3.0
6932,1733.0,topo,topoI,0.25
6932,1733.0,topo,gyrase,0.25
6932,1733.0,RNAP,RNAP,1.0
6932,1733.0,mRNA,tetA,26.0
6932,1733.0,mRNA,Raspberry,2.0
6932,1733.0,mRNA,mKalama1,3.0
6933,1733.25,topo,topoI,0.25
6933,1733.25,topo,gyrase,0.25
6933,1733.25,RNAP,RNAP,1.0
6933,1733.25,mRNA,tetA,26.0
6933,1733.25,mRNA,Raspberry,2.0
6933,1733.25,mRNA,mKalama1,3.0
6934,1733.5,topo,topoI,0.25
6934,1733.5,topo,gyrase,0.25
6934,1733.5,RNAP,RNAP,1.0
6934,1733.5,mRNA,tetA,26.0
6934,1733.5,mRNA,Raspberry,2.0
6934,1733.5,mRNA,mKalama1,3.0
6935,1733.75,topo,topoI,0.25
6935,1733.75,topo,gyrase,0.25
6935,1733.75,RNAP,RNAP,1.0
6935,1733.75,mRNA,tetA,26.0
6935,1733.75,mRNA,Raspberry,2.0
6935,1733.75,mRNA,mKalama1,3.0
6936,1734.0,topo,topoI,0.25
6936,1734.0,topo,gyrase,0.25
6936,1734.0,RNAP,RNAP,1.0
6936,1734.0,mRNA,tetA,26.0
6936,1734.0,mRNA,Raspberry,2.0
6936,1734.0,mRNA,mKalama1,3.0
6937,1734.25,topo,topoI,0.25
6937,1734.25,topo,gyrase,0.25
6937,1734.25,RNAP,RNAP,1.0
6937,1734.25,mRNA,tetA,26.0
6937,1734.25,mRNA,Raspberry,2.0
6937,1734.25,mRNA,mKalama1,3.0
6938,1734.5,topo,topoI,0.25
6938,1734.5,topo,gyrase,0.25
6938,1734.5,RNAP,RNAP,1.0
6938,1734.5,mRNA,tetA,26.0
6938,1734.5,mRNA,Raspberry,2.0
6938,1734.5,mRNA,mKalama1,3.0
6939,1734.75,topo,topoI,0.25
6939,1734.75,topo,gyrase,0.25
6939,1734.75,RNAP,RNAP,1.0
6939,1734.75,mRNA,tetA,26.0
6939,1734.75,mRNA,Raspberry,2.0
6939,1734.75,mRNA,mKalama1,3.0
6940,1735.0,topo,topoI,0.25
6940,1735.0,topo,gyrase,0.25
6940,1735.0,RNAP,RNAP,1.0
6940,1735.0,mRNA,tetA,26.0
6940,1735.0,mRNA,Raspberry,2.0
6940,1735.0,mRNA,mKalama1,3.0
6941,1735.25,topo,topoI,0.25
6941,1735.25,topo,gyrase,0.25
6941,1735.25,RNAP,RNAP,1.0
6941,1735.25,mRNA,tetA,26.0
6941,1735.25,mRNA,Raspberry,2.0
6941,1735.25,mRNA,mKalama1,3.0
6942,1735.5,topo,topoI,0.25
6942,1735.5,topo,gyrase,0.25
6942,1735.5,RNAP,RNAP,1.0
6942,1735.5,mRNA,tetA,26.0
6942,1735.5,mRNA,Raspberry,2.0
6942,1735.5,mRNA,mKalama1,3.0
6943,1735.75,topo,topoI,0.25
6943,1735.75,topo,gyrase,0.25
6943,1735.75,RNAP,RNAP,1.0
6943,1735.75,mRNA,tetA,26.0
6943,1735.75,mRNA,Raspberry,2.0
6943,1735.75,mRNA,mKalama1,3.0
6944,1736.0,topo,topoI,0.25
6944,1736.0,topo,gyrase,0.25
6944,1736.0,RNAP,RNAP,1.0
6944,1736.0,mRNA,tetA,26.0
6944,1736.0,mRNA,Raspberry,2.0
6944,1736.0,mRNA,mKalama1,3.0
6945,1736.25,topo,topoI,0.25
6945,1736.25,topo,gyrase,0.25
6945,1736.25,RNAP,RNAP,1.0
6945,1736.25,mRNA,tetA,26.0
6945,1736.25,mRNA,Raspberry,2.0
6945,1736.25,mRNA,mKalama1,3.0
6946,1736.5,topo,topoI,0.25
6946,1736.5,topo,gyrase,0.25
6946,1736.5,RNAP,RNAP,1.0
6946,1736.5,mRNA,tetA,26.0
6946,1736.5,mRNA,Raspberry,2.0
6946,1736.5,mRNA,mKalama1,3.0
6947,1736.75,topo,topoI,0.25
6947,1736.75,topo,gyrase,0.25
6947,1736.75,RNAP,RNAP,1.0
6947,1736.75,mRNA,tetA,26.0
6947,1736.75,mRNA,Raspberry,2.0
6947,1736.75,mRNA,mKalama1,3.0
6948,1737.0,topo,topoI,0.25
6948,1737.0,topo,gyrase,0.25
6948,1737.0,RNAP,RNAP,1.0
6948,1737.0,mRNA,tetA,26.0
6948,1737.0,mRNA,Raspberry,2.0
6948,1737.0,mRNA,mKalama1,3.0
6949,1737.25,topo,topoI,0.25
6949,1737.25,topo,gyrase,0.25
6949,1737.25,RNAP,RNAP,1.0
6949,1737.25,mRNA,tetA,26.0
6949,1737.25,mRNA,Raspberry,2.0
6949,1737.25,mRNA,mKalama1,3.0
6950,1737.5,topo,topoI,0.25
6950,1737.5,topo,gyrase,0.25
6950,1737.5,RNAP,RNAP,1.0
6950,1737.5,mRNA,tetA,26.0
6950,1737.5,mRNA,Raspberry,2.0
6950,1737.5,mRNA,mKalama1,3.0
6951,1737.75,topo,topoI,0.25
6951,1737.75,topo,gyrase,0.25
6951,1737.75,RNAP,RNAP,1.0
6951,1737.75,mRNA,tetA,26.0
6951,1737.75,mRNA,Raspberry,2.0
6951,1737.75,mRNA,mKalama1,3.0
6952,1738.0,topo,topoI,0.25
6952,1738.0,topo,gyrase,0.25
6952,1738.0,RNAP,RNAP,1.0
6952,1738.0,mRNA,tetA,26.0
6952,1738.0,mRNA,Raspberry,2.0
6952,1738.0,mRNA,mKalama1,3.0
6953,1738.25,topo,topoI,0.25
6953,1738.25,topo,gyrase,0.25
6953,1738.25,RNAP,RNAP,1.0
6953,1738.25,mRNA,tetA,26.0
6953,1738.25,mRNA,Raspberry,2.0
6953,1738.25,mRNA,mKalama1,3.0
6954,1738.5,topo,topoI,0.25
6954,1738.5,topo,gyrase,0.25
6954,1738.5,RNAP,RNAP,1.0
6954,1738.5,mRNA,tetA,26.0
6954,1738.5,mRNA,Raspberry,2.0
6954,1738.5,mRNA,mKalama1,3.0
6955,1738.75,topo,topoI,0.25
6955,1738.75,topo,gyrase,0.25
6955,1738.75,RNAP,RNAP,1.0
6955,1738.75,mRNA,tetA,26.0
6955,1738.75,mRNA,Raspberry,2.0
6955,1738.75,mRNA,mKalama1,3.0
6956,1739.0,topo,topoI,0.25
6956,1739.0,topo,gyrase,0.25
6956,1739.0,RNAP,RNAP,1.0
6956,1739.0,mRNA,tetA,26.0
6956,1739.0,mRNA,Raspberry,2.0
6956,1739.0,mRNA,mKalama1,3.0
6957,1739.25,topo,topoI,0.25
6957,1739.25,topo,gyrase,0.25
6957,1739.25,RNAP,RNAP,1.0
6957,1739.25,mRNA,tetA,26.0
6957,1739.25,mRNA,Raspberry,2.0
6957,1739.25,mRNA,mKalama1,3.0
6958,1739.5,topo,topoI,0.25
6958,1739.5,topo,gyrase,0.25
6958,1739.5,RNAP,RNAP,1.0
6958,1739.5,mRNA,tetA,26.0
6958,1739.5,mRNA,Raspberry,2.0
6958,1739.5,mRNA,mKalama1,3.0
6959,1739.75,topo,topoI,0.25
6959,1739.75,topo,gyrase,0.25
6959,1739.75,RNAP,RNAP,1.0
6959,1739.75,mRNA,tetA,26.0
6959,1739.75,mRNA,Raspberry,2.0
6959,1739.75,mRNA,mKalama1,3.0
6960,1740.0,topo,topoI,0.25
6960,1740.0,topo,gyrase,0.25
6960,1740.0,RNAP,RNAP,1.0
6960,1740.0,mRNA,tetA,26.0
6960,1740.0,mRNA,Raspberry,2.0
6960,1740.0,mRNA,mKalama1,3.0
6961,1740.25,topo,topoI,0.25
6961,1740.25,topo,gyrase,0.25
6961,1740.25,RNAP,RNAP,1.0
6961,1740.25,mRNA,tetA,26.0
6961,1740.25,mRNA,Raspberry,2.0
6961,1740.25,mRNA,mKalama1,3.0
6962,1740.5,topo,topoI,0.25
6962,1740.5,topo,gyrase,0.25
6962,1740.5,RNAP,RNAP,1.0
6962,1740.5,mRNA,tetA,26.0
6962,1740.5,mRNA,Raspberry,2.0
6962,1740.5,mRNA,mKalama1,3.0
6963,1740.75,topo,topoI,0.25
6963,1740.75,topo,gyrase,0.25
6963,1740.75,RNAP,RNAP,1.0
6963,1740.75,mRNA,tetA,26.0
6963,1740.75,mRNA,Raspberry,2.0
6963,1740.75,mRNA,mKalama1,3.0
6964,1741.0,topo,topoI,0.25
6964,1741.0,topo,gyrase,0.25
6964,1741.0,RNAP,RNAP,1.0
6964,1741.0,mRNA,tetA,26.0
6964,1741.0,mRNA,Raspberry,2.0
6964,1741.0,mRNA,mKalama1,3.0
6965,1741.25,topo,topoI,0.25
6965,1741.25,topo,gyrase,0.25
6965,1741.25,RNAP,RNAP,1.0
6965,1741.25,mRNA,tetA,26.0
6965,1741.25,mRNA,Raspberry,2.0
6965,1741.25,mRNA,mKalama1,3.0
6966,1741.5,topo,topoI,0.25
6966,1741.5,topo,gyrase,0.25
6966,1741.5,RNAP,RNAP,1.0
6966,1741.5,mRNA,tetA,26.0
6966,1741.5,mRNA,Raspberry,2.0
6966,1741.5,mRNA,mKalama1,3.0
6967,1741.75,topo,topoI,0.25
6967,1741.75,topo,gyrase,0.25
6967,1741.75,RNAP,RNAP,1.0
6967,1741.75,mRNA,tetA,26.0
6967,1741.75,mRNA,Raspberry,2.0
6967,1741.75,mRNA,mKalama1,3.0
6968,1742.0,topo,topoI,0.25
6968,1742.0,topo,gyrase,0.25
6968,1742.0,RNAP,RNAP,1.0
6968,1742.0,mRNA,tetA,26.0
6968,1742.0,mRNA,Raspberry,2.0
6968,1742.0,mRNA,mKalama1,3.0
6969,1742.25,topo,topoI,0.25
6969,1742.25,topo,gyrase,0.25
6969,1742.25,RNAP,RNAP,1.0
6969,1742.25,mRNA,tetA,26.0
6969,1742.25,mRNA,Raspberry,2.0
6969,1742.25,mRNA,mKalama1,3.0
6970,1742.5,topo,topoI,0.25
6970,1742.5,topo,gyrase,0.25
6970,1742.5,RNAP,RNAP,1.0
6970,1742.5,mRNA,tetA,26.0
6970,1742.5,mRNA,Raspberry,2.0
6970,1742.5,mRNA,mKalama1,3.0
6971,1742.75,topo,topoI,0.25
6971,1742.75,topo,gyrase,0.25
6971,1742.75,RNAP,RNAP,1.0
6971,1742.75,mRNA,tetA,26.0
6971,1742.75,mRNA,Raspberry,2.0
6971,1742.75,mRNA,mKalama1,3.0
6972,1743.0,topo,topoI,0.25
6972,1743.0,topo,gyrase,0.25
6972,1743.0,RNAP,RNAP,1.0
6972,1743.0,mRNA,tetA,26.0
6972,1743.0,mRNA,Raspberry,2.0
6972,1743.0,mRNA,mKalama1,3.0
6973,1743.25,topo,topoI,0.25
6973,1743.25,topo,gyrase,0.25
6973,1743.25,RNAP,RNAP,1.0
6973,1743.25,mRNA,tetA,26.0
6973,1743.25,mRNA,Raspberry,2.0
6973,1743.25,mRNA,mKalama1,3.0
6974,1743.5,topo,topoI,0.25
6974,1743.5,topo,gyrase,0.25
6974,1743.5,RNAP,RNAP,1.0
6974,1743.5,mRNA,tetA,26.0
6974,1743.5,mRNA,Raspberry,2.0
6974,1743.5,mRNA,mKalama1,3.0
6975,1743.75,topo,topoI,0.25
6975,1743.75,topo,gyrase,0.25
6975,1743.75,RNAP,RNAP,1.0
6975,1743.75,mRNA,tetA,26.0
6975,1743.75,mRNA,Raspberry,2.0
6975,1743.75,mRNA,mKalama1,3.0
6976,1744.0,topo,topoI,0.25
6976,1744.0,topo,gyrase,0.25
6976,1744.0,RNAP,RNAP,1.0
6976,1744.0,mRNA,tetA,26.0
6976,1744.0,mRNA,Raspberry,2.0
6976,1744.0,mRNA,mKalama1,3.0
6977,1744.25,topo,topoI,0.25
6977,1744.25,topo,gyrase,0.25
6977,1744.25,RNAP,RNAP,1.0
6977,1744.25,mRNA,tetA,26.0
6977,1744.25,mRNA,Raspberry,2.0
6977,1744.25,mRNA,mKalama1,3.0
6978,1744.5,topo,topoI,0.25
6978,1744.5,topo,gyrase,0.25
6978,1744.5,RNAP,RNAP,1.0
6978,1744.5,mRNA,tetA,26.0
6978,1744.5,mRNA,Raspberry,2.0
6978,1744.5,mRNA,mKalama1,3.0
6979,1744.75,topo,topoI,0.25
6979,1744.75,topo,gyrase,0.25
6979,1744.75,RNAP,RNAP,1.0
6979,1744.75,mRNA,tetA,26.0
6979,1744.75,mRNA,Raspberry,2.0
6979,1744.75,mRNA,mKalama1,3.0
6980,1745.0,topo,topoI,0.25
6980,1745.0,topo,gyrase,0.25
6980,1745.0,RNAP,RNAP,1.0
6980,1745.0,mRNA,tetA,26.0
6980,1745.0,mRNA,Raspberry,2.0
6980,1745.0,mRNA,mKalama1,3.0
6981,1745.25,topo,topoI,0.25
6981,1745.25,topo,gyrase,0.25
6981,1745.25,RNAP,RNAP,1.0
6981,1745.25,mRNA,tetA,26.0
6981,1745.25,mRNA,Raspberry,2.0
6981,1745.25,mRNA,mKalama1,3.0
6982,1745.5,topo,topoI,0.25
6982,1745.5,topo,gyrase,0.25
6982,1745.5,RNAP,RNAP,1.0
6982,1745.5,mRNA,tetA,26.0
6982,1745.5,mRNA,Raspberry,2.0
6982,1745.5,mRNA,mKalama1,3.0
6983,1745.75,topo,topoI,0.25
6983,1745.75,topo,gyrase,0.25
6983,1745.75,RNAP,RNAP,1.0
6983,1745.75,mRNA,tetA,26.0
6983,1745.75,mRNA,Raspberry,2.0
6983,1745.75,mRNA,mKalama1,3.0
6984,1746.0,topo,topoI,0.25
6984,1746.0,topo,gyrase,0.25
6984,1746.0,RNAP,RNAP,1.0
6984,1746.0,mRNA,tetA,26.0
6984,1746.0,mRNA,Raspberry,2.0
6984,1746.0,mRNA,mKalama1,3.0
6985,1746.25,topo,topoI,0.25
6985,1746.25,topo,gyrase,0.25
6985,1746.25,RNAP,RNAP,1.0
6985,1746.25,mRNA,tetA,26.0
6985,1746.25,mRNA,Raspberry,2.0
6985,1746.25,mRNA,mKalama1,3.0
6986,1746.5,topo,topoI,0.25
6986,1746.5,topo,gyrase,0.25
6986,1746.5,RNAP,RNAP,1.0
6986,1746.5,mRNA,tetA,26.0
6986,1746.5,mRNA,Raspberry,2.0
6986,1746.5,mRNA,mKalama1,3.0
6987,1746.75,topo,topoI,0.25
6987,1746.75,topo,gyrase,0.25
6987,1746.75,RNAP,RNAP,1.0
6987,1746.75,mRNA,tetA,26.0
6987,1746.75,mRNA,Raspberry,2.0
6987,1746.75,mRNA,mKalama1,3.0
6988,1747.0,topo,topoI,0.25
6988,1747.0,topo,gyrase,0.25
6988,1747.0,RNAP,RNAP,1.0
6988,1747.0,mRNA,tetA,26.0
6988,1747.0,mRNA,Raspberry,2.0
6988,1747.0,mRNA,mKalama1,3.0
6989,1747.25,topo,topoI,0.25
6989,1747.25,topo,gyrase,0.25
6989,1747.25,RNAP,RNAP,1.0
6989,1747.25,mRNA,tetA,26.0
6989,1747.25,mRNA,Raspberry,2.0
6989,1747.25,mRNA,mKalama1,3.0
6990,1747.5,topo,topoI,0.25
6990,1747.5,topo,gyrase,0.25
6990,1747.5,RNAP,RNAP,1.0
6990,1747.5,mRNA,tetA,26.0
6990,1747.5,mRNA,Raspberry,2.0
6990,1747.5,mRNA,mKalama1,3.0
6991,1747.75,topo,topoI,0.25
6991,1747.75,topo,gyrase,0.25
6991,1747.75,RNAP,RNAP,1.0
6991,1747.75,mRNA,tetA,26.0
6991,1747.75,mRNA,Raspberry,2.0
6991,1747.75,mRNA,mKalama1,3.0
6992,1748.0,topo,topoI,0.25
6992,1748.0,topo,gyrase,0.25
6992,1748.0,RNAP,RNAP,1.0
6992,1748.0,mRNA,tetA,26.0
6992,1748.0,mRNA,Raspberry,2.0
6992,1748.0,mRNA,mKalama1,3.0
6993,1748.25,topo,topoI,0.25
6993,1748.25,topo,gyrase,0.25
6993,1748.25,RNAP,RNAP,1.0
6993,1748.25,mRNA,tetA,26.0
6993,1748.25,mRNA,Raspberry,2.0
6993,1748.25,mRNA,mKalama1,3.0
6994,1748.5,topo,topoI,0.25
6994,1748.5,topo,gyrase,0.25
6994,1748.5,RNAP,RNAP,1.0
6994,1748.5,mRNA,tetA,26.0
6994,1748.5,mRNA,Raspberry,2.0
6994,1748.5,mRNA,mKalama1,3.0
6995,1748.75,topo,topoI,0.25
6995,1748.75,topo,gyrase,0.25
6995,1748.75,RNAP,RNAP,1.0
6995,1748.75,mRNA,tetA,26.0
6995,1748.75,mRNA,Raspberry,2.0
6995,1748.75,mRNA,mKalama1,3.0
6996,1749.0,topo,topoI,0.25
6996,1749.0,topo,gyrase,0.25
6996,1749.0,RNAP,RNAP,1.0
6996,1749.0,mRNA,tetA,26.0
6996,1749.0,mRNA,Raspberry,2.0
6996,1749.0,mRNA,mKalama1,3.0
6997,1749.25,topo,topoI,0.25
6997,1749.25,topo,gyrase,0.25
6997,1749.25,RNAP,RNAP,1.0
6997,1749.25,mRNA,tetA,26.0
6997,1749.25,mRNA,Raspberry,2.0
6997,1749.25,mRNA,mKalama1,3.0
6998,1749.5,topo,topoI,0.25
6998,1749.5,topo,gyrase,0.25
6998,1749.5,RNAP,RNAP,1.0
6998,1749.5,mRNA,tetA,26.0
6998,1749.5,mRNA,Raspberry,2.0
6998,1749.5,mRNA,mKalama1,3.0
6999,1749.75,topo,topoI,0.25
6999,1749.75,topo,gyrase,0.25
6999,1749.75,RNAP,RNAP,1.0
6999,1749.75,mRNA,tetA,26.0
6999,1749.75,mRNA,Raspberry,2.0
6999,1749.75,mRNA,mKalama1,3.0
7000,1750.0,topo,topoI,0.25
7000,1750.0,topo,gyrase,0.25
7000,1750.0,RNAP,RNAP,1.0
7000,1750.0,mRNA,tetA,26.0
7000,1750.0,mRNA,Raspberry,2.0
7000,1750.0,mRNA,mKalama1,3.0
7001,1750.25,topo,topoI,0.25
7001,1750.25,topo,gyrase,0.25
7001,1750.25,RNAP,RNAP,1.0
7001,1750.25,mRNA,tetA,26.0
7001,1750.25,mRNA,Raspberry,2.0
7001,1750.25,mRNA,mKalama1,3.0
7002,1750.5,topo,topoI,0.25
7002,1750.5,topo,gyrase,0.25
7002,1750.5,RNAP,RNAP,1.0
7002,1750.5,mRNA,tetA,26.0
7002,1750.5,mRNA,Raspberry,2.0
7002,1750.5,mRNA,mKalama1,3.0
7003,1750.75,topo,topoI,0.25
7003,1750.75,topo,gyrase,0.25
7003,1750.75,RNAP,RNAP,1.0
7003,1750.75,mRNA,tetA,26.0
7003,1750.75,mRNA,Raspberry,2.0
7003,1750.75,mRNA,mKalama1,3.0
7004,1751.0,topo,topoI,0.25
7004,1751.0,topo,gyrase,0.25
7004,1751.0,RNAP,RNAP,1.0
7004,1751.0,mRNA,tetA,26.0
7004,1751.0,mRNA,Raspberry,2.0
7004,1751.0,mRNA,mKalama1,3.0
7005,1751.25,topo,topoI,0.25
7005,1751.25,topo,gyrase,0.25
7005,1751.25,RNAP,RNAP,1.0
7005,1751.25,mRNA,tetA,26.0
7005,1751.25,mRNA,Raspberry,2.0
7005,1751.25,mRNA,mKalama1,3.0
7006,1751.5,topo,topoI,0.25
7006,1751.5,topo,gyrase,0.25
7006,1751.5,RNAP,RNAP,1.0
7006,1751.5,mRNA,tetA,26.0
7006,1751.5,mRNA,Raspberry,2.0
7006,1751.5,mRNA,mKalama1,3.0
7007,1751.75,topo,topoI,0.25
7007,1751.75,topo,gyrase,0.25
7007,1751.75,RNAP,RNAP,1.0
7007,1751.75,mRNA,tetA,26.0
7007,1751.75,mRNA,Raspberry,2.0
7007,1751.75,mRNA,mKalama1,3.0
7008,1752.0,topo,topoI,0.25
7008,1752.0,topo,gyrase,0.25
7008,1752.0,RNAP,RNAP,1.0
7008,1752.0,mRNA,tetA,26.0
7008,1752.0,mRNA,Raspberry,2.0
7008,1752.0,mRNA,mKalama1,3.0
7009,1752.25,topo,topoI,0.25
7009,1752.25,topo,gyrase,0.25
7009,1752.25,RNAP,RNAP,1.0
7009,1752.25,mRNA,tetA,26.0
7009,1752.25,mRNA,Raspberry,2.0
7009,1752.25,mRNA,mKalama1,3.0
7010,1752.5,topo,topoI,0.25
7010,1752.5,topo,gyrase,0.25
7010,1752.5,RNAP,RNAP,1.0
7010,1752.5,mRNA,tetA,26.0
7010,1752.5,mRNA,Raspberry,2.0
7010,1752.5,mRNA,mKalama1,3.0
7011,1752.75,topo,topoI,0.25
7011,1752.75,topo,gyrase,0.25
7011,1752.75,RNAP,RNAP,1.0
7011,1752.75,mRNA,tetA,26.0
7011,1752.75,mRNA,Raspberry,2.0
7011,1752.75,mRNA,mKalama1,3.0
7012,1753.0,topo,topoI,0.25
7012,1753.0,topo,gyrase,0.25
7012,1753.0,RNAP,RNAP,1.0
7012,1753.0,mRNA,tetA,26.0
7012,1753.0,mRNA,Raspberry,2.0
7012,1753.0,mRNA,mKalama1,3.0
7013,1753.25,topo,topoI,0.25
7013,1753.25,topo,gyrase,0.25
7013,1753.25,RNAP,RNAP,1.0
7013,1753.25,mRNA,tetA,26.0
7013,1753.25,mRNA,Raspberry,2.0
7013,1753.25,mRNA,mKalama1,3.0
7014,1753.5,topo,topoI,0.25
7014,1753.5,topo,gyrase,0.25
7014,1753.5,RNAP,RNAP,1.0
7014,1753.5,mRNA,tetA,26.0
7014,1753.5,mRNA,Raspberry,2.0
7014,1753.5,mRNA,mKalama1,3.0
7015,1753.75,topo,topoI,0.25
7015,1753.75,topo,gyrase,0.25
7015,1753.75,RNAP,RNAP,1.0
7015,1753.75,mRNA,tetA,26.0
7015,1753.75,mRNA,Raspberry,2.0
7015,1753.75,mRNA,mKalama1,3.0
7016,1754.0,topo,topoI,0.25
7016,1754.0,topo,gyrase,0.25
7016,1754.0,RNAP,RNAP,1.0
7016,1754.0,mRNA,tetA,26.0
7016,1754.0,mRNA,Raspberry,2.0
7016,1754.0,mRNA,mKalama1,3.0
7017,1754.25,topo,topoI,0.25
7017,1754.25,topo,gyrase,0.25
7017,1754.25,RNAP,RNAP,1.0
7017,1754.25,mRNA,tetA,26.0
7017,1754.25,mRNA,Raspberry,2.0
7017,1754.25,mRNA,mKalama1,3.0
7018,1754.5,topo,topoI,0.25
7018,1754.5,topo,gyrase,0.25
7018,1754.5,RNAP,RNAP,1.0
7018,1754.5,mRNA,tetA,26.0
7018,1754.5,mRNA,Raspberry,2.0
7018,1754.5,mRNA,mKalama1,3.0
7019,1754.75,topo,topoI,0.25
7019,1754.75,topo,gyrase,0.25
7019,1754.75,RNAP,RNAP,1.0
7019,1754.75,mRNA,tetA,26.0
7019,1754.75,mRNA,Raspberry,2.0
7019,1754.75,mRNA,mKalama1,3.0
7020,1755.0,topo,topoI,0.25
7020,1755.0,topo,gyrase,0.25
7020,1755.0,RNAP,RNAP,1.0
7020,1755.0,mRNA,tetA,26.0
7020,1755.0,mRNA,Raspberry,2.0
7020,1755.0,mRNA,mKalama1,3.0
7021,1755.25,topo,topoI,0.25
7021,1755.25,topo,gyrase,0.25
7021,1755.25,RNAP,RNAP,1.0
7021,1755.25,mRNA,tetA,26.0
7021,1755.25,mRNA,Raspberry,2.0
7021,1755.25,mRNA,mKalama1,3.0
7022,1755.5,topo,topoI,0.25
7022,1755.5,topo,gyrase,0.25
7022,1755.5,RNAP,RNAP,1.0
7022,1755.5,mRNA,tetA,26.0
7022,1755.5,mRNA,Raspberry,2.0
7022,1755.5,mRNA,mKalama1,3.0
7023,1755.75,topo,topoI,0.25
7023,1755.75,topo,gyrase,0.25
7023,1755.75,RNAP,RNAP,1.0
7023,1755.75,mRNA,tetA,26.0
7023,1755.75,mRNA,Raspberry,2.0
7023,1755.75,mRNA,mKalama1,3.0
7024,1756.0,topo,topoI,0.25
7024,1756.0,topo,gyrase,0.25
7024,1756.0,RNAP,RNAP,1.0
7024,1756.0,mRNA,tetA,26.0
7024,1756.0,mRNA,Raspberry,2.0
7024,1756.0,mRNA,mKalama1,3.0
7025,1756.25,topo,topoI,0.25
7025,1756.25,topo,gyrase,0.25
7025,1756.25,RNAP,RNAP,1.0
7025,1756.25,mRNA,tetA,26.0
7025,1756.25,mRNA,Raspberry,2.0
7025,1756.25,mRNA,mKalama1,3.0
7026,1756.5,topo,topoI,0.25
7026,1756.5,topo,gyrase,0.25
7026,1756.5,RNAP,RNAP,1.0
7026,1756.5,mRNA,tetA,26.0
7026,1756.5,mRNA,Raspberry,2.0
7026,1756.5,mRNA,mKalama1,3.0
7027,1756.75,topo,topoI,0.25
7027,1756.75,topo,gyrase,0.25
7027,1756.75,RNAP,RNAP,1.0
7027,1756.75,mRNA,tetA,26.0
7027,1756.75,mRNA,Raspberry,2.0
7027,1756.75,mRNA,mKalama1,3.0
7028,1757.0,topo,topoI,0.25
7028,1757.0,topo,gyrase,0.25
7028,1757.0,RNAP,RNAP,1.0
7028,1757.0,mRNA,tetA,26.0
7028,1757.0,mRNA,Raspberry,2.0
7028,1757.0,mRNA,mKalama1,3.0
7029,1757.25,topo,topoI,0.25
7029,1757.25,topo,gyrase,0.25
7029,1757.25,RNAP,RNAP,1.0
7029,1757.25,mRNA,tetA,26.0
7029,1757.25,mRNA,Raspberry,2.0
7029,1757.25,mRNA,mKalama1,3.0
7030,1757.5,topo,topoI,0.25
7030,1757.5,topo,gyrase,0.25
7030,1757.5,RNAP,RNAP,1.0
7030,1757.5,mRNA,tetA,26.0
7030,1757.5,mRNA,Raspberry,2.0
7030,1757.5,mRNA,mKalama1,3.0
7031,1757.75,topo,topoI,0.25
7031,1757.75,topo,gyrase,0.25
7031,1757.75,RNAP,RNAP,1.0
7031,1757.75,mRNA,tetA,26.0
7031,1757.75,mRNA,Raspberry,2.0
7031,1757.75,mRNA,mKalama1,3.0
7032,1758.0,topo,topoI,0.25
7032,1758.0,topo,gyrase,0.25
7032,1758.0,RNAP,RNAP,1.0
7032,1758.0,mRNA,tetA,26.0
7032,1758.0,mRNA,Raspberry,2.0
7032,1758.0,mRNA,mKalama1,3.0
7033,1758.25,topo,topoI,0.25
7033,1758.25,topo,gyrase,0.25
7033,1758.25,RNAP,RNAP,1.0
7033,1758.25,mRNA,tetA,26.0
7033,1758.25,mRNA,Raspberry,2.0
7033,1758.25,mRNA,mKalama1,3.0
7034,1758.5,topo,topoI,0.25
7034,1758.5,topo,gyrase,0.25
7034,1758.5,RNAP,RNAP,1.0
7034,1758.5,mRNA,tetA,26.0
7034,1758.5,mRNA,Raspberry,2.0
7034,1758.5,mRNA,mKalama1,3.0
7035,1758.75,topo,topoI,0.25
7035,1758.75,topo,gyrase,0.25
7035,1758.75,RNAP,RNAP,1.0
7035,1758.75,mRNA,tetA,26.0
7035,1758.75,mRNA,Raspberry,2.0
7035,1758.75,mRNA,mKalama1,3.0
7036,1759.0,topo,topoI,0.25
7036,1759.0,topo,gyrase,0.25
7036,1759.0,RNAP,RNAP,1.0
7036,1759.0,mRNA,tetA,26.0
7036,1759.0,mRNA,Raspberry,2.0
7036,1759.0,mRNA,mKalama1,3.0
7037,1759.25,topo,topoI,0.25
7037,1759.25,topo,gyrase,0.25
7037,1759.25,RNAP,RNAP,1.0
7037,1759.25,mRNA,tetA,26.0
7037,1759.25,mRNA,Raspberry,2.0
7037,1759.25,mRNA,mKalama1,3.0
7038,1759.5,topo,topoI,0.25
7038,1759.5,topo,gyrase,0.25
7038,1759.5,RNAP,RNAP,1.0
7038,1759.5,mRNA,tetA,26.0
7038,1759.5,mRNA,Raspberry,2.0
7038,1759.5,mRNA,mKalama1,3.0
7039,1759.75,topo,topoI,0.25
7039,1759.75,topo,gyrase,0.25
7039,1759.75,RNAP,RNAP,1.0
7039,1759.75,mRNA,tetA,26.0
7039,1759.75,mRNA,Raspberry,2.0
7039,1759.75,mRNA,mKalama1,3.0
7040,1760.0,topo,topoI,0.25
7040,1760.0,topo,gyrase,0.25
7040,1760.0,RNAP,RNAP,1.0
7040,1760.0,mRNA,tetA,26.0
7040,1760.0,mRNA,Raspberry,2.0
7040,1760.0,mRNA,mKalama1,3.0
7041,1760.25,topo,topoI,0.25
7041,1760.25,topo,gyrase,0.25
7041,1760.25,RNAP,RNAP,1.0
7041,1760.25,mRNA,tetA,26.0
7041,1760.25,mRNA,Raspberry,2.0
7041,1760.25,mRNA,mKalama1,3.0
7042,1760.5,topo,topoI,0.25
7042,1760.5,topo,gyrase,0.25
7042,1760.5,RNAP,RNAP,1.0
7042,1760.5,mRNA,tetA,26.0
7042,1760.5,mRNA,Raspberry,2.0
7042,1760.5,mRNA,mKalama1,3.0
7043,1760.75,topo,topoI,0.25
7043,1760.75,topo,gyrase,0.25
7043,1760.75,RNAP,RNAP,1.0
7043,1760.75,mRNA,tetA,26.0
7043,1760.75,mRNA,Raspberry,2.0
7043,1760.75,mRNA,mKalama1,3.0
7044,1761.0,topo,topoI,0.25
7044,1761.0,topo,gyrase,0.25
7044,1761.0,RNAP,RNAP,1.0
7044,1761.0,mRNA,tetA,26.0
7044,1761.0,mRNA,Raspberry,2.0
7044,1761.0,mRNA,mKalama1,3.0
7045,1761.25,topo,topoI,0.25
7045,1761.25,topo,gyrase,0.25
7045,1761.25,RNAP,RNAP,1.0
7045,1761.25,mRNA,tetA,26.0
7045,1761.25,mRNA,Raspberry,2.0
7045,1761.25,mRNA,mKalama1,3.0
7046,1761.5,topo,topoI,0.25
7046,1761.5,topo,gyrase,0.25
7046,1761.5,RNAP,RNAP,1.0
7046,1761.5,mRNA,tetA,26.0
7046,1761.5,mRNA,Raspberry,2.0
7046,1761.5,mRNA,mKalama1,3.0
7047,1761.75,topo,topoI,0.25
7047,1761.75,topo,gyrase,0.25
7047,1761.75,RNAP,RNAP,1.0
7047,1761.75,mRNA,tetA,26.0
7047,1761.75,mRNA,Raspberry,2.0
7047,1761.75,mRNA,mKalama1,3.0
7048,1762.0,topo,topoI,0.25
7048,1762.0,topo,gyrase,0.25
7048,1762.0,RNAP,RNAP,1.0
7048,1762.0,mRNA,tetA,26.0
7048,1762.0,mRNA,Raspberry,2.0
7048,1762.0,mRNA,mKalama1,3.0
7049,1762.25,topo,topoI,0.25
7049,1762.25,topo,gyrase,0.25
7049,1762.25,RNAP,RNAP,1.0
7049,1762.25,mRNA,tetA,26.0
7049,1762.25,mRNA,Raspberry,2.0
7049,1762.25,mRNA,mKalama1,3.0
7050,1762.5,topo,topoI,0.25
7050,1762.5,topo,gyrase,0.25
7050,1762.5,RNAP,RNAP,1.0
7050,1762.5,mRNA,tetA,26.0
7050,1762.5,mRNA,Raspberry,2.0
7050,1762.5,mRNA,mKalama1,3.0
7051,1762.75,topo,topoI,0.25
7051,1762.75,topo,gyrase,0.25
7051,1762.75,RNAP,RNAP,1.0
7051,1762.75,mRNA,tetA,26.0
7051,1762.75,mRNA,Raspberry,2.0
7051,1762.75,mRNA,mKalama1,3.0
7052,1763.0,topo,topoI,0.25
7052,1763.0,topo,gyrase,0.25
7052,1763.0,RNAP,RNAP,1.0
7052,1763.0,mRNA,tetA,26.0
7052,1763.0,mRNA,Raspberry,2.0
7052,1763.0,mRNA,mKalama1,3.0
7053,1763.25,topo,topoI,0.25
7053,1763.25,topo,gyrase,0.25
7053,1763.25,RNAP,RNAP,1.0
7053,1763.25,mRNA,tetA,26.0
7053,1763.25,mRNA,Raspberry,2.0
7053,1763.25,mRNA,mKalama1,3.0
7054,1763.5,topo,topoI,0.25
7054,1763.5,topo,gyrase,0.25
7054,1763.5,RNAP,RNAP,1.0
7054,1763.5,mRNA,tetA,26.0
7054,1763.5,mRNA,Raspberry,2.0
7054,1763.5,mRNA,mKalama1,3.0
7055,1763.75,topo,topoI,0.25
7055,1763.75,topo,gyrase,0.25
7055,1763.75,RNAP,RNAP,1.0
7055,1763.75,mRNA,tetA,26.0
7055,1763.75,mRNA,Raspberry,2.0
7055,1763.75,mRNA,mKalama1,3.0
7056,1764.0,topo,topoI,0.25
7056,1764.0,topo,gyrase,0.25
7056,1764.0,RNAP,RNAP,1.0
7056,1764.0,mRNA,tetA,26.0
7056,1764.0,mRNA,Raspberry,2.0
7056,1764.0,mRNA,mKalama1,3.0
7057,1764.25,topo,topoI,0.25
7057,1764.25,topo,gyrase,0.25
7057,1764.25,RNAP,RNAP,1.0
7057,1764.25,mRNA,tetA,26.0
7057,1764.25,mRNA,Raspberry,2.0
7057,1764.25,mRNA,mKalama1,3.0
7058,1764.5,topo,topoI,0.25
7058,1764.5,topo,gyrase,0.25
7058,1764.5,RNAP,RNAP,1.0
7058,1764.5,mRNA,tetA,26.0
7058,1764.5,mRNA,Raspberry,2.0
7058,1764.5,mRNA,mKalama1,3.0
7059,1764.75,topo,topoI,0.25
7059,1764.75,topo,gyrase,0.25
7059,1764.75,RNAP,RNAP,1.0
7059,1764.75,mRNA,tetA,26.0
7059,1764.75,mRNA,Raspberry,2.0
7059,1764.75,mRNA,mKalama1,3.0
7060,1765.0,topo,topoI,0.25
7060,1765.0,topo,gyrase,0.25
7060,1765.0,RNAP,RNAP,1.0
7060,1765.0,mRNA,tetA,26.0
7060,1765.0,mRNA,Raspberry,2.0
7060,1765.0,mRNA,mKalama1,3.0
7061,1765.25,topo,topoI,0.25
7061,1765.25,topo,gyrase,0.25
7061,1765.25,RNAP,RNAP,1.0
7061,1765.25,mRNA,tetA,26.0
7061,1765.25,mRNA,Raspberry,2.0
7061,1765.25,mRNA,mKalama1,3.0
7062,1765.5,topo,topoI,0.25
7062,1765.5,topo,gyrase,0.25
7062,1765.5,RNAP,RNAP,1.0
7062,1765.5,mRNA,tetA,26.0
7062,1765.5,mRNA,Raspberry,2.0
7062,1765.5,mRNA,mKalama1,3.0
7063,1765.75,topo,topoI,0.25
7063,1765.75,topo,gyrase,0.25
7063,1765.75,RNAP,RNAP,1.0
7063,1765.75,mRNA,tetA,26.0
7063,1765.75,mRNA,Raspberry,2.0
7063,1765.75,mRNA,mKalama1,3.0
7064,1766.0,topo,topoI,0.25
7064,1766.0,topo,gyrase,0.25
7064,1766.0,RNAP,RNAP,1.0
7064,1766.0,mRNA,tetA,26.0
7064,1766.0,mRNA,Raspberry,2.0
7064,1766.0,mRNA,mKalama1,3.0
7065,1766.25,topo,topoI,0.25
7065,1766.25,topo,gyrase,0.25
7065,1766.25,RNAP,RNAP,1.0
7065,1766.25,mRNA,tetA,26.0
7065,1766.25,mRNA,Raspberry,2.0
7065,1766.25,mRNA,mKalama1,3.0
7066,1766.5,topo,topoI,0.25
7066,1766.5,topo,gyrase,0.25
7066,1766.5,RNAP,RNAP,1.0
7066,1766.5,mRNA,tetA,26.0
7066,1766.5,mRNA,Raspberry,2.0
7066,1766.5,mRNA,mKalama1,3.0
7067,1766.75,topo,topoI,0.25
7067,1766.75,topo,gyrase,0.25
7067,1766.75,RNAP,RNAP,1.0
7067,1766.75,mRNA,tetA,26.0
7067,1766.75,mRNA,Raspberry,2.0
7067,1766.75,mRNA,mKalama1,3.0
7068,1767.0,topo,topoI,0.25
7068,1767.0,topo,gyrase,0.25
7068,1767.0,RNAP,RNAP,1.0
7068,1767.0,mRNA,tetA,26.0
7068,1767.0,mRNA,Raspberry,2.0
7068,1767.0,mRNA,mKalama1,3.0
7069,1767.25,topo,topoI,0.25
7069,1767.25,topo,gyrase,0.25
7069,1767.25,RNAP,RNAP,1.0
7069,1767.25,mRNA,tetA,26.0
7069,1767.25,mRNA,Raspberry,2.0
7069,1767.25,mRNA,mKalama1,3.0
7070,1767.5,topo,topoI,0.25
7070,1767.5,topo,gyrase,0.25
7070,1767.5,RNAP,RNAP,1.0
7070,1767.5,mRNA,tetA,26.0
7070,1767.5,mRNA,Raspberry,2.0
7070,1767.5,mRNA,mKalama1,3.0
7071,1767.75,topo,topoI,0.25
7071,1767.75,topo,gyrase,0.25
7071,1767.75,RNAP,RNAP,1.0
7071,1767.75,mRNA,tetA,26.0
7071,1767.75,mRNA,Raspberry,2.0
7071,1767.75,mRNA,mKalama1,3.0
7072,1768.0,topo,topoI,0.25
7072,1768.0,topo,gyrase,0.25
7072,1768.0,RNAP,RNAP,1.0
7072,1768.0,mRNA,tetA,26.0
7072,1768.0,mRNA,Raspberry,2.0
7072,1768.0,mRNA,mKalama1,3.0
7073,1768.25,topo,topoI,0.25
7073,1768.25,topo,gyrase,0.25
7073,1768.25,RNAP,RNAP,1.0
7073,1768.25,mRNA,tetA,26.0
7073,1768.25,mRNA,Raspberry,2.0
7073,1768.25,mRNA,mKalama1,3.0
7074,1768.5,topo,topoI,0.25
7074,1768.5,topo,gyrase,0.25
7074,1768.5,RNAP,RNAP,1.0
7074,1768.5,mRNA,tetA,26.0
7074,1768.5,mRNA,Raspberry,2.0
7074,1768.5,mRNA,mKalama1,3.0
7075,1768.75,topo,topoI,0.25
7075,1768.75,topo,gyrase,0.25
7075,1768.75,RNAP,RNAP,1.0
7075,1768.75,mRNA,tetA,26.0
7075,1768.75,mRNA,Raspberry,2.0
7075,1768.75,mRNA,mKalama1,3.0
7076,1769.0,topo,topoI,0.25
7076,1769.0,topo,gyrase,0.25
7076,1769.0,RNAP,RNAP,1.0
7076,1769.0,mRNA,tetA,26.0
7076,1769.0,mRNA,Raspberry,2.0
7076,1769.0,mRNA,mKalama1,3.0
7077,1769.25,topo,topoI,0.25
7077,1769.25,topo,gyrase,0.25
7077,1769.25,RNAP,RNAP,1.0
7077,1769.25,mRNA,tetA,26.0
7077,1769.25,mRNA,Raspberry,2.0
7077,1769.25,mRNA,mKalama1,3.0
7078,1769.5,topo,topoI,0.25
7078,1769.5,topo,gyrase,0.25
7078,1769.5,RNAP,RNAP,1.0
7078,1769.5,mRNA,tetA,26.0
7078,1769.5,mRNA,Raspberry,2.0
7078,1769.5,mRNA,mKalama1,3.0
7079,1769.75,topo,topoI,0.25
7079,1769.75,topo,gyrase,0.25
7079,1769.75,RNAP,RNAP,1.0
7079,1769.75,mRNA,tetA,26.0
7079,1769.75,mRNA,Raspberry,2.0
7079,1769.75,mRNA,mKalama1,3.0
7080,1770.0,topo,topoI,0.25
7080,1770.0,topo,gyrase,0.25
7080,1770.0,RNAP,RNAP,1.0
7080,1770.0,mRNA,tetA,26.0
7080,1770.0,mRNA,Raspberry,2.0
7080,1770.0,mRNA,mKalama1,3.0
7081,1770.25,topo,topoI,0.25
7081,1770.25,topo,gyrase,0.25
7081,1770.25,RNAP,RNAP,1.0
7081,1770.25,mRNA,tetA,26.0
7081,1770.25,mRNA,Raspberry,2.0
7081,1770.25,mRNA,mKalama1,3.0
7082,1770.5,topo,topoI,0.25
7082,1770.5,topo,gyrase,0.25
7082,1770.5,RNAP,RNAP,1.0
7082,1770.5,mRNA,tetA,26.0
7082,1770.5,mRNA,Raspberry,2.0
7082,1770.5,mRNA,mKalama1,3.0
7083,1770.75,topo,topoI,0.25
7083,1770.75,topo,gyrase,0.25
7083,1770.75,RNAP,RNAP,1.0
7083,1770.75,mRNA,tetA,26.0
7083,1770.75,mRNA,Raspberry,2.0
7083,1770.75,mRNA,mKalama1,3.0
7084,1771.0,topo,topoI,0.25
7084,1771.0,topo,gyrase,0.25
7084,1771.0,RNAP,RNAP,1.0
7084,1771.0,mRNA,tetA,26.0
7084,1771.0,mRNA,Raspberry,2.0
7084,1771.0,mRNA,mKalama1,3.0
7085,1771.25,topo,topoI,0.25
7085,1771.25,topo,gyrase,0.25
7085,1771.25,RNAP,RNAP,1.0
7085,1771.25,mRNA,tetA,26.0
7085,1771.25,mRNA,Raspberry,2.0
7085,1771.25,mRNA,mKalama1,3.0
7086,1771.5,topo,topoI,0.25
7086,1771.5,topo,gyrase,0.25
7086,1771.5,RNAP,RNAP,1.0
7086,1771.5,mRNA,tetA,26.0
7086,1771.5,mRNA,Raspberry,2.0
7086,1771.5,mRNA,mKalama1,3.0
7087,1771.75,topo,topoI,0.25
7087,1771.75,topo,gyrase,0.25
7087,1771.75,RNAP,RNAP,1.0
7087,1771.75,mRNA,tetA,26.0
7087,1771.75,mRNA,Raspberry,2.0
7087,1771.75,mRNA,mKalama1,3.0
7088,1772.0,topo,topoI,0.25
7088,1772.0,topo,gyrase,0.25
7088,1772.0,RNAP,RNAP,1.0
7088,1772.0,mRNA,tetA,26.0
7088,1772.0,mRNA,Raspberry,2.0
7088,1772.0,mRNA,mKalama1,3.0
7089,1772.25,topo,topoI,0.25
7089,1772.25,topo,gyrase,0.25
7089,1772.25,RNAP,RNAP,1.0
7089,1772.25,mRNA,tetA,26.0
7089,1772.25,mRNA,Raspberry,2.0
7089,1772.25,mRNA,mKalama1,3.0
7090,1772.5,topo,topoI,0.25
7090,1772.5,topo,gyrase,0.25
7090,1772.5,RNAP,RNAP,1.0
7090,1772.5,mRNA,tetA,26.0
7090,1772.5,mRNA,Raspberry,2.0
7090,1772.5,mRNA,mKalama1,3.0
7091,1772.75,topo,topoI,0.25
7091,1772.75,topo,gyrase,0.25
7091,1772.75,RNAP,RNAP,1.0
7091,1772.75,mRNA,tetA,26.0
7091,1772.75,mRNA,Raspberry,2.0
7091,1772.75,mRNA,mKalama1,3.0
7092,1773.0,topo,topoI,0.25
7092,1773.0,topo,gyrase,0.25
7092,1773.0,RNAP,RNAP,1.0
7092,1773.0,mRNA,tetA,26.0
7092,1773.0,mRNA,Raspberry,2.0
7092,1773.0,mRNA,mKalama1,3.0
7093,1773.25,topo,topoI,0.25
7093,1773.25,topo,gyrase,0.25
7093,1773.25,RNAP,RNAP,1.0
7093,1773.25,mRNA,tetA,26.0
7093,1773.25,mRNA,Raspberry,2.0
7093,1773.25,mRNA,mKalama1,3.0
7094,1773.5,topo,topoI,0.25
7094,1773.5,topo,gyrase,0.25
7094,1773.5,RNAP,RNAP,1.0
7094,1773.5,mRNA,tetA,26.0
7094,1773.5,mRNA,Raspberry,2.0
7094,1773.5,mRNA,mKalama1,3.0
7095,1773.75,topo,topoI,0.25
7095,1773.75,topo,gyrase,0.25
7095,1773.75,RNAP,RNAP,1.0
7095,1773.75,mRNA,tetA,26.0
7095,1773.75,mRNA,Raspberry,2.0
7095,1773.75,mRNA,mKalama1,3.0
7096,1774.0,topo,topoI,0.25
7096,1774.0,topo,gyrase,0.25
7096,1774.0,RNAP,RNAP,1.0
7096,1774.0,mRNA,tetA,26.0
7096,1774.0,mRNA,Raspberry,2.0
7096,1774.0,mRNA,mKalama1,3.0
7097,1774.25,topo,topoI,0.25
7097,1774.25,topo,gyrase,0.25
7097,1774.25,RNAP,RNAP,1.0
7097,1774.25,mRNA,tetA,26.0
7097,1774.25,mRNA,Raspberry,2.0
7097,1774.25,mRNA,mKalama1,3.0
7098,1774.5,topo,topoI,0.25
7098,1774.5,topo,gyrase,0.25
7098,1774.5,RNAP,RNAP,1.0
7098,1774.5,mRNA,tetA,26.0
7098,1774.5,mRNA,Raspberry,2.0
7098,1774.5,mRNA,mKalama1,3.0
7099,1774.75,topo,topoI,0.25
7099,1774.75,topo,gyrase,0.25
7099,1774.75,RNAP,RNAP,1.0
7099,1774.75,mRNA,tetA,26.0
7099,1774.75,mRNA,Raspberry,2.0
7099,1774.75,mRNA,mKalama1,3.0
7100,1775.0,topo,topoI,0.25
7100,1775.0,topo,gyrase,0.25
7100,1775.0,RNAP,RNAP,1.0
7100,1775.0,mRNA,tetA,26.0
7100,1775.0,mRNA,Raspberry,2.0
7100,1775.0,mRNA,mKalama1,3.0
7101,1775.25,topo,topoI,0.25
7101,1775.25,topo,gyrase,0.25
7101,1775.25,RNAP,RNAP,1.0
7101,1775.25,mRNA,tetA,26.0
7101,1775.25,mRNA,Raspberry,2.0
7101,1775.25,mRNA,mKalama1,3.0
7102,1775.5,topo,topoI,0.25
7102,1775.5,topo,gyrase,0.25
7102,1775.5,RNAP,RNAP,1.0
7102,1775.5,mRNA,tetA,26.0
7102,1775.5,mRNA,Raspberry,2.0
7102,1775.5,mRNA,mKalama1,3.0
7103,1775.75,topo,topoI,0.25
7103,1775.75,topo,gyrase,0.25
7103,1775.75,RNAP,RNAP,1.0
7103,1775.75,mRNA,tetA,26.0
7103,1775.75,mRNA,Raspberry,2.0
7103,1775.75,mRNA,mKalama1,3.0
7104,1776.0,topo,topoI,0.25
7104,1776.0,topo,gyrase,0.25
7104,1776.0,RNAP,RNAP,1.0
7104,1776.0,mRNA,tetA,26.0
7104,1776.0,mRNA,Raspberry,2.0
7104,1776.0,mRNA,mKalama1,3.0
7105,1776.25,topo,topoI,0.25
7105,1776.25,topo,gyrase,0.25
7105,1776.25,RNAP,RNAP,1.0
7105,1776.25,mRNA,tetA,26.0
7105,1776.25,mRNA,Raspberry,2.0
7105,1776.25,mRNA,mKalama1,3.0
7106,1776.5,topo,topoI,0.25
7106,1776.5,topo,gyrase,0.25
7106,1776.5,RNAP,RNAP,1.0
7106,1776.5,mRNA,tetA,26.0
7106,1776.5,mRNA,Raspberry,2.0
7106,1776.5,mRNA,mKalama1,3.0
7107,1776.75,topo,topoI,0.25
7107,1776.75,topo,gyrase,0.25
7107,1776.75,RNAP,RNAP,1.0
7107,1776.75,mRNA,tetA,26.0
7107,1776.75,mRNA,Raspberry,2.0
7107,1776.75,mRNA,mKalama1,3.0
7108,1777.0,topo,topoI,0.25
7108,1777.0,topo,gyrase,0.25
7108,1777.0,RNAP,RNAP,1.0
7108,1777.0,mRNA,tetA,26.0
7108,1777.0,mRNA,Raspberry,2.0
7108,1777.0,mRNA,mKalama1,3.0
7109,1777.25,topo,topoI,0.25
7109,1777.25,topo,gyrase,0.25
7109,1777.25,RNAP,RNAP,1.0
7109,1777.25,mRNA,tetA,26.0
7109,1777.25,mRNA,Raspberry,2.0
7109,1777.25,mRNA,mKalama1,3.0
7110,1777.5,topo,topoI,0.25
7110,1777.5,topo,gyrase,0.25
7110,1777.5,RNAP,RNAP,1.0
7110,1777.5,mRNA,tetA,26.0
7110,1777.5,mRNA,Raspberry,2.0
7110,1777.5,mRNA,mKalama1,3.0
7111,1777.75,topo,topoI,0.25
7111,1777.75,topo,gyrase,0.25
7111,1777.75,RNAP,RNAP,1.0
7111,1777.75,mRNA,tetA,26.0
7111,1777.75,mRNA,Raspberry,2.0
7111,1777.75,mRNA,mKalama1,3.0
7112,1778.0,topo,topoI,0.25
7112,1778.0,topo,gyrase,0.25
7112,1778.0,RNAP,RNAP,1.0
7112,1778.0,mRNA,tetA,26.0
7112,1778.0,mRNA,Raspberry,2.0
7112,1778.0,mRNA,mKalama1,3.0
7113,1778.25,topo,topoI,0.25
7113,1778.25,topo,gyrase,0.25
7113,1778.25,RNAP,RNAP,1.0
7113,1778.25,mRNA,tetA,26.0
7113,1778.25,mRNA,Raspberry,2.0
7113,1778.25,mRNA,mKalama1,3.0
7114,1778.5,topo,topoI,0.25
7114,1778.5,topo,gyrase,0.25
7114,1778.5,RNAP,RNAP,1.0
7114,1778.5,mRNA,tetA,26.0
7114,1778.5,mRNA,Raspberry,2.0
7114,1778.5,mRNA,mKalama1,3.0
7115,1778.75,topo,topoI,0.25
7115,1778.75,topo,gyrase,0.25
7115,1778.75,RNAP,RNAP,1.0
7115,1778.75,mRNA,tetA,26.0
7115,1778.75,mRNA,Raspberry,2.0
7115,1778.75,mRNA,mKalama1,3.0
7116,1779.0,topo,topoI,0.25
7116,1779.0,topo,gyrase,0.25
7116,1779.0,RNAP,RNAP,1.0
7116,1779.0,mRNA,tetA,26.0
7116,1779.0,mRNA,Raspberry,2.0
7116,1779.0,mRNA,mKalama1,3.0
7117,1779.25,topo,topoI,0.25
7117,1779.25,topo,gyrase,0.25
7117,1779.25,RNAP,RNAP,1.0
7117,1779.25,mRNA,tetA,26.0
7117,1779.25,mRNA,Raspberry,2.0
7117,1779.25,mRNA,mKalama1,3.0
7118,1779.5,topo,topoI,0.25
7118,1779.5,topo,gyrase,0.25
7118,1779.5,RNAP,RNAP,1.0
7118,1779.5,mRNA,tetA,26.0
7118,1779.5,mRNA,Raspberry,2.0
7118,1779.5,mRNA,mKalama1,3.0
7119,1779.75,topo,topoI,0.25
7119,1779.75,topo,gyrase,0.25
7119,1779.75,RNAP,RNAP,1.0
7119,1779.75,mRNA,tetA,26.0
7119,1779.75,mRNA,Raspberry,2.0
7119,1779.75,mRNA,mKalama1,3.0
7120,1780.0,topo,topoI,0.25
7120,1780.0,topo,gyrase,0.25
7120,1780.0,RNAP,RNAP,1.0
7120,1780.0,mRNA,tetA,26.0
7120,1780.0,mRNA,Raspberry,2.0
7120,1780.0,mRNA,mKalama1,3.0
7121,1780.25,topo,topoI,0.25
7121,1780.25,topo,gyrase,0.25
7121,1780.25,RNAP,RNAP,1.0
7121,1780.25,mRNA,tetA,26.0
7121,1780.25,mRNA,Raspberry,2.0
7121,1780.25,mRNA,mKalama1,3.0
7122,1780.5,topo,topoI,0.25
7122,1780.5,topo,gyrase,0.25
7122,1780.5,RNAP,RNAP,1.0
7122,1780.5,mRNA,tetA,26.0
7122,1780.5,mRNA,Raspberry,2.0
7122,1780.5,mRNA,mKalama1,3.0
7123,1780.75,topo,topoI,0.25
7123,1780.75,topo,gyrase,0.25
7123,1780.75,RNAP,RNAP,1.0
7123,1780.75,mRNA,tetA,26.0
7123,1780.75,mRNA,Raspberry,2.0
7123,1780.75,mRNA,mKalama1,3.0
7124,1781.0,topo,topoI,0.25
7124,1781.0,topo,gyrase,0.25
7124,1781.0,RNAP,RNAP,1.0
7124,1781.0,mRNA,tetA,26.0
7124,1781.0,mRNA,Raspberry,2.0
7124,1781.0,mRNA,mKalama1,3.0
7125,1781.25,topo,topoI,0.25
7125,1781.25,topo,gyrase,0.25
7125,1781.25,RNAP,RNAP,1.0
7125,1781.25,mRNA,tetA,26.0
7125,1781.25,mRNA,Raspberry,2.0
7125,1781.25,mRNA,mKalama1,3.0
7126,1781.5,topo,topoI,0.25
7126,1781.5,topo,gyrase,0.25
7126,1781.5,RNAP,RNAP,1.0
7126,1781.5,mRNA,tetA,26.0
7126,1781.5,mRNA,Raspberry,2.0
7126,1781.5,mRNA,mKalama1,3.0
7127,1781.75,topo,topoI,0.25
7127,1781.75,topo,gyrase,0.25
7127,1781.75,RNAP,RNAP,1.0
7127,1781.75,mRNA,tetA,26.0
7127,1781.75,mRNA,Raspberry,2.0
7127,1781.75,mRNA,mKalama1,3.0
7128,1782.0,topo,topoI,0.25
7128,1782.0,topo,gyrase,0.25
7128,1782.0,RNAP,RNAP,1.0
7128,1782.0,mRNA,tetA,26.0
7128,1782.0,mRNA,Raspberry,2.0
7128,1782.0,mRNA,mKalama1,3.0
7129,1782.25,topo,topoI,0.25
7129,1782.25,topo,gyrase,0.25
7129,1782.25,RNAP,RNAP,1.0
7129,1782.25,mRNA,tetA,26.0
7129,1782.25,mRNA,Raspberry,2.0
7129,1782.25,mRNA,mKalama1,3.0
7130,1782.5,topo,topoI,0.25
7130,1782.5,topo,gyrase,0.25
7130,1782.5,RNAP,RNAP,1.0
7130,1782.5,mRNA,tetA,26.0
7130,1782.5,mRNA,Raspberry,2.0
7130,1782.5,mRNA,mKalama1,3.0
7131,1782.75,topo,topoI,0.25
7131,1782.75,topo,gyrase,0.25
7131,1782.75,RNAP,RNAP,1.0
7131,1782.75,mRNA,tetA,26.0
7131,1782.75,mRNA,Raspberry,2.0
7131,1782.75,mRNA,mKalama1,3.0
7132,1783.0,topo,topoI,0.25
7132,1783.0,topo,gyrase,0.25
7132,1783.0,RNAP,RNAP,1.0
7132,1783.0,mRNA,tetA,26.0
7132,1783.0,mRNA,Raspberry,2.0
7132,1783.0,mRNA,mKalama1,3.0
7133,1783.25,topo,topoI,0.25
7133,1783.25,topo,gyrase,0.25
7133,1783.25,RNAP,RNAP,1.0
7133,1783.25,mRNA,tetA,26.0
7133,1783.25,mRNA,Raspberry,2.0
7133,1783.25,mRNA,mKalama1,3.0
7134,1783.5,topo,topoI,0.25
7134,1783.5,topo,gyrase,0.25
7134,1783.5,RNAP,RNAP,1.0
7134,1783.5,mRNA,tetA,26.0
7134,1783.5,mRNA,Raspberry,2.0
7134,1783.5,mRNA,mKalama1,3.0
7135,1783.75,topo,topoI,0.25
7135,1783.75,topo,gyrase,0.25
7135,1783.75,RNAP,RNAP,1.0
7135,1783.75,mRNA,tetA,26.0
7135,1783.75,mRNA,Raspberry,2.0
7135,1783.75,mRNA,mKalama1,3.0
7136,1784.0,topo,topoI,0.25
7136,1784.0,topo,gyrase,0.25
7136,1784.0,RNAP,RNAP,1.0
7136,1784.0,mRNA,tetA,26.0
7136,1784.0,mRNA,Raspberry,2.0
7136,1784.0,mRNA,mKalama1,3.0
7137,1784.25,topo,topoI,0.25
7137,1784.25,topo,gyrase,0.25
7137,1784.25,RNAP,RNAP,1.0
7137,1784.25,mRNA,tetA,26.0
7137,1784.25,mRNA,Raspberry,2.0
7137,1784.25,mRNA,mKalama1,3.0
7138,1784.5,topo,topoI,0.25
7138,1784.5,topo,gyrase,0.25
7138,1784.5,RNAP,RNAP,1.0
7138,1784.5,mRNA,tetA,26.0
7138,1784.5,mRNA,Raspberry,2.0
7138,1784.5,mRNA,mKalama1,3.0
7139,1784.75,topo,topoI,0.25
7139,1784.75,topo,gyrase,0.25
7139,1784.75,RNAP,RNAP,1.0
7139,1784.75,mRNA,tetA,26.0
7139,1784.75,mRNA,Raspberry,2.0
7139,1784.75,mRNA,mKalama1,3.0
7140,1785.0,topo,topoI,0.25
7140,1785.0,topo,gyrase,0.25
7140,1785.0,RNAP,RNAP,1.0
7140,1785.0,mRNA,tetA,26.0
7140,1785.0,mRNA,Raspberry,2.0
7140,1785.0,mRNA,mKalama1,3.0
7141,1785.25,topo,topoI,0.25
7141,1785.25,topo,gyrase,0.25
7141,1785.25,RNAP,RNAP,1.0
7141,1785.25,mRNA,tetA,26.0
7141,1785.25,mRNA,Raspberry,2.0
7141,1785.25,mRNA,mKalama1,3.0
7142,1785.5,topo,topoI,0.25
7142,1785.5,topo,gyrase,0.25
7142,1785.5,RNAP,RNAP,1.0
7142,1785.5,mRNA,tetA,26.0
7142,1785.5,mRNA,Raspberry,2.0
7142,1785.5,mRNA,mKalama1,3.0
7143,1785.75,topo,topoI,0.25
7143,1785.75,topo,gyrase,0.25
7143,1785.75,RNAP,RNAP,1.0
7143,1785.75,mRNA,tetA,26.0
7143,1785.75,mRNA,Raspberry,2.0
7143,1785.75,mRNA,mKalama1,3.0
7144,1786.0,topo,topoI,0.25
7144,1786.0,topo,gyrase,0.25
7144,1786.0,RNAP,RNAP,1.0
7144,1786.0,mRNA,tetA,26.0
7144,1786.0,mRNA,Raspberry,2.0
7144,1786.0,mRNA,mKalama1,3.0
7145,1786.25,topo,topoI,0.25
7145,1786.25,topo,gyrase,0.25
7145,1786.25,RNAP,RNAP,1.0
7145,1786.25,mRNA,tetA,26.0
7145,1786.25,mRNA,Raspberry,2.0
7145,1786.25,mRNA,mKalama1,3.0
7146,1786.5,topo,topoI,0.25
7146,1786.5,topo,gyrase,0.25
7146,1786.5,RNAP,RNAP,1.0
7146,1786.5,mRNA,tetA,26.0
7146,1786.5,mRNA,Raspberry,2.0
7146,1786.5,mRNA,mKalama1,3.0
7147,1786.75,topo,topoI,0.25
7147,1786.75,topo,gyrase,0.25
7147,1786.75,RNAP,RNAP,1.0
7147,1786.75,mRNA,tetA,26.0
7147,1786.75,mRNA,Raspberry,2.0
7147,1786.75,mRNA,mKalama1,3.0
7148,1787.0,topo,topoI,0.25
7148,1787.0,topo,gyrase,0.25
7148,1787.0,RNAP,RNAP,1.0
7148,1787.0,mRNA,tetA,26.0
7148,1787.0,mRNA,Raspberry,2.0
7148,1787.0,mRNA,mKalama1,3.0
7149,1787.25,topo,topoI,0.25
7149,1787.25,topo,gyrase,0.25
7149,1787.25,RNAP,RNAP,1.0
7149,1787.25,mRNA,tetA,26.0
7149,1787.25,mRNA,Raspberry,2.0
7149,1787.25,mRNA,mKalama1,3.0
7150,1787.5,topo,topoI,0.25
7150,1787.5,topo,gyrase,0.25
7150,1787.5,RNAP,RNAP,1.0
7150,1787.5,mRNA,tetA,26.0
7150,1787.5,mRNA,Raspberry,2.0
7150,1787.5,mRNA,mKalama1,3.0
7151,1787.75,topo,topoI,0.25
7151,1787.75,topo,gyrase,0.25
7151,1787.75,RNAP,RNAP,1.0
7151,1787.75,mRNA,tetA,26.0
7151,1787.75,mRNA,Raspberry,2.0
7151,1787.75,mRNA,mKalama1,3.0
7152,1788.0,topo,topoI,0.25
7152,1788.0,topo,gyrase,0.25
7152,1788.0,RNAP,RNAP,1.0
7152,1788.0,mRNA,tetA,26.0
7152,1788.0,mRNA,Raspberry,2.0
7152,1788.0,mRNA,mKalama1,3.0
7153,1788.25,topo,topoI,0.25
7153,1788.25,topo,gyrase,0.25
7153,1788.25,RNAP,RNAP,1.0
7153,1788.25,mRNA,tetA,26.0
7153,1788.25,mRNA,Raspberry,2.0
7153,1788.25,mRNA,mKalama1,3.0
7154,1788.5,topo,topoI,0.25
7154,1788.5,topo,gyrase,0.25
7154,1788.5,RNAP,RNAP,1.0
7154,1788.5,mRNA,tetA,26.0
7154,1788.5,mRNA,Raspberry,2.0
7154,1788.5,mRNA,mKalama1,3.0
7155,1788.75,topo,topoI,0.25
7155,1788.75,topo,gyrase,0.25
7155,1788.75,RNAP,RNAP,1.0
7155,1788.75,mRNA,tetA,26.0
7155,1788.75,mRNA,Raspberry,2.0
7155,1788.75,mRNA,mKalama1,3.0
7156,1789.0,topo,topoI,0.25
7156,1789.0,topo,gyrase,0.25
7156,1789.0,RNAP,RNAP,1.0
7156,1789.0,mRNA,tetA,26.0
7156,1789.0,mRNA,Raspberry,2.0
7156,1789.0,mRNA,mKalama1,3.0
7157,1789.25,topo,topoI,0.25
7157,1789.25,topo,gyrase,0.25
7157,1789.25,RNAP,RNAP,1.0
7157,1789.25,mRNA,tetA,26.0
7157,1789.25,mRNA,Raspberry,2.0
7157,1789.25,mRNA,mKalama1,3.0
7158,1789.5,topo,topoI,0.25
7158,1789.5,topo,gyrase,0.25
7158,1789.5,RNAP,RNAP,1.0
7158,1789.5,mRNA,tetA,26.0
7158,1789.5,mRNA,Raspberry,2.0
7158,1789.5,mRNA,mKalama1,3.0
7159,1789.75,topo,topoI,0.25
7159,1789.75,topo,gyrase,0.25
7159,1789.75,RNAP,RNAP,1.0
7159,1789.75,mRNA,tetA,26.0
7159,1789.75,mRNA,Raspberry,2.0
7159,1789.75,mRNA,mKalama1,3.0
7160,1790.0,topo,topoI,0.25
7160,1790.0,topo,gyrase,0.25
7160,1790.0,RNAP,RNAP,1.0
7160,1790.0,mRNA,tetA,26.0
7160,1790.0,mRNA,Raspberry,2.0
7160,1790.0,mRNA,mKalama1,3.0
7161,1790.25,topo,topoI,0.25
7161,1790.25,topo,gyrase,0.25
7161,1790.25,RNAP,RNAP,1.0
7161,1790.25,mRNA,tetA,26.0
7161,1790.25,mRNA,Raspberry,2.0
7161,1790.25,mRNA,mKalama1,3.0
7162,1790.5,topo,topoI,0.25
7162,1790.5,topo,gyrase,0.25
7162,1790.5,RNAP,RNAP,1.0
7162,1790.5,mRNA,tetA,26.0
7162,1790.5,mRNA,Raspberry,2.0
7162,1790.5,mRNA,mKalama1,3.0
7163,1790.75,topo,topoI,0.25
7163,1790.75,topo,gyrase,0.25
7163,1790.75,RNAP,RNAP,1.0
7163,1790.75,mRNA,tetA,26.0
7163,1790.75,mRNA,Raspberry,2.0
7163,1790.75,mRNA,mKalama1,3.0
7164,1791.0,topo,topoI,0.25
7164,1791.0,topo,gyrase,0.25
7164,1791.0,RNAP,RNAP,1.0
7164,1791.0,mRNA,tetA,26.0
7164,1791.0,mRNA,Raspberry,2.0
7164,1791.0,mRNA,mKalama1,3.0
7165,1791.25,topo,topoI,0.25
7165,1791.25,topo,gyrase,0.25
7165,1791.25,RNAP,RNAP,1.0
7165,1791.25,mRNA,tetA,26.0
7165,1791.25,mRNA,Raspberry,2.0
7165,1791.25,mRNA,mKalama1,3.0
7166,1791.5,topo,topoI,0.25
7166,1791.5,topo,gyrase,0.25
7166,1791.5,RNAP,RNAP,1.0
7166,1791.5,mRNA,tetA,26.0
7166,1791.5,mRNA,Raspberry,2.0
7166,1791.5,mRNA,mKalama1,3.0
7167,1791.75,topo,topoI,0.25
7167,1791.75,topo,gyrase,0.25
7167,1791.75,RNAP,RNAP,1.0
7167,1791.75,mRNA,tetA,26.0
7167,1791.75,mRNA,Raspberry,2.0
7167,1791.75,mRNA,mKalama1,3.0
7168,1792.0,topo,topoI,0.25
7168,1792.0,topo,gyrase,0.25
7168,1792.0,RNAP,RNAP,1.0
7168,1792.0,mRNA,tetA,26.0
7168,1792.0,mRNA,Raspberry,2.0
7168,1792.0,mRNA,mKalama1,3.0
7169,1792.25,topo,topoI,0.25
7169,1792.25,topo,gyrase,0.25
7169,1792.25,RNAP,RNAP,1.0
7169,1792.25,mRNA,tetA,26.0
7169,1792.25,mRNA,Raspberry,2.0
7169,1792.25,mRNA,mKalama1,3.0
7170,1792.5,topo,topoI,0.25
7170,1792.5,topo,gyrase,0.25
7170,1792.5,RNAP,RNAP,1.0
7170,1792.5,mRNA,tetA,26.0
7170,1792.5,mRNA,Raspberry,2.0
7170,1792.5,mRNA,mKalama1,3.0
7171,1792.75,topo,topoI,0.25
7171,1792.75,topo,gyrase,0.25
7171,1792.75,RNAP,RNAP,1.0
7171,1792.75,mRNA,tetA,26.0
7171,1792.75,mRNA,Raspberry,2.0
7171,1792.75,mRNA,mKalama1,3.0
7172,1793.0,topo,topoI,0.25
7172,1793.0,topo,gyrase,0.25
7172,1793.0,RNAP,RNAP,1.0
7172,1793.0,mRNA,tetA,26.0
7172,1793.0,mRNA,Raspberry,2.0
7172,1793.0,mRNA,mKalama1,3.0
7173,1793.25,topo,topoI,0.25
7173,1793.25,topo,gyrase,0.25
7173,1793.25,RNAP,RNAP,1.0
7173,1793.25,mRNA,tetA,26.0
7173,1793.25,mRNA,Raspberry,2.0
7173,1793.25,mRNA,mKalama1,3.0
7174,1793.5,topo,topoI,0.25
7174,1793.5,topo,gyrase,0.25
7174,1793.5,RNAP,RNAP,1.0
7174,1793.5,mRNA,tetA,26.0
7174,1793.5,mRNA,Raspberry,2.0
7174,1793.5,mRNA,mKalama1,3.0
7175,1793.75,topo,topoI,0.25
7175,1793.75,topo,gyrase,0.25
7175,1793.75,RNAP,RNAP,1.0
7175,1793.75,mRNA,tetA,26.0
7175,1793.75,mRNA,Raspberry,2.0
7175,1793.75,mRNA,mKalama1,3.0
7176,1794.0,topo,topoI,0.25
7176,1794.0,topo,gyrase,0.25
7176,1794.0,RNAP,RNAP,1.0
7176,1794.0,mRNA,tetA,26.0
7176,1794.0,mRNA,Raspberry,2.0
7176,1794.0,mRNA,mKalama1,3.0
7177,1794.25,topo,topoI,0.25
7177,1794.25,topo,gyrase,0.25
7177,1794.25,RNAP,RNAP,1.0
7177,1794.25,mRNA,tetA,26.0
7177,1794.25,mRNA,Raspberry,2.0
7177,1794.25,mRNA,mKalama1,3.0
7178,1794.5,topo,topoI,0.25
7178,1794.5,topo,gyrase,0.25
7178,1794.5,RNAP,RNAP,1.0
7178,1794.5,mRNA,tetA,26.0
7178,1794.5,mRNA,Raspberry,2.0
7178,1794.5,mRNA,mKalama1,3.0
7179,1794.75,topo,topoI,0.25
7179,1794.75,topo,gyrase,0.25
7179,1794.75,RNAP,RNAP,1.0
7179,1794.75,mRNA,tetA,26.0
7179,1794.75,mRNA,Raspberry,2.0
7179,1794.75,mRNA,mKalama1,3.0
7180,1795.0,topo,topoI,0.25
7180,1795.0,topo,gyrase,0.25
7180,1795.0,RNAP,RNAP,1.0
7180,1795.0,mRNA,tetA,26.0
7180,1795.0,mRNA,Raspberry,2.0
7180,1795.0,mRNA,mKalama1,3.0
7181,1795.25,topo,topoI,0.25
7181,1795.25,topo,gyrase,0.25
7181,1795.25,RNAP,RNAP,1.0
7181,1795.25,mRNA,tetA,26.0
7181,1795.25,mRNA,Raspberry,2.0
7181,1795.25,mRNA,mKalama1,3.0
7182,1795.5,topo,topoI,0.25
7182,1795.5,topo,gyrase,0.25
7182,1795.5,RNAP,RNAP,1.0
7182,1795.5,mRNA,tetA,26.0
7182,1795.5,mRNA,Raspberry,2.0
7182,1795.5,mRNA,mKalama1,3.0
7183,1795.75,topo,topoI,0.25
7183,1795.75,topo,gyrase,0.25
7183,1795.75,RNAP,RNAP,1.0
7183,1795.75,mRNA,tetA,26.0
7183,1795.75,mRNA,Raspberry,2.0
7183,1795.75,mRNA,mKalama1,3.0
7184,1796.0,topo,topoI,0.25
7184,1796.0,topo,gyrase,0.25
7184,1796.0,RNAP,RNAP,1.0
7184,1796.0,mRNA,tetA,26.0
7184,1796.0,mRNA,Raspberry,2.0
7184,1796.0,mRNA,mKalama1,3.0
7185,1796.25,topo,topoI,0.25
7185,1796.25,topo,gyrase,0.25
7185,1796.25,RNAP,RNAP,1.0
7185,1796.25,mRNA,tetA,26.0
7185,1796.25,mRNA,Raspberry,2.0
7185,1796.25,mRNA,mKalama1,3.0
7186,1796.5,topo,topoI,0.25
7186,1796.5,topo,gyrase,0.25
7186,1796.5,RNAP,RNAP,1.0
7186,1796.5,mRNA,tetA,26.0
7186,1796.5,mRNA,Raspberry,2.0
7186,1796.5,mRNA,mKalama1,3.0
7187,1796.75,topo,topoI,0.25
7187,1796.75,topo,gyrase,0.25
7187,1796.75,RNAP,RNAP,1.0
7187,1796.75,mRNA,tetA,26.0
7187,1796.75,mRNA,Raspberry,2.0
7187,1796.75,mRNA,mKalama1,3.0
7188,1797.0,topo,topoI,0.25
7188,1797.0,topo,gyrase,0.25
7188,1797.0,RNAP,RNAP,1.0
7188,1797.0,mRNA,tetA,26.0
7188,1797.0,mRNA,Raspberry,2.0
7188,1797.0,mRNA,mKalama1,3.0
7189,1797.25,topo,topoI,0.25
7189,1797.25,topo,gyrase,0.25
7189,1797.25,RNAP,RNAP,1.0
7189,1797.25,mRNA,tetA,26.0
7189,1797.25,mRNA,Raspberry,2.0
7189,1797.25,mRNA,mKalama1,3.0
7190,1797.5,topo,topoI,0.25
7190,1797.5,topo,gyrase,0.25
7190,1797.5,RNAP,RNAP,1.0
7190,1797.5,mRNA,tetA,26.0
7190,1797.5,mRNA,Raspberry,2.0
7190,1797.5,mRNA,mKalama1,3.0
7191,1797.75,topo,topoI,0.25
7191,1797.75,topo,gyrase,0.25
7191,1797.75,RNAP,RNAP,1.0
7191,1797.75,mRNA,tetA,26.0
7191,1797.75,mRNA,Raspberry,2.0
7191,1797.75,mRNA,mKalama1,3.0
7192,1798.0,topo,topoI,0.25
7192,1798.0,topo,gyrase,0.25
7192,1798.0,RNAP,RNAP,1.0
7192,1798.0,mRNA,tetA,26.0
7192,1798.0,mRNA,Raspberry,2.0
7192,1798.0,mRNA,mKalama1,3.0
7193,1798.25,topo,topoI,0.25
7193,1798.25,topo,gyrase,0.25
7193,1798.25,RNAP,RNAP,1.0
7193,1798.25,mRNA,tetA,26.0
7193,1798.25,mRNA,Raspberry,2.0
7193,1798.25,mRNA,mKalama1,3.0
7194,1798.5,topo,topoI,0.25
7194,1798.5,topo,gyrase,0.25
7194,1798.5,RNAP,RNAP,1.0
7194,1798.5,mRNA,tetA,26.0
7194,1798.5,mRNA,Raspberry,2.0
7194,1798.5,mRNA,mKalama1,3.0
7195,1798.75,topo,topoI,0.25
7195,1798.75,topo,gyrase,0.25
7195,1798.75,RNAP,RNAP,1.0
7195,1798.75,mRNA,tetA,26.0
7195,1798.75,mRNA,Raspberry,2.0
7195,1798.75,mRNA,mKalama1,3.0
7196,1799.0,topo,topoI,0.25
7196,1799.0,topo,gyrase,0.25
7196,1799.0,RNAP,RNAP,1.0
7196,1799.0,mRNA,tetA,26.0
7196,1799.0,mRNA,Raspberry,2.0
7196,1799.0,mRNA,mKalama1,3.0
7197,1799.25,topo,topoI,0.25
7197,1799.25,topo,gyrase,0.25
7197,1799.25,RNAP,RNAP,1.0
7197,1799.25,mRNA,tetA,26.0
7197,1799.25,mRNA,Raspberry,2.0
7197,1799.25,mRNA,mKalama1,3.0
7198,1799.5,topo,topoI,0.25
7198,1799.5,topo,gyrase,0.25
7198,1799.5,RNAP,RNAP,1.0
7198,1799.5,mRNA,tetA,26.0
7198,1799.5,mRNA,Raspberry,2.0
7198,1799.5,mRNA,mKalama1,3.0
7199,1799.75,topo,topoI,0.25
7199,1799.75,topo,gyrase,0.25
7199,1799.75,RNAP,RNAP,1.0
7199,1799.75,mRNA,tetA,26.0
7199,1799.75,mRNA,Raspberry,2.0
7199,1799.75,mRNA,mKalama1,3.0
7200,1800.0,topo,topoI,0.25
7200,1800.0,topo,gyrase,0.25
7200,1800.0,RNAP,RNAP,1.0
7200,1800.0,mRNA,tetA,26.0
7200,1800.0,mRNA,Raspberry,2.0
7200,1800.0,mRNA,mKalama1,3.0
7201,1800.25,topo,topoI,0.25
7201,1800.25,topo,gyrase,0.25
7201,1800.25,RNAP,RNAP,1.0
7201,1800.25,mRNA,tetA,26.0
7201,1800.25,mRNA,Raspberry,2.0
7201,1800.25,mRNA,mKalama1,3.0
7202,1800.5,topo,topoI,0.25
7202,1800.5,topo,gyrase,0.25
7202,1800.5,RNAP,RNAP,1.0
7202,1800.5,mRNA,tetA,26.0
7202,1800.5,mRNA,Raspberry,2.0
7202,1800.5,mRNA,mKalama1,3.0
7203,1800.75,topo,topoI,0.25
7203,1800.75,topo,gyrase,0.25
7203,1800.75,RNAP,RNAP,1.0
7203,1800.75,mRNA,tetA,26.0
7203,1800.75,mRNA,Raspberry,2.0
7203,1800.75,mRNA,mKalama1,3.0
7204,1801.0,topo,topoI,0.25
7204,1801.0,topo,gyrase,0.25
7204,1801.0,RNAP,RNAP,1.0
7204,1801.0,mRNA,tetA,26.0
7204,1801.0,mRNA,Raspberry,2.0
7204,1801.0,mRNA,mKalama1,3.0
7205,1801.25,topo,topoI,0.25
7205,1801.25,topo,gyrase,0.25
7205,1801.25,RNAP,RNAP,1.0
7205,1801.25,mRNA,tetA,26.0
7205,1801.25,mRNA,Raspberry,2.0
7205,1801.25,mRNA,mKalama1,3.0
7206,1801.5,topo,topoI,0.25
7206,1801.5,topo,gyrase,0.25
7206,1801.5,RNAP,RNAP,1.0
7206,1801.5,mRNA,tetA,26.0
7206,1801.5,mRNA,Raspberry,2.0
7206,1801.5,mRNA,mKalama1,3.0
7207,1801.75,topo,topoI,0.25
7207,1801.75,topo,gyrase,0.25
7207,1801.75,RNAP,RNAP,1.0
7207,1801.75,mRNA,tetA,26.0
7207,1801.75,mRNA,Raspberry,2.0
7207,1801.75,mRNA,mKalama1,3.0
7208,1802.0,topo,topoI,0.25
7208,1802.0,topo,gyrase,0.25
7208,1802.0,RNAP,RNAP,1.0
7208,1802.0,mRNA,tetA,26.0
7208,1802.0,mRNA,Raspberry,2.0
7208,1802.0,mRNA,mKalama1,3.0
7209,1802.25,topo,topoI,0.25
7209,1802.25,topo,gyrase,0.25
7209,1802.25,RNAP,RNAP,1.0
7209,1802.25,mRNA,tetA,26.0
7209,1802.25,mRNA,Raspberry,2.0
7209,1802.25,mRNA,mKalama1,3.0
7210,1802.5,topo,topoI,0.25
7210,1802.5,topo,gyrase,0.25
7210,1802.5,RNAP,RNAP,1.0
7210,1802.5,mRNA,tetA,26.0
7210,1802.5,mRNA,Raspberry,2.0
7210,1802.5,mRNA,mKalama1,3.0
7211,1802.75,topo,topoI,0.25
7211,1802.75,topo,gyrase,0.25
7211,1802.75,RNAP,RNAP,1.0
7211,1802.75,mRNA,tetA,26.0
7211,1802.75,mRNA,Raspberry,2.0
7211,1802.75,mRNA,mKalama1,3.0
7212,1803.0,topo,topoI,0.25
7212,1803.0,topo,gyrase,0.25
7212,1803.0,RNAP,RNAP,1.0
7212,1803.0,mRNA,tetA,26.0
7212,1803.0,mRNA,Raspberry,2.0
7212,1803.0,mRNA,mKalama1,3.0
7213,1803.25,topo,topoI,0.25
7213,1803.25,topo,gyrase,0.25
7213,1803.25,RNAP,RNAP,1.0
7213,1803.25,mRNA,tetA,26.0
7213,1803.25,mRNA,Raspberry,2.0
7213,1803.25,mRNA,mKalama1,3.0
7214,1803.5,topo,topoI,0.25
7214,1803.5,topo,gyrase,0.25
7214,1803.5,RNAP,RNAP,1.0
7214,1803.5,mRNA,tetA,26.0
7214,1803.5,mRNA,Raspberry,2.0
7214,1803.5,mRNA,mKalama1,3.0
7215,1803.75,topo,topoI,0.25
7215,1803.75,topo,gyrase,0.25
7215,1803.75,RNAP,RNAP,1.0
7215,1803.75,mRNA,tetA,26.0
7215,1803.75,mRNA,Raspberry,2.0
7215,1803.75,mRNA,mKalama1,3.0
7216,1804.0,topo,topoI,0.25
7216,1804.0,topo,gyrase,0.25
7216,1804.0,RNAP,RNAP,1.0
7216,1804.0,mRNA,tetA,26.0
7216,1804.0,mRNA,Raspberry,2.0
7216,1804.0,mRNA,mKalama1,3.0
7217,1804.25,topo,topoI,0.25
7217,1804.25,topo,gyrase,0.25
7217,1804.25,RNAP,RNAP,1.0
7217,1804.25,mRNA,tetA,26.0
7217,1804.25,mRNA,Raspberry,2.0
7217,1804.25,mRNA,mKalama1,3.0
7218,1804.5,topo,topoI,0.25
7218,1804.5,topo,gyrase,0.25
7218,1804.5,RNAP,RNAP,1.0
7218,1804.5,mRNA,tetA,26.0
7218,1804.5,mRNA,Raspberry,2.0
7218,1804.5,mRNA,mKalama1,3.0
7219,1804.75,topo,topoI,0.25
7219,1804.75,topo,gyrase,0.25
7219,1804.75,RNAP,RNAP,1.0
7219,1804.75,mRNA,tetA,26.0
7219,1804.75,mRNA,Raspberry,2.0
7219,1804.75,mRNA,mKalama1,3.0
7220,1805.0,topo,topoI,0.25
7220,1805.0,topo,gyrase,0.25
7220,1805.0,RNAP,RNAP,1.0
7220,1805.0,mRNA,tetA,26.0
7220,1805.0,mRNA,Raspberry,2.0
7220,1805.0,mRNA,mKalama1,3.0
7221,1805.25,topo,topoI,0.25
7221,1805.25,topo,gyrase,0.25
7221,1805.25,RNAP,RNAP,1.0
7221,1805.25,mRNA,tetA,26.0
7221,1805.25,mRNA,Raspberry,2.0
7221,1805.25,mRNA,mKalama1,3.0
7222,1805.5,topo,topoI,0.25
7222,1805.5,topo,gyrase,0.25
7222,1805.5,RNAP,RNAP,1.0
7222,1805.5,mRNA,tetA,26.0
7222,1805.5,mRNA,Raspberry,2.0
7222,1805.5,mRNA,mKalama1,3.0
7223,1805.75,topo,topoI,0.25
7223,1805.75,topo,gyrase,0.25
7223,1805.75,RNAP,RNAP,1.0
7223,1805.75,mRNA,tetA,26.0
7223,1805.75,mRNA,Raspberry,2.0
7223,1805.75,mRNA,mKalama1,3.0
7224,1806.0,topo,topoI,0.25
7224,1806.0,topo,gyrase,0.25
7224,1806.0,RNAP,RNAP,1.0
7224,1806.0,mRNA,tetA,26.0
7224,1806.0,mRNA,Raspberry,2.0
7224,1806.0,mRNA,mKalama1,3.0
7225,1806.25,topo,topoI,0.25
7225,1806.25,topo,gyrase,0.25
7225,1806.25,RNAP,RNAP,1.0
7225,1806.25,mRNA,tetA,26.0
7225,1806.25,mRNA,Raspberry,2.0
7225,1806.25,mRNA,mKalama1,3.0
7226,1806.5,topo,topoI,0.25
7226,1806.5,topo,gyrase,0.25
7226,1806.5,RNAP,RNAP,1.0
7226,1806.5,mRNA,tetA,26.0
7226,1806.5,mRNA,Raspberry,2.0
7226,1806.5,mRNA,mKalama1,3.0
7227,1806.75,topo,topoI,0.25
7227,1806.75,topo,gyrase,0.25
7227,1806.75,RNAP,RNAP,1.0
7227,1806.75,mRNA,tetA,26.0
7227,1806.75,mRNA,Raspberry,2.0
7227,1806.75,mRNA,mKalama1,3.0
7228,1807.0,topo,topoI,0.25
7228,1807.0,topo,gyrase,0.25
7228,1807.0,RNAP,RNAP,1.0
7228,1807.0,mRNA,tetA,26.0
7228,1807.0,mRNA,Raspberry,2.0
7228,1807.0,mRNA,mKalama1,3.0
7229,1807.25,topo,topoI,0.25
7229,1807.25,topo,gyrase,0.25
7229,1807.25,RNAP,RNAP,1.0
7229,1807.25,mRNA,tetA,26.0
7229,1807.25,mRNA,Raspberry,2.0
7229,1807.25,mRNA,mKalama1,3.0
7230,1807.5,topo,topoI,0.25
7230,1807.5,topo,gyrase,0.25
7230,1807.5,RNAP,RNAP,1.0
7230,1807.5,mRNA,tetA,26.0
7230,1807.5,mRNA,Raspberry,2.0
7230,1807.5,mRNA,mKalama1,3.0
7231,1807.75,topo,topoI,0.25
7231,1807.75,topo,gyrase,0.25
7231,1807.75,RNAP,RNAP,1.0
7231,1807.75,mRNA,tetA,26.0
7231,1807.75,mRNA,Raspberry,2.0
7231,1807.75,mRNA,mKalama1,3.0
7232,1808.0,topo,topoI,0.25
7232,1808.0,topo,gyrase,0.25
7232,1808.0,RNAP,RNAP,1.0
7232,1808.0,mRNA,tetA,26.0
7232,1808.0,mRNA,Raspberry,2.0
7232,1808.0,mRNA,mKalama1,3.0
7233,1808.25,topo,topoI,0.25
7233,1808.25,topo,gyrase,0.25
7233,1808.25,RNAP,RNAP,1.0
7233,1808.25,mRNA,tetA,26.0
7233,1808.25,mRNA,Raspberry,2.0
7233,1808.25,mRNA,mKalama1,3.0
7234,1808.5,topo,topoI,0.25
7234,1808.5,topo,gyrase,0.25
7234,1808.5,RNAP,RNAP,1.0
7234,1808.5,mRNA,tetA,26.0
7234,1808.5,mRNA,Raspberry,2.0
7234,1808.5,mRNA,mKalama1,3.0
7235,1808.75,topo,topoI,0.25
7235,1808.75,topo,gyrase,0.25
7235,1808.75,RNAP,RNAP,1.0
7235,1808.75,mRNA,tetA,26.0
7235,1808.75,mRNA,Raspberry,2.0
7235,1808.75,mRNA,mKalama1,3.0
7236,1809.0,topo,topoI,0.25
7236,1809.0,topo,gyrase,0.25
7236,1809.0,RNAP,RNAP,1.0
7236,1809.0,mRNA,tetA,26.0
7236,1809.0,mRNA,Raspberry,2.0
7236,1809.0,mRNA,mKalama1,3.0
7237,1809.25,topo,topoI,0.25
7237,1809.25,topo,gyrase,0.25
7237,1809.25,RNAP,RNAP,1.0
7237,1809.25,mRNA,tetA,26.0
7237,1809.25,mRNA,Raspberry,2.0
7237,1809.25,mRNA,mKalama1,3.0
7238,1809.5,topo,topoI,0.25
7238,1809.5,topo,gyrase,0.25
7238,1809.5,RNAP,RNAP,1.0
7238,1809.5,mRNA,tetA,26.0
7238,1809.5,mRNA,Raspberry,2.0
7238,1809.5,mRNA,mKalama1,3.0
7239,1809.75,topo,topoI,0.25
7239,1809.75,topo,gyrase,0.25
7239,1809.75,RNAP,RNAP,1.0
7239,1809.75,mRNA,tetA,26.0
7239,1809.75,mRNA,Raspberry,2.0
7239,1809.75,mRNA,mKalama1,3.0
7240,1810.0,topo,topoI,0.25
7240,1810.0,topo,gyrase,0.25
7240,1810.0,RNAP,RNAP,1.0
7240,1810.0,mRNA,tetA,26.0
7240,1810.0,mRNA,Raspberry,2.0
7240,1810.0,mRNA,mKalama1,3.0
7241,1810.25,topo,topoI,0.25
7241,1810.25,topo,gyrase,0.25
7241,1810.25,RNAP,RNAP,1.0
7241,1810.25,mRNA,tetA,26.0
7241,1810.25,mRNA,Raspberry,2.0
7241,1810.25,mRNA,mKalama1,3.0
7242,1810.5,topo,topoI,0.25
7242,1810.5,topo,gyrase,0.25
7242,1810.5,RNAP,RNAP,1.0
7242,1810.5,mRNA,tetA,26.0
7242,1810.5,mRNA,Raspberry,2.0
7242,1810.5,mRNA,mKalama1,3.0
7243,1810.75,topo,topoI,0.25
7243,1810.75,topo,gyrase,0.25
7243,1810.75,RNAP,RNAP,1.0
7243,1810.75,mRNA,tetA,26.0
7243,1810.75,mRNA,Raspberry,2.0
7243,1810.75,mRNA,mKalama1,3.0
7244,1811.0,topo,topoI,0.25
7244,1811.0,topo,gyrase,0.25
7244,1811.0,RNAP,RNAP,1.0
7244,1811.0,mRNA,tetA,26.0
7244,1811.0,mRNA,Raspberry,2.0
7244,1811.0,mRNA,mKalama1,3.0
7245,1811.25,topo,topoI,0.25
7245,1811.25,topo,gyrase,0.25
7245,1811.25,RNAP,RNAP,1.0
7245,1811.25,mRNA,tetA,26.0
7245,1811.25,mRNA,Raspberry,2.0
7245,1811.25,mRNA,mKalama1,3.0
7246,1811.5,topo,topoI,0.25
7246,1811.5,topo,gyrase,0.25
7246,1811.5,RNAP,RNAP,1.0
7246,1811.5,mRNA,tetA,26.0
7246,1811.5,mRNA,Raspberry,2.0
7246,1811.5,mRNA,mKalama1,3.0
7247,1811.75,topo,topoI,0.25
7247,1811.75,topo,gyrase,0.25
7247,1811.75,RNAP,RNAP,1.0
7247,1811.75,mRNA,tetA,26.0
7247,1811.75,mRNA,Raspberry,2.0
7247,1811.75,mRNA,mKalama1,3.0
7248,1812.0,topo,topoI,0.25
7248,1812.0,topo,gyrase,0.25
7248,1812.0,RNAP,RNAP,1.0
7248,1812.0,mRNA,tetA,26.0
7248,1812.0,mRNA,Raspberry,2.0
7248,1812.0,mRNA,mKalama1,3.0
7249,1812.25,topo,topoI,0.25
7249,1812.25,topo,gyrase,0.25
7249,1812.25,RNAP,RNAP,1.0
7249,1812.25,mRNA,tetA,26.0
7249,1812.25,mRNA,Raspberry,2.0
7249,1812.25,mRNA,mKalama1,3.0
7250,1812.5,topo,topoI,0.25
7250,1812.5,topo,gyrase,0.25
7250,1812.5,RNAP,RNAP,1.0
7250,1812.5,mRNA,tetA,26.0
7250,1812.5,mRNA,Raspberry,2.0
7250,1812.5,mRNA,mKalama1,3.0
7251,1812.75,topo,topoI,0.25
7251,1812.75,topo,gyrase,0.25
7251,1812.75,RNAP,RNAP,1.0
7251,1812.75,mRNA,tetA,26.0
7251,1812.75,mRNA,Raspberry,2.0
7251,1812.75,mRNA,mKalama1,3.0
7252,1813.0,topo,topoI,0.25
7252,1813.0,topo,gyrase,0.25
7252,1813.0,RNAP,RNAP,1.0
7252,1813.0,mRNA,tetA,26.0
7252,1813.0,mRNA,Raspberry,2.0
7252,1813.0,mRNA,mKalama1,3.0
7253,1813.25,topo,topoI,0.25
7253,1813.25,topo,gyrase,0.25
7253,1813.25,RNAP,RNAP,1.0
7253,1813.25,mRNA,tetA,26.0
7253,1813.25,mRNA,Raspberry,2.0
7253,1813.25,mRNA,mKalama1,3.0
7254,1813.5,topo,topoI,0.25
7254,1813.5,topo,gyrase,0.25
7254,1813.5,RNAP,RNAP,1.0
7254,1813.5,mRNA,tetA,26.0
7254,1813.5,mRNA,Raspberry,2.0
7254,1813.5,mRNA,mKalama1,3.0
7255,1813.75,topo,topoI,0.25
7255,1813.75,topo,gyrase,0.25
7255,1813.75,RNAP,RNAP,1.0
7255,1813.75,mRNA,tetA,26.0
7255,1813.75,mRNA,Raspberry,2.0
7255,1813.75,mRNA,mKalama1,3.0
7256,1814.0,topo,topoI,0.25
7256,1814.0,topo,gyrase,0.25
7256,1814.0,RNAP,RNAP,1.0
7256,1814.0,mRNA,tetA,26.0
7256,1814.0,mRNA,Raspberry,2.0
7256,1814.0,mRNA,mKalama1,3.0
7257,1814.25,topo,topoI,0.25
7257,1814.25,topo,gyrase,0.25
7257,1814.25,RNAP,RNAP,1.0
7257,1814.25,mRNA,tetA,26.0
7257,1814.25,mRNA,Raspberry,2.0
7257,1814.25,mRNA,mKalama1,3.0
7258,1814.5,topo,topoI,0.25
7258,1814.5,topo,gyrase,0.25
7258,1814.5,RNAP,RNAP,1.0
7258,1814.5,mRNA,tetA,26.0
7258,1814.5,mRNA,Raspberry,2.0
7258,1814.5,mRNA,mKalama1,3.0
7259,1814.75,topo,topoI,0.25
7259,1814.75,topo,gyrase,0.25
7259,1814.75,RNAP,RNAP,1.0
7259,1814.75,mRNA,tetA,26.0
7259,1814.75,mRNA,Raspberry,2.0
7259,1814.75,mRNA,mKalama1,3.0
7260,1815.0,topo,topoI,0.25
7260,1815.0,topo,gyrase,0.25
7260,1815.0,RNAP,RNAP,1.0
7260,1815.0,mRNA,tetA,26.0
7260,1815.0,mRNA,Raspberry,2.0
7260,1815.0,mRNA,mKalama1,3.0
7261,1815.25,topo,topoI,0.25
7261,1815.25,topo,gyrase,0.25
7261,1815.25,RNAP,RNAP,1.0
7261,1815.25,mRNA,tetA,26.0
7261,1815.25,mRNA,Raspberry,2.0
7261,1815.25,mRNA,mKalama1,3.0
7262,1815.5,topo,topoI,0.25
7262,1815.5,topo,gyrase,0.25
7262,1815.5,RNAP,RNAP,1.0
7262,1815.5,mRNA,tetA,26.0
7262,1815.5,mRNA,Raspberry,2.0
7262,1815.5,mRNA,mKalama1,3.0
7263,1815.75,topo,topoI,0.25
7263,1815.75,topo,gyrase,0.25
7263,1815.75,RNAP,RNAP,1.0
7263,1815.75,mRNA,tetA,26.0
7263,1815.75,mRNA,Raspberry,2.0
7263,1815.75,mRNA,mKalama1,3.0
7264,1816.0,topo,topoI,0.25
7264,1816.0,topo,gyrase,0.25
7264,1816.0,RNAP,RNAP,1.0
7264,1816.0,mRNA,tetA,26.0
7264,1816.0,mRNA,Raspberry,2.0
7264,1816.0,mRNA,mKalama1,3.0
7265,1816.25,topo,topoI,0.25
7265,1816.25,topo,gyrase,0.25
7265,1816.25,RNAP,RNAP,1.0
7265,1816.25,mRNA,tetA,26.0
7265,1816.25,mRNA,Raspberry,2.0
7265,1816.25,mRNA,mKalama1,3.0
7266,1816.5,topo,topoI,0.25
7266,1816.5,topo,gyrase,0.25
7266,1816.5,RNAP,RNAP,1.0
7266,1816.5,mRNA,tetA,26.0
7266,1816.5,mRNA,Raspberry,2.0
7266,1816.5,mRNA,mKalama1,3.0
7267,1816.75,topo,topoI,0.25
7267,1816.75,topo,gyrase,0.25
7267,1816.75,RNAP,RNAP,1.0
7267,1816.75,mRNA,tetA,26.0
7267,1816.75,mRNA,Raspberry,2.0
7267,1816.75,mRNA,mKalama1,3.0
7268,1817.0,topo,topoI,0.25
7268,1817.0,topo,gyrase,0.25
7268,1817.0,RNAP,RNAP,1.0
7268,1817.0,mRNA,tetA,26.0
7268,1817.0,mRNA,Raspberry,2.0
7268,1817.0,mRNA,mKalama1,3.0
7269,1817.25,topo,topoI,0.25
7269,1817.25,topo,gyrase,0.25
7269,1817.25,RNAP,RNAP,1.0
7269,1817.25,mRNA,tetA,26.0
7269,1817.25,mRNA,Raspberry,2.0
7269,1817.25,mRNA,mKalama1,3.0
7270,1817.5,topo,topoI,0.25
7270,1817.5,topo,gyrase,0.25
7270,1817.5,RNAP,RNAP,1.0
7270,1817.5,mRNA,tetA,26.0
7270,1817.5,mRNA,Raspberry,2.0
7270,1817.5,mRNA,mKalama1,3.0
7271,1817.75,topo,topoI,0.25
7271,1817.75,topo,gyrase,0.25
7271,1817.75,RNAP,RNAP,1.0
7271,1817.75,mRNA,tetA,26.0
7271,1817.75,mRNA,Raspberry,2.0
7271,1817.75,mRNA,mKalama1,3.0
7272,1818.0,topo,topoI,0.25
7272,1818.0,topo,gyrase,0.25
7272,1818.0,RNAP,RNAP,1.0
7272,1818.0,mRNA,tetA,26.0
7272,1818.0,mRNA,Raspberry,2.0
7272,1818.0,mRNA,mKalama1,3.0
7273,1818.25,topo,topoI,0.25
7273,1818.25,topo,gyrase,0.25
7273,1818.25,RNAP,RNAP,1.0
7273,1818.25,mRNA,tetA,26.0
7273,1818.25,mRNA,Raspberry,2.0
7273,1818.25,mRNA,mKalama1,3.0
7274,1818.5,topo,topoI,0.25
7274,1818.5,topo,gyrase,0.25
7274,1818.5,RNAP,RNAP,1.0
7274,1818.5,mRNA,tetA,26.0
7274,1818.5,mRNA,Raspberry,2.0
7274,1818.5,mRNA,mKalama1,3.0
7275,1818.75,topo,topoI,0.25
7275,1818.75,topo,gyrase,0.25
7275,1818.75,RNAP,RNAP,1.0
7275,1818.75,mRNA,tetA,26.0
7275,1818.75,mRNA,Raspberry,2.0
7275,1818.75,mRNA,mKalama1,3.0
7276,1819.0,topo,topoI,0.25
7276,1819.0,topo,gyrase,0.25
7276,1819.0,RNAP,RNAP,1.0
7276,1819.0,mRNA,tetA,26.0
7276,1819.0,mRNA,Raspberry,2.0
7276,1819.0,mRNA,mKalama1,3.0
7277,1819.25,topo,topoI,0.25
7277,1819.25,topo,gyrase,0.25
7277,1819.25,RNAP,RNAP,1.0
7277,1819.25,mRNA,tetA,26.0
7277,1819.25,mRNA,Raspberry,2.0
7277,1819.25,mRNA,mKalama1,3.0
7278,1819.5,topo,topoI,0.25
7278,1819.5,topo,gyrase,0.25
7278,1819.5,RNAP,RNAP,1.0
7278,1819.5,mRNA,tetA,26.0
7278,1819.5,mRNA,Raspberry,2.0
7278,1819.5,mRNA,mKalama1,3.0
7279,1819.75,topo,topoI,0.25
7279,1819.75,topo,gyrase,0.25
7279,1819.75,RNAP,RNAP,1.0
7279,1819.75,mRNA,tetA,26.0
7279,1819.75,mRNA,Raspberry,2.0
7279,1819.75,mRNA,mKalama1,3.0
7280,1820.0,topo,topoI,0.25
7280,1820.0,topo,gyrase,0.25
7280,1820.0,RNAP,RNAP,1.0
7280,1820.0,mRNA,tetA,26.0
7280,1820.0,mRNA,Raspberry,2.0
7280,1820.0,mRNA,mKalama1,3.0
7281,1820.25,topo,topoI,0.25
7281,1820.25,topo,gyrase,0.25
7281,1820.25,RNAP,RNAP,1.0
7281,1820.25,mRNA,tetA,26.0
7281,1820.25,mRNA,Raspberry,2.0
7281,1820.25,mRNA,mKalama1,3.0
7282,1820.5,topo,topoI,0.25
7282,1820.5,topo,gyrase,0.25
7282,1820.5,RNAP,RNAP,1.0
7282,1820.5,mRNA,tetA,26.0
7282,1820.5,mRNA,Raspberry,2.0
7282,1820.5,mRNA,mKalama1,3.0
7283,1820.75,topo,topoI,0.25
7283,1820.75,topo,gyrase,0.25
7283,1820.75,RNAP,RNAP,1.0
7283,1820.75,mRNA,tetA,26.0
7283,1820.75,mRNA,Raspberry,2.0
7283,1820.75,mRNA,mKalama1,3.0
7284,1821.0,topo,topoI,0.25
7284,1821.0,topo,gyrase,0.25
7284,1821.0,RNAP,RNAP,1.0
7284,1821.0,mRNA,tetA,26.0
7284,1821.0,mRNA,Raspberry,2.0
7284,1821.0,mRNA,mKalama1,3.0
7285,1821.25,topo,topoI,0.25
7285,1821.25,topo,gyrase,0.25
7285,1821.25,RNAP,RNAP,1.0
7285,1821.25,mRNA,tetA,26.0
7285,1821.25,mRNA,Raspberry,2.0
7285,1821.25,mRNA,mKalama1,3.0
7286,1821.5,topo,topoI,0.25
7286,1821.5,topo,gyrase,0.25
7286,1821.5,RNAP,RNAP,1.0
7286,1821.5,mRNA,tetA,26.0
7286,1821.5,mRNA,Raspberry,2.0
7286,1821.5,mRNA,mKalama1,3.0
7287,1821.75,topo,topoI,0.25
7287,1821.75,topo,gyrase,0.25
7287,1821.75,RNAP,RNAP,1.0
7287,1821.75,mRNA,tetA,26.0
7287,1821.75,mRNA,Raspberry,2.0
7287,1821.75,mRNA,mKalama1,3.0
7288,1822.0,topo,topoI,0.25
7288,1822.0,topo,gyrase,0.25
7288,1822.0,RNAP,RNAP,1.0
7288,1822.0,mRNA,tetA,26.0
7288,1822.0,mRNA,Raspberry,2.0
7288,1822.0,mRNA,mKalama1,3.0
7289,1822.25,topo,topoI,0.25
7289,1822.25,topo,gyrase,0.25
7289,1822.25,RNAP,RNAP,1.0
7289,1822.25,mRNA,tetA,26.0
7289,1822.25,mRNA,Raspberry,2.0
7289,1822.25,mRNA,mKalama1,3.0
7290,1822.5,topo,topoI,0.25
7290,1822.5,topo,gyrase,0.25
7290,1822.5,RNAP,RNAP,1.0
7290,1822.5,mRNA,tetA,26.0
7290,1822.5,mRNA,Raspberry,2.0
7290,1822.5,mRNA,mKalama1,3.0
7291,1822.75,topo,topoI,0.25
7291,1822.75,topo,gyrase,0.25
7291,1822.75,RNAP,RNAP,1.0
7291,1822.75,mRNA,tetA,26.0
7291,1822.75,mRNA,Raspberry,2.0
7291,1822.75,mRNA,mKalama1,3.0
7292,1823.0,topo,topoI,0.25
7292,1823.0,topo,gyrase,0.25
7292,1823.0,RNAP,RNAP,1.0
7292,1823.0,mRNA,tetA,26.0
7292,1823.0,mRNA,Raspberry,2.0
7292,1823.0,mRNA,mKalama1,3.0
7293,1823.25,topo,topoI,0.25
7293,1823.25,topo,gyrase,0.25
7293,1823.25,RNAP,RNAP,1.0
7293,1823.25,mRNA,tetA,26.0
7293,1823.25,mRNA,Raspberry,2.0
7293,1823.25,mRNA,mKalama1,3.0
7294,1823.5,topo,topoI,0.25
7294,1823.5,topo,gyrase,0.25
7294,1823.5,RNAP,RNAP,1.0
7294,1823.5,mRNA,tetA,26.0
7294,1823.5,mRNA,Raspberry,2.0
7294,1823.5,mRNA,mKalama1,3.0
7295,1823.75,topo,topoI,0.25
7295,1823.75,topo,gyrase,0.25
7295,1823.75,RNAP,RNAP,1.0
7295,1823.75,mRNA,tetA,26.0
7295,1823.75,mRNA,Raspberry,2.0
7295,1823.75,mRNA,mKalama1,3.0
7296,1824.0,topo,topoI,0.25
7296,1824.0,topo,gyrase,0.25
7296,1824.0,RNAP,RNAP,1.0
7296,1824.0,mRNA,tetA,26.0
7296,1824.0,mRNA,Raspberry,2.0
7296,1824.0,mRNA,mKalama1,3.0
7297,1824.25,topo,topoI,0.25
7297,1824.25,topo,gyrase,0.25
7297,1824.25,RNAP,RNAP,1.0
7297,1824.25,mRNA,tetA,26.0
7297,1824.25,mRNA,Raspberry,2.0
7297,1824.25,mRNA,mKalama1,3.0
7298,1824.5,topo,topoI,0.25
7298,1824.5,topo,gyrase,0.25
7298,1824.5,RNAP,RNAP,1.0
7298,1824.5,mRNA,tetA,26.0
7298,1824.5,mRNA,Raspberry,2.0
7298,1824.5,mRNA,mKalama1,3.0
7299,1824.75,topo,topoI,0.25
7299,1824.75,topo,gyrase,0.25
7299,1824.75,RNAP,RNAP,1.0
7299,1824.75,mRNA,tetA,26.0
7299,1824.75,mRNA,Raspberry,2.0
7299,1824.75,mRNA,mKalama1,3.0
7300,1825.0,topo,topoI,0.25
7300,1825.0,topo,gyrase,0.25
7300,1825.0,RNAP,RNAP,1.0
7300,1825.0,mRNA,tetA,26.0
7300,1825.0,mRNA,Raspberry,2.0
7300,1825.0,mRNA,mKalama1,3.0
7301,1825.25,topo,topoI,0.25
7301,1825.25,topo,gyrase,0.25
7301,1825.25,RNAP,RNAP,1.0
7301,1825.25,mRNA,tetA,26.0
7301,1825.25,mRNA,Raspberry,2.0
7301,1825.25,mRNA,mKalama1,3.0
7302,1825.5,topo,topoI,0.25
7302,1825.5,topo,gyrase,0.25
7302,1825.5,RNAP,RNAP,1.0
7302,1825.5,mRNA,tetA,26.0
7302,1825.5,mRNA,Raspberry,2.0
7302,1825.5,mRNA,mKalama1,3.0
7303,1825.75,topo,topoI,0.25
7303,1825.75,topo,gyrase,0.25
7303,1825.75,RNAP,RNAP,1.0
7303,1825.75,mRNA,tetA,26.0
7303,1825.75,mRNA,Raspberry,2.0
7303,1825.75,mRNA,mKalama1,3.0
7304,1826.0,topo,topoI,0.25
7304,1826.0,topo,gyrase,0.25
7304,1826.0,RNAP,RNAP,1.0
7304,1826.0,mRNA,tetA,26.0
7304,1826.0,mRNA,Raspberry,2.0
7304,1826.0,mRNA,mKalama1,3.0
7305,1826.25,topo,topoI,0.25
7305,1826.25,topo,gyrase,0.25
7305,1826.25,RNAP,RNAP,1.0
7305,1826.25,mRNA,tetA,26.0
7305,1826.25,mRNA,Raspberry,2.0
7305,1826.25,mRNA,mKalama1,3.0
7306,1826.5,topo,topoI,0.25
7306,1826.5,topo,gyrase,0.25
7306,1826.5,RNAP,RNAP,1.0
7306,1826.5,mRNA,tetA,26.0
7306,1826.5,mRNA,Raspberry,2.0
7306,1826.5,mRNA,mKalama1,3.0
7307,1826.75,topo,topoI,0.25
7307,1826.75,topo,gyrase,0.25
7307,1826.75,RNAP,RNAP,1.0
7307,1826.75,mRNA,tetA,26.0
7307,1826.75,mRNA,Raspberry,2.0
7307,1826.75,mRNA,mKalama1,3.0
7308,1827.0,topo,topoI,0.25
7308,1827.0,topo,gyrase,0.25
7308,1827.0,RNAP,RNAP,1.0
7308,1827.0,mRNA,tetA,26.0
7308,1827.0,mRNA,Raspberry,2.0
7308,1827.0,mRNA,mKalama1,3.0
7309,1827.25,topo,topoI,0.25
7309,1827.25,topo,gyrase,0.25
7309,1827.25,RNAP,RNAP,1.0
7309,1827.25,mRNA,tetA,26.0
7309,1827.25,mRNA,Raspberry,2.0
7309,1827.25,mRNA,mKalama1,3.0
7310,1827.5,topo,topoI,0.25
7310,1827.5,topo,gyrase,0.25
7310,1827.5,RNAP,RNAP,1.0
7310,1827.5,mRNA,tetA,26.0
7310,1827.5,mRNA,Raspberry,2.0
7310,1827.5,mRNA,mKalama1,3.0
7311,1827.75,topo,topoI,0.25
7311,1827.75,topo,gyrase,0.25
7311,1827.75,RNAP,RNAP,1.0
7311,1827.75,mRNA,tetA,26.0
7311,1827.75,mRNA,Raspberry,2.0
7311,1827.75,mRNA,mKalama1,3.0
7312,1828.0,topo,topoI,0.25
7312,1828.0,topo,gyrase,0.25
7312,1828.0,RNAP,RNAP,1.0
7312,1828.0,mRNA,tetA,26.0
7312,1828.0,mRNA,Raspberry,2.0
7312,1828.0,mRNA,mKalama1,3.0
7313,1828.25,topo,topoI,0.25
7313,1828.25,topo,gyrase,0.25
7313,1828.25,RNAP,RNAP,1.0
7313,1828.25,mRNA,tetA,26.0
7313,1828.25,mRNA,Raspberry,2.0
7313,1828.25,mRNA,mKalama1,3.0
7314,1828.5,topo,topoI,0.25
7314,1828.5,topo,gyrase,0.25
7314,1828.5,RNAP,RNAP,1.0
7314,1828.5,mRNA,tetA,26.0
7314,1828.5,mRNA,Raspberry,2.0
7314,1828.5,mRNA,mKalama1,3.0
7315,1828.75,topo,topoI,0.25
7315,1828.75,topo,gyrase,0.25
7315,1828.75,RNAP,RNAP,1.0
7315,1828.75,mRNA,tetA,26.0
7315,1828.75,mRNA,Raspberry,2.0
7315,1828.75,mRNA,mKalama1,3.0
7316,1829.0,topo,topoI,0.25
7316,1829.0,topo,gyrase,0.25
7316,1829.0,RNAP,RNAP,1.0
7316,1829.0,mRNA,tetA,26.0
7316,1829.0,mRNA,Raspberry,2.0
7316,1829.0,mRNA,mKalama1,3.0
7317,1829.25,topo,topoI,0.25
7317,1829.25,topo,gyrase,0.25
7317,1829.25,RNAP,RNAP,1.0
7317,1829.25,mRNA,tetA,26.0
7317,1829.25,mRNA,Raspberry,2.0
7317,1829.25,mRNA,mKalama1,3.0
7318,1829.5,topo,topoI,0.25
7318,1829.5,topo,gyrase,0.25
7318,1829.5,RNAP,RNAP,1.0
7318,1829.5,mRNA,tetA,26.0
7318,1829.5,mRNA,Raspberry,2.0
7318,1829.5,mRNA,mKalama1,3.0
7319,1829.75,topo,topoI,0.25
7319,1829.75,topo,gyrase,0.25
7319,1829.75,RNAP,RNAP,1.0
7319,1829.75,mRNA,tetA,26.0
7319,1829.75,mRNA,Raspberry,2.0
7319,1829.75,mRNA,mKalama1,3.0
7320,1830.0,topo,topoI,0.25
7320,1830.0,topo,gyrase,0.25
7320,1830.0,RNAP,RNAP,1.0
7320,1830.0,mRNA,tetA,26.0
7320,1830.0,mRNA,Raspberry,2.0
7320,1830.0,mRNA,mKalama1,3.0
7321,1830.25,topo,topoI,0.25
7321,1830.25,topo,gyrase,0.25
7321,1830.25,RNAP,RNAP,1.0
7321,1830.25,mRNA,tetA,26.0
7321,1830.25,mRNA,Raspberry,2.0
7321,1830.25,mRNA,mKalama1,3.0
7322,1830.5,topo,topoI,0.25
7322,1830.5,topo,gyrase,0.25
7322,1830.5,RNAP,RNAP,1.0
7322,1830.5,mRNA,tetA,26.0
7322,1830.5,mRNA,Raspberry,2.0
7322,1830.5,mRNA,mKalama1,3.0
7323,1830.75,topo,topoI,0.25
7323,1830.75,topo,gyrase,0.25
7323,1830.75,RNAP,RNAP,1.0
7323,1830.75,mRNA,tetA,26.0
7323,1830.75,mRNA,Raspberry,2.0
7323,1830.75,mRNA,mKalama1,3.0
7324,1831.0,topo,topoI,0.25
7324,1831.0,topo,gyrase,0.25
7324,1831.0,RNAP,RNAP,1.0
7324,1831.0,mRNA,tetA,26.0
7324,1831.0,mRNA,Raspberry,2.0
7324,1831.0,mRNA,mKalama1,3.0
7325,1831.25,topo,topoI,0.25
7325,1831.25,topo,gyrase,0.25
7325,1831.25,RNAP,RNAP,1.0
7325,1831.25,mRNA,tetA,26.0
7325,1831.25,mRNA,Raspberry,2.0
7325,1831.25,mRNA,mKalama1,3.0
7326,1831.5,topo,topoI,0.25
7326,1831.5,topo,gyrase,0.25
7326,1831.5,RNAP,RNAP,1.0
7326,1831.5,mRNA,tetA,26.0
7326,1831.5,mRNA,Raspberry,2.0
7326,1831.5,mRNA,mKalama1,3.0
7327,1831.75,topo,topoI,0.25
7327,1831.75,topo,gyrase,0.25
7327,1831.75,RNAP,RNAP,1.0
7327,1831.75,mRNA,tetA,26.0
7327,1831.75,mRNA,Raspberry,2.0
7327,1831.75,mRNA,mKalama1,3.0
7328,1832.0,topo,topoI,0.25
7328,1832.0,topo,gyrase,0.25
7328,1832.0,RNAP,RNAP,1.0
7328,1832.0,mRNA,tetA,26.0
7328,1832.0,mRNA,Raspberry,2.0
7328,1832.0,mRNA,mKalama1,3.0
7329,1832.25,topo,topoI,0.25
7329,1832.25,topo,gyrase,0.25
7329,1832.25,RNAP,RNAP,1.0
7329,1832.25,mRNA,tetA,26.0
7329,1832.25,mRNA,Raspberry,2.0
7329,1832.25,mRNA,mKalama1,3.0
7330,1832.5,topo,topoI,0.25
7330,1832.5,topo,gyrase,0.25
7330,1832.5,RNAP,RNAP,1.0
7330,1832.5,mRNA,tetA,26.0
7330,1832.5,mRNA,Raspberry,2.0
7330,1832.5,mRNA,mKalama1,3.0
7331,1832.75,topo,topoI,0.25
7331,1832.75,topo,gyrase,0.25
7331,1832.75,RNAP,RNAP,1.0
7331,1832.75,mRNA,tetA,26.0
7331,1832.75,mRNA,Raspberry,2.0
7331,1832.75,mRNA,mKalama1,3.0
7332,1833.0,topo,topoI,0.25
7332,1833.0,topo,gyrase,0.25
7332,1833.0,RNAP,RNAP,1.0
7332,1833.0,mRNA,tetA,26.0
7332,1833.0,mRNA,Raspberry,2.0
7332,1833.0,mRNA,mKalama1,3.0
7333,1833.25,topo,topoI,0.25
7333,1833.25,topo,gyrase,0.25
7333,1833.25,RNAP,RNAP,1.0
7333,1833.25,mRNA,tetA,26.0
7333,1833.25,mRNA,Raspberry,2.0
7333,1833.25,mRNA,mKalama1,3.0
7334,1833.5,topo,topoI,0.25
7334,1833.5,topo,gyrase,0.25
7334,1833.5,RNAP,RNAP,1.0
7334,1833.5,mRNA,tetA,26.0
7334,1833.5,mRNA,Raspberry,2.0
7334,1833.5,mRNA,mKalama1,3.0
7335,1833.75,topo,topoI,0.25
7335,1833.75,topo,gyrase,0.25
7335,1833.75,RNAP,RNAP,1.0
7335,1833.75,mRNA,tetA,26.0
7335,1833.75,mRNA,Raspberry,2.0
7335,1833.75,mRNA,mKalama1,3.0
7336,1834.0,topo,topoI,0.25
7336,1834.0,topo,gyrase,0.25
7336,1834.0,RNAP,RNAP,1.0
7336,1834.0,mRNA,tetA,26.0
7336,1834.0,mRNA,Raspberry,2.0
7336,1834.0,mRNA,mKalama1,3.0
7337,1834.25,topo,topoI,0.25
7337,1834.25,topo,gyrase,0.25
7337,1834.25,RNAP,RNAP,1.0
7337,1834.25,mRNA,tetA,26.0
7337,1834.25,mRNA,Raspberry,2.0
7337,1834.25,mRNA,mKalama1,3.0
7338,1834.5,topo,topoI,0.25
7338,1834.5,topo,gyrase,0.25
7338,1834.5,RNAP,RNAP,1.0
7338,1834.5,mRNA,tetA,26.0
7338,1834.5,mRNA,Raspberry,2.0
7338,1834.5,mRNA,mKalama1,3.0
7339,1834.75,topo,topoI,0.25
7339,1834.75,topo,gyrase,0.25
7339,1834.75,RNAP,RNAP,1.0
7339,1834.75,mRNA,tetA,26.0
7339,1834.75,mRNA,Raspberry,2.0
7339,1834.75,mRNA,mKalama1,3.0
7340,1835.0,topo,topoI,0.25
7340,1835.0,topo,gyrase,0.25
7340,1835.0,RNAP,RNAP,1.0
7340,1835.0,mRNA,tetA,26.0
7340,1835.0,mRNA,Raspberry,2.0
7340,1835.0,mRNA,mKalama1,3.0
7341,1835.25,topo,topoI,0.25
7341,1835.25,topo,gyrase,0.25
7341,1835.25,RNAP,RNAP,1.0
7341,1835.25,mRNA,tetA,26.0
7341,1835.25,mRNA,Raspberry,2.0
7341,1835.25,mRNA,mKalama1,3.0
7342,1835.5,topo,topoI,0.25
7342,1835.5,topo,gyrase,0.25
7342,1835.5,RNAP,RNAP,1.0
7342,1835.5,mRNA,tetA,26.0
7342,1835.5,mRNA,Raspberry,2.0
7342,1835.5,mRNA,mKalama1,3.0
7343,1835.75,topo,topoI,0.25
7343,1835.75,topo,gyrase,0.25
7343,1835.75,RNAP,RNAP,1.0
7343,1835.75,mRNA,tetA,26.0
7343,1835.75,mRNA,Raspberry,2.0
7343,1835.75,mRNA,mKalama1,3.0
7344,1836.0,topo,topoI,0.25
7344,1836.0,topo,gyrase,0.25
7344,1836.0,RNAP,RNAP,1.0
7344,1836.0,mRNA,tetA,26.0
7344,1836.0,mRNA,Raspberry,2.0
7344,1836.0,mRNA,mKalama1,3.0
7345,1836.25,topo,topoI,0.25
7345,1836.25,topo,gyrase,0.25
7345,1836.25,RNAP,RNAP,1.0
7345,1836.25,mRNA,tetA,26.0
7345,1836.25,mRNA,Raspberry,2.0
7345,1836.25,mRNA,mKalama1,3.0
7346,1836.5,topo,topoI,0.25
7346,1836.5,topo,gyrase,0.25
7346,1836.5,RNAP,RNAP,1.0
7346,1836.5,mRNA,tetA,26.0
7346,1836.5,mRNA,Raspberry,2.0
7346,1836.5,mRNA,mKalama1,3.0
7347,1836.75,topo,topoI,0.25
7347,1836.75,topo,gyrase,0.25
7347,1836.75,RNAP,RNAP,1.0
7347,1836.75,mRNA,tetA,26.0
7347,1836.75,mRNA,Raspberry,2.0
7347,1836.75,mRNA,mKalama1,3.0
7348,1837.0,topo,topoI,0.25
7348,1837.0,topo,gyrase,0.25
7348,1837.0,RNAP,RNAP,1.0
7348,1837.0,mRNA,tetA,26.0
7348,1837.0,mRNA,Raspberry,2.0
7348,1837.0,mRNA,mKalama1,3.0
7349,1837.25,topo,topoI,0.25
7349,1837.25,topo,gyrase,0.25
7349,1837.25,RNAP,RNAP,1.0
7349,1837.25,mRNA,tetA,26.0
7349,1837.25,mRNA,Raspberry,2.0
7349,1837.25,mRNA,mKalama1,3.0
7350,1837.5,topo,topoI,0.25
7350,1837.5,topo,gyrase,0.25
7350,1837.5,RNAP,RNAP,1.0
7350,1837.5,mRNA,tetA,26.0
7350,1837.5,mRNA,Raspberry,2.0
7350,1837.5,mRNA,mKalama1,3.0
7351,1837.75,topo,topoI,0.25
7351,1837.75,topo,gyrase,0.25
7351,1837.75,RNAP,RNAP,1.0
7351,1837.75,mRNA,tetA,26.0
7351,1837.75,mRNA,Raspberry,2.0
7351,1837.75,mRNA,mKalama1,3.0
7352,1838.0,topo,topoI,0.25
7352,1838.0,topo,gyrase,0.25
7352,1838.0,RNAP,RNAP,1.0
7352,1838.0,mRNA,tetA,26.0
7352,1838.0,mRNA,Raspberry,2.0
7352,1838.0,mRNA,mKalama1,3.0
7353,1838.25,topo,topoI,0.25
7353,1838.25,topo,gyrase,0.25
7353,1838.25,RNAP,RNAP,1.0
7353,1838.25,mRNA,tetA,26.0
7353,1838.25,mRNA,Raspberry,2.0
7353,1838.25,mRNA,mKalama1,3.0
7354,1838.5,topo,topoI,0.25
7354,1838.5,topo,gyrase,0.25
7354,1838.5,RNAP,RNAP,1.0
7354,1838.5,mRNA,tetA,26.0
7354,1838.5,mRNA,Raspberry,2.0
7354,1838.5,mRNA,mKalama1,3.0
7355,1838.75,topo,topoI,0.25
7355,1838.75,topo,gyrase,0.25
7355,1838.75,RNAP,RNAP,1.0
7355,1838.75,mRNA,tetA,26.0
7355,1838.75,mRNA,Raspberry,2.0
7355,1838.75,mRNA,mKalama1,3.0
7356,1839.0,topo,topoI,0.25
7356,1839.0,topo,gyrase,0.25
7356,1839.0,RNAP,RNAP,1.0
7356,1839.0,mRNA,tetA,26.0
7356,1839.0,mRNA,Raspberry,2.0
7356,1839.0,mRNA,mKalama1,3.0
7357,1839.25,topo,topoI,0.25
7357,1839.25,topo,gyrase,0.25
7357,1839.25,RNAP,RNAP,1.0
7357,1839.25,mRNA,tetA,26.0
7357,1839.25,mRNA,Raspberry,2.0
7357,1839.25,mRNA,mKalama1,3.0
7358,1839.5,topo,topoI,0.25
7358,1839.5,topo,gyrase,0.25
7358,1839.5,RNAP,RNAP,1.0
7358,1839.5,mRNA,tetA,26.0
7358,1839.5,mRNA,Raspberry,2.0
7358,1839.5,mRNA,mKalama1,3.0
7359,1839.75,topo,topoI,0.25
7359,1839.75,topo,gyrase,0.25
7359,1839.75,RNAP,RNAP,1.0
7359,1839.75,mRNA,tetA,26.0
7359,1839.75,mRNA,Raspberry,2.0
7359,1839.75,mRNA,mKalama1,3.0
7360,1840.0,topo,topoI,0.25
7360,1840.0,topo,gyrase,0.25
7360,1840.0,RNAP,RNAP,1.0
7360,1840.0,mRNA,tetA,26.0
7360,1840.0,mRNA,Raspberry,2.0
7360,1840.0,mRNA,mKalama1,3.0
7361,1840.25,topo,topoI,0.25
7361,1840.25,topo,gyrase,0.25
7361,1840.25,RNAP,RNAP,1.0
7361,1840.25,mRNA,tetA,26.0
7361,1840.25,mRNA,Raspberry,2.0
7361,1840.25,mRNA,mKalama1,3.0
7362,1840.5,topo,topoI,0.25
7362,1840.5,topo,gyrase,0.25
7362,1840.5,RNAP,RNAP,1.0
7362,1840.5,mRNA,tetA,26.0
7362,1840.5,mRNA,Raspberry,2.0
7362,1840.5,mRNA,mKalama1,3.0
7363,1840.75,topo,topoI,0.25
7363,1840.75,topo,gyrase,0.25
7363,1840.75,RNAP,RNAP,1.0
7363,1840.75,mRNA,tetA,26.0
7363,1840.75,mRNA,Raspberry,2.0
7363,1840.75,mRNA,mKalama1,3.0
7364,1841.0,topo,topoI,0.25
7364,1841.0,topo,gyrase,0.25
7364,1841.0,RNAP,RNAP,1.0
7364,1841.0,mRNA,tetA,26.0
7364,1841.0,mRNA,Raspberry,2.0
7364,1841.0,mRNA,mKalama1,3.0
7365,1841.25,topo,topoI,0.25
7365,1841.25,topo,gyrase,0.25
7365,1841.25,RNAP,RNAP,1.0
7365,1841.25,mRNA,tetA,26.0
7365,1841.25,mRNA,Raspberry,2.0
7365,1841.25,mRNA,mKalama1,3.0
7366,1841.5,topo,topoI,0.25
7366,1841.5,topo,gyrase,0.25
7366,1841.5,RNAP,RNAP,1.0
7366,1841.5,mRNA,tetA,26.0
7366,1841.5,mRNA,Raspberry,2.0
7366,1841.5,mRNA,mKalama1,3.0
7367,1841.75,topo,topoI,0.25
7367,1841.75,topo,gyrase,0.25
7367,1841.75,RNAP,RNAP,1.0
7367,1841.75,mRNA,tetA,26.0
7367,1841.75,mRNA,Raspberry,2.0
7367,1841.75,mRNA,mKalama1,3.0
7368,1842.0,topo,topoI,0.25
7368,1842.0,topo,gyrase,0.25
7368,1842.0,RNAP,RNAP,1.0
7368,1842.0,mRNA,tetA,26.0
7368,1842.0,mRNA,Raspberry,2.0
7368,1842.0,mRNA,mKalama1,3.0
7369,1842.25,topo,topoI,0.25
7369,1842.25,topo,gyrase,0.25
7369,1842.25,RNAP,RNAP,1.0
7369,1842.25,mRNA,tetA,26.0
7369,1842.25,mRNA,Raspberry,2.0
7369,1842.25,mRNA,mKalama1,3.0
7370,1842.5,topo,topoI,0.25
7370,1842.5,topo,gyrase,0.25
7370,1842.5,RNAP,RNAP,1.0
7370,1842.5,mRNA,tetA,26.0
7370,1842.5,mRNA,Raspberry,2.0
7370,1842.5,mRNA,mKalama1,3.0
7371,1842.75,topo,topoI,0.25
7371,1842.75,topo,gyrase,0.25
7371,1842.75,RNAP,RNAP,1.0
7371,1842.75,mRNA,tetA,26.0
7371,1842.75,mRNA,Raspberry,2.0
7371,1842.75,mRNA,mKalama1,3.0
7372,1843.0,topo,topoI,0.25
7372,1843.0,topo,gyrase,0.25
7372,1843.0,RNAP,RNAP,1.0
7372,1843.0,mRNA,tetA,26.0
7372,1843.0,mRNA,Raspberry,2.0
7372,1843.0,mRNA,mKalama1,3.0
7373,1843.25,topo,topoI,0.25
7373,1843.25,topo,gyrase,0.25
7373,1843.25,RNAP,RNAP,1.0
7373,1843.25,mRNA,tetA,26.0
7373,1843.25,mRNA,Raspberry,2.0
7373,1843.25,mRNA,mKalama1,3.0
7374,1843.5,topo,topoI,0.25
7374,1843.5,topo,gyrase,0.25
7374,1843.5,RNAP,RNAP,1.0
7374,1843.5,mRNA,tetA,26.0
7374,1843.5,mRNA,Raspberry,2.0
7374,1843.5,mRNA,mKalama1,3.0
7375,1843.75,topo,topoI,0.25
7375,1843.75,topo,gyrase,0.25
7375,1843.75,RNAP,RNAP,1.0
7375,1843.75,mRNA,tetA,26.0
7375,1843.75,mRNA,Raspberry,2.0
7375,1843.75,mRNA,mKalama1,3.0
7376,1844.0,topo,topoI,0.25
7376,1844.0,topo,gyrase,0.25
7376,1844.0,RNAP,RNAP,1.0
7376,1844.0,mRNA,tetA,26.0
7376,1844.0,mRNA,Raspberry,2.0
7376,1844.0,mRNA,mKalama1,3.0
7377,1844.25,topo,topoI,0.25
7377,1844.25,topo,gyrase,0.25
7377,1844.25,RNAP,RNAP,1.0
7377,1844.25,mRNA,tetA,26.0
7377,1844.25,mRNA,Raspberry,2.0
7377,1844.25,mRNA,mKalama1,3.0
7378,1844.5,topo,topoI,0.25
7378,1844.5,topo,gyrase,0.25
7378,1844.5,RNAP,RNAP,1.0
7378,1844.5,mRNA,tetA,26.0
7378,1844.5,mRNA,Raspberry,2.0
7378,1844.5,mRNA,mKalama1,3.0
7379,1844.75,topo,topoI,0.25
7379,1844.75,topo,gyrase,0.25
7379,1844.75,RNAP,RNAP,1.0
7379,1844.75,mRNA,tetA,26.0
7379,1844.75,mRNA,Raspberry,2.0
7379,1844.75,mRNA,mKalama1,3.0
7380,1845.0,topo,topoI,0.25
7380,1845.0,topo,gyrase,0.25
7380,1845.0,RNAP,RNAP,1.0
7380,1845.0,mRNA,tetA,26.0
7380,1845.0,mRNA,Raspberry,2.0
7380,1845.0,mRNA,mKalama1,3.0
7381,1845.25,topo,topoI,0.25
7381,1845.25,topo,gyrase,0.25
7381,1845.25,RNAP,RNAP,1.0
7381,1845.25,mRNA,tetA,26.0
7381,1845.25,mRNA,Raspberry,2.0
7381,1845.25,mRNA,mKalama1,3.0
7382,1845.5,topo,topoI,0.25
7382,1845.5,topo,gyrase,0.25
7382,1845.5,RNAP,RNAP,1.0
7382,1845.5,mRNA,tetA,26.0
7382,1845.5,mRNA,Raspberry,2.0
7382,1845.5,mRNA,mKalama1,3.0
7383,1845.75,topo,topoI,0.25
7383,1845.75,topo,gyrase,0.25
7383,1845.75,RNAP,RNAP,1.0
7383,1845.75,mRNA,tetA,26.0
7383,1845.75,mRNA,Raspberry,2.0
7383,1845.75,mRNA,mKalama1,3.0
7384,1846.0,topo,topoI,0.25
7384,1846.0,topo,gyrase,0.25
7384,1846.0,RNAP,RNAP,1.0
7384,1846.0,mRNA,tetA,26.0
7384,1846.0,mRNA,Raspberry,2.0
7384,1846.0,mRNA,mKalama1,3.0
7385,1846.25,topo,topoI,0.25
7385,1846.25,topo,gyrase,0.25
7385,1846.25,RNAP,RNAP,1.0
7385,1846.25,mRNA,tetA,26.0
7385,1846.25,mRNA,Raspberry,2.0
7385,1846.25,mRNA,mKalama1,3.0
7386,1846.5,topo,topoI,0.25
7386,1846.5,topo,gyrase,0.25
7386,1846.5,RNAP,RNAP,1.0
7386,1846.5,mRNA,tetA,26.0
7386,1846.5,mRNA,Raspberry,2.0
7386,1846.5,mRNA,mKalama1,3.0
7387,1846.75,topo,topoI,0.25
7387,1846.75,topo,gyrase,0.25
7387,1846.75,RNAP,RNAP,1.0
7387,1846.75,mRNA,tetA,26.0
7387,1846.75,mRNA,Raspberry,2.0
7387,1846.75,mRNA,mKalama1,3.0
7388,1847.0,topo,topoI,0.25
7388,1847.0,topo,gyrase,0.25
7388,1847.0,RNAP,RNAP,1.0
7388,1847.0,mRNA,tetA,26.0
7388,1847.0,mRNA,Raspberry,2.0
7388,1847.0,mRNA,mKalama1,3.0
7389,1847.25,topo,topoI,0.25
7389,1847.25,topo,gyrase,0.25
7389,1847.25,RNAP,RNAP,1.0
7389,1847.25,mRNA,tetA,26.0
7389,1847.25,mRNA,Raspberry,2.0
7389,1847.25,mRNA,mKalama1,3.0
7390,1847.5,topo,topoI,0.25
7390,1847.5,topo,gyrase,0.25
7390,1847.5,RNAP,RNAP,1.0
7390,1847.5,mRNA,tetA,26.0
7390,1847.5,mRNA,Raspberry,2.0
7390,1847.5,mRNA,mKalama1,3.0
7391,1847.75,topo,topoI,0.25
7391,1847.75,topo,gyrase,0.25
7391,1847.75,RNAP,RNAP,1.0
7391,1847.75,mRNA,tetA,26.0
7391,1847.75,mRNA,Raspberry,2.0
7391,1847.75,mRNA,mKalama1,3.0
7392,1848.0,topo,topoI,0.25
7392,1848.0,topo,gyrase,0.25
7392,1848.0,RNAP,RNAP,1.0
7392,1848.0,mRNA,tetA,26.0
7392,1848.0,mRNA,Raspberry,2.0
7392,1848.0,mRNA,mKalama1,3.0
7393,1848.25,topo,topoI,0.25
7393,1848.25,topo,gyrase,0.25
7393,1848.25,RNAP,RNAP,1.0
7393,1848.25,mRNA,tetA,26.0
7393,1848.25,mRNA,Raspberry,2.0
7393,1848.25,mRNA,mKalama1,3.0
7394,1848.5,topo,topoI,0.25
7394,1848.5,topo,gyrase,0.25
7394,1848.5,RNAP,RNAP,1.0
7394,1848.5,mRNA,tetA,26.0
7394,1848.5,mRNA,Raspberry,2.0
7394,1848.5,mRNA,mKalama1,3.0
7395,1848.75,topo,topoI,0.25
7395,1848.75,topo,gyrase,0.25
7395,1848.75,RNAP,RNAP,1.0
7395,1848.75,mRNA,tetA,26.0
7395,1848.75,mRNA,Raspberry,2.0
7395,1848.75,mRNA,mKalama1,3.0
7396,1849.0,topo,topoI,0.25
7396,1849.0,topo,gyrase,0.25
7396,1849.0,RNAP,RNAP,1.0
7396,1849.0,mRNA,tetA,26.0
7396,1849.0,mRNA,Raspberry,2.0
7396,1849.0,mRNA,mKalama1,3.0
7397,1849.25,topo,topoI,0.25
7397,1849.25,topo,gyrase,0.25
7397,1849.25,RNAP,RNAP,1.0
7397,1849.25,mRNA,tetA,26.0
7397,1849.25,mRNA,Raspberry,2.0
7397,1849.25,mRNA,mKalama1,3.0
7398,1849.5,topo,topoI,0.25
7398,1849.5,topo,gyrase,0.25
7398,1849.5,RNAP,RNAP,1.0
7398,1849.5,mRNA,tetA,26.0
7398,1849.5,mRNA,Raspberry,2.0
7398,1849.5,mRNA,mKalama1,3.0
7399,1849.75,topo,topoI,0.25
7399,1849.75,topo,gyrase,0.25
7399,1849.75,RNAP,RNAP,1.0
7399,1849.75,mRNA,tetA,26.0
7399,1849.75,mRNA,Raspberry,2.0
7399,1849.75,mRNA,mKalama1,3.0
7400,1850.0,topo,topoI,0.25
7400,1850.0,topo,gyrase,0.25
7400,1850.0,RNAP,RNAP,1.0
7400,1850.0,mRNA,tetA,26.0
7400,1850.0,mRNA,Raspberry,2.0
7400,1850.0,mRNA,mKalama1,3.0
7401,1850.25,topo,topoI,0.25
7401,1850.25,topo,gyrase,0.25
7401,1850.25,RNAP,RNAP,1.0
7401,1850.25,mRNA,tetA,26.0
7401,1850.25,mRNA,Raspberry,2.0
7401,1850.25,mRNA,mKalama1,3.0
7402,1850.5,topo,topoI,0.25
7402,1850.5,topo,gyrase,0.25
7402,1850.5,RNAP,RNAP,1.0
7402,1850.5,mRNA,tetA,26.0
7402,1850.5,mRNA,Raspberry,2.0
7402,1850.5,mRNA,mKalama1,3.0
7403,1850.75,topo,topoI,0.25
7403,1850.75,topo,gyrase,0.25
7403,1850.75,RNAP,RNAP,1.0
7403,1850.75,mRNA,tetA,26.0
7403,1850.75,mRNA,Raspberry,2.0
7403,1850.75,mRNA,mKalama1,3.0
7404,1851.0,topo,topoI,0.25
7404,1851.0,topo,gyrase,0.25
7404,1851.0,RNAP,RNAP,1.0
7404,1851.0,mRNA,tetA,26.0
7404,1851.0,mRNA,Raspberry,2.0
7404,1851.0,mRNA,mKalama1,3.0
7405,1851.25,topo,topoI,0.25
7405,1851.25,topo,gyrase,0.25
7405,1851.25,RNAP,RNAP,1.0
7405,1851.25,mRNA,tetA,26.0
7405,1851.25,mRNA,Raspberry,2.0
7405,1851.25,mRNA,mKalama1,3.0
7406,1851.5,topo,topoI,0.25
7406,1851.5,topo,gyrase,0.25
7406,1851.5,RNAP,RNAP,1.0
7406,1851.5,mRNA,tetA,26.0
7406,1851.5,mRNA,Raspberry,2.0
7406,1851.5,mRNA,mKalama1,3.0
7407,1851.75,topo,topoI,0.25
7407,1851.75,topo,gyrase,0.25
7407,1851.75,RNAP,RNAP,1.0
7407,1851.75,mRNA,tetA,26.0
7407,1851.75,mRNA,Raspberry,2.0
7407,1851.75,mRNA,mKalama1,3.0
7408,1852.0,topo,topoI,0.25
7408,1852.0,topo,gyrase,0.25
7408,1852.0,RNAP,RNAP,1.0
7408,1852.0,mRNA,tetA,26.0
7408,1852.0,mRNA,Raspberry,2.0
7408,1852.0,mRNA,mKalama1,3.0
7409,1852.25,topo,topoI,0.25
7409,1852.25,topo,gyrase,0.25
7409,1852.25,RNAP,RNAP,1.0
7409,1852.25,mRNA,tetA,26.0
7409,1852.25,mRNA,Raspberry,2.0
7409,1852.25,mRNA,mKalama1,3.0
7410,1852.5,topo,topoI,0.25
7410,1852.5,topo,gyrase,0.25
7410,1852.5,RNAP,RNAP,1.0
7410,1852.5,mRNA,tetA,26.0
7410,1852.5,mRNA,Raspberry,2.0
7410,1852.5,mRNA,mKalama1,3.0
7411,1852.75,topo,topoI,0.25
7411,1852.75,topo,gyrase,0.25
7411,1852.75,RNAP,RNAP,1.0
7411,1852.75,mRNA,tetA,26.0
7411,1852.75,mRNA,Raspberry,2.0
7411,1852.75,mRNA,mKalama1,3.0
7412,1853.0,topo,topoI,0.25
7412,1853.0,topo,gyrase,0.25
7412,1853.0,RNAP,RNAP,1.0
7412,1853.0,mRNA,tetA,26.0
7412,1853.0,mRNA,Raspberry,2.0
7412,1853.0,mRNA,mKalama1,3.0
7413,1853.25,topo,topoI,0.25
7413,1853.25,topo,gyrase,0.25
7413,1853.25,RNAP,RNAP,1.0
7413,1853.25,mRNA,tetA,26.0
7413,1853.25,mRNA,Raspberry,2.0
7413,1853.25,mRNA,mKalama1,3.0
7414,1853.5,topo,topoI,0.25
7414,1853.5,topo,gyrase,0.25
7414,1853.5,RNAP,RNAP,1.0
7414,1853.5,mRNA,tetA,26.0
7414,1853.5,mRNA,Raspberry,2.0
7414,1853.5,mRNA,mKalama1,3.0
7415,1853.75,topo,topoI,0.25
7415,1853.75,topo,gyrase,0.25
7415,1853.75,RNAP,RNAP,1.0
7415,1853.75,mRNA,tetA,26.0
7415,1853.75,mRNA,Raspberry,2.0
7415,1853.75,mRNA,mKalama1,3.0
7416,1854.0,topo,topoI,0.25
7416,1854.0,topo,gyrase,0.25
7416,1854.0,RNAP,RNAP,1.0
7416,1854.0,mRNA,tetA,26.0
7416,1854.0,mRNA,Raspberry,2.0
7416,1854.0,mRNA,mKalama1,3.0
7417,1854.25,topo,topoI,0.25
7417,1854.25,topo,gyrase,0.25
7417,1854.25,RNAP,RNAP,1.0
7417,1854.25,mRNA,tetA,26.0
7417,1854.25,mRNA,Raspberry,2.0
7417,1854.25,mRNA,mKalama1,3.0
7418,1854.5,topo,topoI,0.25
7418,1854.5,topo,gyrase,0.25
7418,1854.5,RNAP,RNAP,1.0
7418,1854.5,mRNA,tetA,26.0
7418,1854.5,mRNA,Raspberry,2.0
7418,1854.5,mRNA,mKalama1,3.0
7419,1854.75,topo,topoI,0.25
7419,1854.75,topo,gyrase,0.25
7419,1854.75,RNAP,RNAP,1.0
7419,1854.75,mRNA,tetA,26.0
7419,1854.75,mRNA,Raspberry,2.0
7419,1854.75,mRNA,mKalama1,3.0
7420,1855.0,topo,topoI,0.25
7420,1855.0,topo,gyrase,0.25
7420,1855.0,RNAP,RNAP,1.0
7420,1855.0,mRNA,tetA,26.0
7420,1855.0,mRNA,Raspberry,2.0
7420,1855.0,mRNA,mKalama1,3.0
7421,1855.25,topo,topoI,0.25
7421,1855.25,topo,gyrase,0.25
7421,1855.25,RNAP,RNAP,1.0
7421,1855.25,mRNA,tetA,26.0
7421,1855.25,mRNA,Raspberry,2.0
7421,1855.25,mRNA,mKalama1,3.0
7422,1855.5,topo,topoI,0.25
7422,1855.5,topo,gyrase,0.25
7422,1855.5,RNAP,RNAP,1.0
7422,1855.5,mRNA,tetA,26.0
7422,1855.5,mRNA,Raspberry,2.0
7422,1855.5,mRNA,mKalama1,3.0
7423,1855.75,topo,topoI,0.25
7423,1855.75,topo,gyrase,0.25
7423,1855.75,RNAP,RNAP,1.0
7423,1855.75,mRNA,tetA,26.0
7423,1855.75,mRNA,Raspberry,2.0
7423,1855.75,mRNA,mKalama1,3.0
7424,1856.0,topo,topoI,0.25
7424,1856.0,topo,gyrase,0.25
7424,1856.0,RNAP,RNAP,1.0
7424,1856.0,mRNA,tetA,26.0
7424,1856.0,mRNA,Raspberry,2.0
7424,1856.0,mRNA,mKalama1,3.0
7425,1856.25,topo,topoI,0.25
7425,1856.25,topo,gyrase,0.25
7425,1856.25,RNAP,RNAP,1.0
7425,1856.25,mRNA,tetA,26.0
7425,1856.25,mRNA,Raspberry,2.0
7425,1856.25,mRNA,mKalama1,3.0
7426,1856.5,topo,topoI,0.25
7426,1856.5,topo,gyrase,0.25
7426,1856.5,RNAP,RNAP,1.0
7426,1856.5,mRNA,tetA,26.0
7426,1856.5,mRNA,Raspberry,2.0
7426,1856.5,mRNA,mKalama1,3.0
7427,1856.75,topo,topoI,0.25
7427,1856.75,topo,gyrase,0.25
7427,1856.75,RNAP,RNAP,1.0
7427,1856.75,mRNA,tetA,26.0
7427,1856.75,mRNA,Raspberry,2.0
7427,1856.75,mRNA,mKalama1,3.0
7428,1857.0,topo,topoI,0.25
7428,1857.0,topo,gyrase,0.25
7428,1857.0,RNAP,RNAP,1.0
7428,1857.0,mRNA,tetA,26.0
7428,1857.0,mRNA,Raspberry,2.0
7428,1857.0,mRNA,mKalama1,3.0
7429,1857.25,topo,topoI,0.25
7429,1857.25,topo,gyrase,0.25
7429,1857.25,RNAP,RNAP,1.0
7429,1857.25,mRNA,tetA,26.0
7429,1857.25,mRNA,Raspberry,2.0
7429,1857.25,mRNA,mKalama1,3.0
7430,1857.5,topo,topoI,0.25
7430,1857.5,topo,gyrase,0.25
7430,1857.5,RNAP,RNAP,1.0
7430,1857.5,mRNA,tetA,26.0
7430,1857.5,mRNA,Raspberry,2.0
7430,1857.5,mRNA,mKalama1,3.0
7431,1857.75,topo,topoI,0.25
7431,1857.75,topo,gyrase,0.25
7431,1857.75,RNAP,RNAP,1.0
7431,1857.75,mRNA,tetA,26.0
7431,1857.75,mRNA,Raspberry,2.0
7431,1857.75,mRNA,mKalama1,3.0
7432,1858.0,topo,topoI,0.25
7432,1858.0,topo,gyrase,0.25
7432,1858.0,RNAP,RNAP,1.0
7432,1858.0,mRNA,tetA,26.0
7432,1858.0,mRNA,Raspberry,2.0
7432,1858.0,mRNA,mKalama1,3.0
7433,1858.25,topo,topoI,0.25
7433,1858.25,topo,gyrase,0.25
7433,1858.25,RNAP,RNAP,1.0
7433,1858.25,mRNA,tetA,26.0
7433,1858.25,mRNA,Raspberry,2.0
7433,1858.25,mRNA,mKalama1,3.0
7434,1858.5,topo,topoI,0.25
7434,1858.5,topo,gyrase,0.25
7434,1858.5,RNAP,RNAP,1.0
7434,1858.5,mRNA,tetA,26.0
7434,1858.5,mRNA,Raspberry,2.0
7434,1858.5,mRNA,mKalama1,3.0
7435,1858.75,topo,topoI,0.25
7435,1858.75,topo,gyrase,0.25
7435,1858.75,RNAP,RNAP,1.0
7435,1858.75,mRNA,tetA,26.0
7435,1858.75,mRNA,Raspberry,2.0
7435,1858.75,mRNA,mKalama1,3.0
7436,1859.0,topo,topoI,0.25
7436,1859.0,topo,gyrase,0.25
7436,1859.0,RNAP,RNAP,1.0
7436,1859.0,mRNA,tetA,26.0
7436,1859.0,mRNA,Raspberry,2.0
7436,1859.0,mRNA,mKalama1,3.0
7437,1859.25,topo,topoI,0.25
7437,1859.25,topo,gyrase,0.25
7437,1859.25,RNAP,RNAP,1.0
7437,1859.25,mRNA,tetA,26.0
7437,1859.25,mRNA,Raspberry,2.0
7437,1859.25,mRNA,mKalama1,3.0
7438,1859.5,topo,topoI,0.25
7438,1859.5,topo,gyrase,0.25
7438,1859.5,RNAP,RNAP,1.0
7438,1859.5,mRNA,tetA,26.0
7438,1859.5,mRNA,Raspberry,2.0
7438,1859.5,mRNA,mKalama1,3.0
7439,1859.75,topo,topoI,0.25
7439,1859.75,topo,gyrase,0.25
7439,1859.75,RNAP,RNAP,1.0
7439,1859.75,mRNA,tetA,26.0
7439,1859.75,mRNA,Raspberry,2.0
7439,1859.75,mRNA,mKalama1,3.0
7440,1860.0,topo,topoI,0.25
7440,1860.0,topo,gyrase,0.25
7440,1860.0,RNAP,RNAP,1.0
7440,1860.0,mRNA,tetA,26.0
7440,1860.0,mRNA,Raspberry,2.0
7440,1860.0,mRNA,mKalama1,3.0
7441,1860.25,topo,topoI,0.25
7441,1860.25,topo,gyrase,0.25
7441,1860.25,RNAP,RNAP,1.0
7441,1860.25,mRNA,tetA,26.0
7441,1860.25,mRNA,Raspberry,2.0
7441,1860.25,mRNA,mKalama1,3.0
7442,1860.5,topo,topoI,0.25
7442,1860.5,topo,gyrase,0.25
7442,1860.5,RNAP,RNAP,1.0
7442,1860.5,mRNA,tetA,26.0
7442,1860.5,mRNA,Raspberry,2.0
7442,1860.5,mRNA,mKalama1,3.0
7443,1860.75,topo,topoI,0.25
7443,1860.75,topo,gyrase,0.25
7443,1860.75,RNAP,RNAP,1.0
7443,1860.75,mRNA,tetA,26.0
7443,1860.75,mRNA,Raspberry,2.0
7443,1860.75,mRNA,mKalama1,3.0
7444,1861.0,topo,topoI,0.25
7444,1861.0,topo,gyrase,0.25
7444,1861.0,RNAP,RNAP,1.0
7444,1861.0,mRNA,tetA,26.0
7444,1861.0,mRNA,Raspberry,2.0
7444,1861.0,mRNA,mKalama1,3.0
7445,1861.25,topo,topoI,0.25
7445,1861.25,topo,gyrase,0.25
7445,1861.25,RNAP,RNAP,1.0
7445,1861.25,mRNA,tetA,26.0
7445,1861.25,mRNA,Raspberry,2.0
7445,1861.25,mRNA,mKalama1,3.0
7446,1861.5,topo,topoI,0.25
7446,1861.5,topo,gyrase,0.25
7446,1861.5,RNAP,RNAP,1.0
7446,1861.5,mRNA,tetA,26.0
7446,1861.5,mRNA,Raspberry,2.0
7446,1861.5,mRNA,mKalama1,3.0
7447,1861.75,topo,topoI,0.25
7447,1861.75,topo,gyrase,0.25
7447,1861.75,RNAP,RNAP,1.0
7447,1861.75,mRNA,tetA,26.0
7447,1861.75,mRNA,Raspberry,2.0
7447,1861.75,mRNA,mKalama1,3.0
7448,1862.0,topo,topoI,0.25
7448,1862.0,topo,gyrase,0.25
7448,1862.0,RNAP,RNAP,1.0
7448,1862.0,mRNA,tetA,26.0
7448,1862.0,mRNA,Raspberry,2.0
7448,1862.0,mRNA,mKalama1,3.0
7449,1862.25,topo,topoI,0.25
7449,1862.25,topo,gyrase,0.25
7449,1862.25,RNAP,RNAP,1.0
7449,1862.25,mRNA,tetA,26.0
7449,1862.25,mRNA,Raspberry,2.0
7449,1862.25,mRNA,mKalama1,3.0
7450,1862.5,topo,topoI,0.25
7450,1862.5,topo,gyrase,0.25
7450,1862.5,RNAP,RNAP,1.0
7450,1862.5,mRNA,tetA,26.0
7450,1862.5,mRNA,Raspberry,2.0
7450,1862.5,mRNA,mKalama1,3.0
7451,1862.75,topo,topoI,0.25
7451,1862.75,topo,gyrase,0.25
7451,1862.75,RNAP,RNAP,1.0
7451,1862.75,mRNA,tetA,26.0
7451,1862.75,mRNA,Raspberry,2.0
7451,1862.75,mRNA,mKalama1,3.0
7452,1863.0,topo,topoI,0.25
7452,1863.0,topo,gyrase,0.25
7452,1863.0,RNAP,RNAP,1.0
7452,1863.0,mRNA,tetA,26.0
7452,1863.0,mRNA,Raspberry,2.0
7452,1863.0,mRNA,mKalama1,3.0
7453,1863.25,topo,topoI,0.25
7453,1863.25,topo,gyrase,0.25
7453,1863.25,RNAP,RNAP,1.0
7453,1863.25,mRNA,tetA,26.0
7453,1863.25,mRNA,Raspberry,2.0
7453,1863.25,mRNA,mKalama1,3.0
7454,1863.5,topo,topoI,0.25
7454,1863.5,topo,gyrase,0.25
7454,1863.5,RNAP,RNAP,1.0
7454,1863.5,mRNA,tetA,26.0
7454,1863.5,mRNA,Raspberry,2.0
7454,1863.5,mRNA,mKalama1,3.0
7455,1863.75,topo,topoI,0.25
7455,1863.75,topo,gyrase,0.25
7455,1863.75,RNAP,RNAP,1.0
7455,1863.75,mRNA,tetA,26.0
7455,1863.75,mRNA,Raspberry,2.0
7455,1863.75,mRNA,mKalama1,3.0
7456,1864.0,topo,topoI,0.25
7456,1864.0,topo,gyrase,0.25
7456,1864.0,RNAP,RNAP,1.0
7456,1864.0,mRNA,tetA,26.0
7456,1864.0,mRNA,Raspberry,2.0
7456,1864.0,mRNA,mKalama1,3.0
7457,1864.25,topo,topoI,0.25
7457,1864.25,topo,gyrase,0.25
7457,1864.25,RNAP,RNAP,1.0
7457,1864.25,mRNA,tetA,26.0
7457,1864.25,mRNA,Raspberry,2.0
7457,1864.25,mRNA,mKalama1,3.0
7458,1864.5,topo,topoI,0.25
7458,1864.5,topo,gyrase,0.25
7458,1864.5,RNAP,RNAP,1.0
7458,1864.5,mRNA,tetA,26.0
7458,1864.5,mRNA,Raspberry,2.0
7458,1864.5,mRNA,mKalama1,3.0
7459,1864.75,topo,topoI,0.25
7459,1864.75,topo,gyrase,0.25
7459,1864.75,RNAP,RNAP,1.0
7459,1864.75,mRNA,tetA,26.0
7459,1864.75,mRNA,Raspberry,2.0
7459,1864.75,mRNA,mKalama1,3.0
7460,1865.0,topo,topoI,0.25
7460,1865.0,topo,gyrase,0.25
7460,1865.0,RNAP,RNAP,1.0
7460,1865.0,mRNA,tetA,26.0
7460,1865.0,mRNA,Raspberry,2.0
7460,1865.0,mRNA,mKalama1,3.0
7461,1865.25,topo,topoI,0.25
7461,1865.25,topo,gyrase,0.25
7461,1865.25,RNAP,RNAP,1.0
7461,1865.25,mRNA,tetA,26.0
7461,1865.25,mRNA,Raspberry,2.0
7461,1865.25,mRNA,mKalama1,3.0
7462,1865.5,topo,topoI,0.25
7462,1865.5,topo,gyrase,0.25
7462,1865.5,RNAP,RNAP,1.0
7462,1865.5,mRNA,tetA,26.0
7462,1865.5,mRNA,Raspberry,2.0
7462,1865.5,mRNA,mKalama1,3.0
7463,1865.75,topo,topoI,0.25
7463,1865.75,topo,gyrase,0.25
7463,1865.75,RNAP,RNAP,1.0
7463,1865.75,mRNA,tetA,26.0
7463,1865.75,mRNA,Raspberry,2.0
7463,1865.75,mRNA,mKalama1,3.0
7464,1866.0,topo,topoI,0.25
7464,1866.0,topo,gyrase,0.25
7464,1866.0,RNAP,RNAP,1.0
7464,1866.0,mRNA,tetA,26.0
7464,1866.0,mRNA,Raspberry,2.0
7464,1866.0,mRNA,mKalama1,3.0
7465,1866.25,topo,topoI,0.25
7465,1866.25,topo,gyrase,0.25
7465,1866.25,RNAP,RNAP,1.0
7465,1866.25,mRNA,tetA,26.0
7465,1866.25,mRNA,Raspberry,2.0
7465,1866.25,mRNA,mKalama1,3.0
7466,1866.5,topo,topoI,0.25
7466,1866.5,topo,gyrase,0.25
7466,1866.5,RNAP,RNAP,1.0
7466,1866.5,mRNA,tetA,26.0
7466,1866.5,mRNA,Raspberry,2.0
7466,1866.5,mRNA,mKalama1,3.0
7467,1866.75,topo,topoI,0.25
7467,1866.75,topo,gyrase,0.25
7467,1866.75,RNAP,RNAP,1.0
7467,1866.75,mRNA,tetA,26.0
7467,1866.75,mRNA,Raspberry,2.0
7467,1866.75,mRNA,mKalama1,3.0
7468,1867.0,topo,topoI,0.25
7468,1867.0,topo,gyrase,0.25
7468,1867.0,RNAP,RNAP,1.0
7468,1867.0,mRNA,tetA,26.0
7468,1867.0,mRNA,Raspberry,2.0
7468,1867.0,mRNA,mKalama1,3.0
7469,1867.25,topo,topoI,0.25
7469,1867.25,topo,gyrase,0.25
7469,1867.25,RNAP,RNAP,1.0
7469,1867.25,mRNA,tetA,26.0
7469,1867.25,mRNA,Raspberry,2.0
7469,1867.25,mRNA,mKalama1,3.0
7470,1867.5,topo,topoI,0.25
7470,1867.5,topo,gyrase,0.25
7470,1867.5,RNAP,RNAP,1.0
7470,1867.5,mRNA,tetA,26.0
7470,1867.5,mRNA,Raspberry,2.0
7470,1867.5,mRNA,mKalama1,3.0
7471,1867.75,topo,topoI,0.25
7471,1867.75,topo,gyrase,0.25
7471,1867.75,RNAP,RNAP,1.0
7471,1867.75,mRNA,tetA,26.0
7471,1867.75,mRNA,Raspberry,2.0
7471,1867.75,mRNA,mKalama1,3.0
7472,1868.0,topo,topoI,0.25
7472,1868.0,topo,gyrase,0.25
7472,1868.0,RNAP,RNAP,1.0
7472,1868.0,mRNA,tetA,26.0
7472,1868.0,mRNA,Raspberry,2.0
7472,1868.0,mRNA,mKalama1,3.0
7473,1868.25,topo,topoI,0.25
7473,1868.25,topo,gyrase,0.25
7473,1868.25,RNAP,RNAP,1.0
7473,1868.25,mRNA,tetA,26.0
7473,1868.25,mRNA,Raspberry,2.0
7473,1868.25,mRNA,mKalama1,3.0
7474,1868.5,topo,topoI,0.25
7474,1868.5,topo,gyrase,0.25
7474,1868.5,RNAP,RNAP,1.0
7474,1868.5,mRNA,tetA,26.0
7474,1868.5,mRNA,Raspberry,2.0
7474,1868.5,mRNA,mKalama1,3.0
7475,1868.75,topo,topoI,0.25
7475,1868.75,topo,gyrase,0.25
7475,1868.75,RNAP,RNAP,1.0
7475,1868.75,mRNA,tetA,26.0
7475,1868.75,mRNA,Raspberry,2.0
7475,1868.75,mRNA,mKalama1,3.0
7476,1869.0,topo,topoI,0.25
7476,1869.0,topo,gyrase,0.25
7476,1869.0,RNAP,RNAP,1.0
7476,1869.0,mRNA,tetA,26.0
7476,1869.0,mRNA,Raspberry,2.0
7476,1869.0,mRNA,mKalama1,3.0
7477,1869.25,topo,topoI,0.25
7477,1869.25,topo,gyrase,0.25
7477,1869.25,RNAP,RNAP,1.0
7477,1869.25,mRNA,tetA,26.0
7477,1869.25,mRNA,Raspberry,2.0
7477,1869.25,mRNA,mKalama1,3.0
7478,1869.5,topo,topoI,0.25
7478,1869.5,topo,gyrase,0.25
7478,1869.5,RNAP,RNAP,1.0
7478,1869.5,mRNA,tetA,26.0
7478,1869.5,mRNA,Raspberry,2.0
7478,1869.5,mRNA,mKalama1,3.0
7479,1869.75,topo,topoI,0.25
7479,1869.75,topo,gyrase,0.25
7479,1869.75,RNAP,RNAP,1.0
7479,1869.75,mRNA,tetA,26.0
7479,1869.75,mRNA,Raspberry,2.0
7479,1869.75,mRNA,mKalama1,3.0
7480,1870.0,topo,topoI,0.25
7480,1870.0,topo,gyrase,0.25
7480,1870.0,RNAP,RNAP,1.0
7480,1870.0,mRNA,tetA,26.0
7480,1870.0,mRNA,Raspberry,2.0
7480,1870.0,mRNA,mKalama1,3.0
7481,1870.25,topo,topoI,0.25
7481,1870.25,topo,gyrase,0.25
7481,1870.25,RNAP,RNAP,1.0
7481,1870.25,mRNA,tetA,26.0
7481,1870.25,mRNA,Raspberry,2.0
7481,1870.25,mRNA,mKalama1,3.0
7482,1870.5,topo,topoI,0.25
7482,1870.5,topo,gyrase,0.25
7482,1870.5,RNAP,RNAP,1.0
7482,1870.5,mRNA,tetA,26.0
7482,1870.5,mRNA,Raspberry,2.0
7482,1870.5,mRNA,mKalama1,3.0
7483,1870.75,topo,topoI,0.25
7483,1870.75,topo,gyrase,0.25
7483,1870.75,RNAP,RNAP,1.0
7483,1870.75,mRNA,tetA,26.0
7483,1870.75,mRNA,Raspberry,2.0
7483,1870.75,mRNA,mKalama1,3.0
7484,1871.0,topo,topoI,0.25
7484,1871.0,topo,gyrase,0.25
7484,1871.0,RNAP,RNAP,1.0
7484,1871.0,mRNA,tetA,26.0
7484,1871.0,mRNA,Raspberry,2.0
7484,1871.0,mRNA,mKalama1,3.0
7485,1871.25,topo,topoI,0.25
7485,1871.25,topo,gyrase,0.25
7485,1871.25,RNAP,RNAP,1.0
7485,1871.25,mRNA,tetA,26.0
7485,1871.25,mRNA,Raspberry,2.0
7485,1871.25,mRNA,mKalama1,3.0
7486,1871.5,topo,topoI,0.25
7486,1871.5,topo,gyrase,0.25
7486,1871.5,RNAP,RNAP,1.0
7486,1871.5,mRNA,tetA,26.0
7486,1871.5,mRNA,Raspberry,2.0
7486,1871.5,mRNA,mKalama1,3.0
7487,1871.75,topo,topoI,0.25
7487,1871.75,topo,gyrase,0.25
7487,1871.75,RNAP,RNAP,1.0
7487,1871.75,mRNA,tetA,26.0
7487,1871.75,mRNA,Raspberry,2.0
7487,1871.75,mRNA,mKalama1,3.0
7488,1872.0,topo,topoI,0.25
7488,1872.0,topo,gyrase,0.25
7488,1872.0,RNAP,RNAP,1.0
7488,1872.0,mRNA,tetA,26.0
7488,1872.0,mRNA,Raspberry,2.0
7488,1872.0,mRNA,mKalama1,3.0
7489,1872.25,topo,topoI,0.25
7489,1872.25,topo,gyrase,0.25
7489,1872.25,RNAP,RNAP,1.0
7489,1872.25,mRNA,tetA,26.0
7489,1872.25,mRNA,Raspberry,2.0
7489,1872.25,mRNA,mKalama1,3.0
7490,1872.5,topo,topoI,0.25
7490,1872.5,topo,gyrase,0.25
7490,1872.5,RNAP,RNAP,1.0
7490,1872.5,mRNA,tetA,26.0
7490,1872.5,mRNA,Raspberry,2.0
7490,1872.5,mRNA,mKalama1,3.0
7491,1872.75,topo,topoI,0.25
7491,1872.75,topo,gyrase,0.25
7491,1872.75,RNAP,RNAP,1.0
7491,1872.75,mRNA,tetA,26.0
7491,1872.75,mRNA,Raspberry,2.0
7491,1872.75,mRNA,mKalama1,3.0
7492,1873.0,topo,topoI,0.25
7492,1873.0,topo,gyrase,0.25
7492,1873.0,RNAP,RNAP,1.0
7492,1873.0,mRNA,tetA,26.0
7492,1873.0,mRNA,Raspberry,2.0
7492,1873.0,mRNA,mKalama1,3.0
7493,1873.25,topo,topoI,0.25
7493,1873.25,topo,gyrase,0.25
7493,1873.25,RNAP,RNAP,1.0
7493,1873.25,mRNA,tetA,26.0
7493,1873.25,mRNA,Raspberry,2.0
7493,1873.25,mRNA,mKalama1,3.0
7494,1873.5,topo,topoI,0.25
7494,1873.5,topo,gyrase,0.25
7494,1873.5,RNAP,RNAP,1.0
7494,1873.5,mRNA,tetA,26.0
7494,1873.5,mRNA,Raspberry,2.0
7494,1873.5,mRNA,mKalama1,3.0
7495,1873.75,topo,topoI,0.25
7495,1873.75,topo,gyrase,0.25
7495,1873.75,RNAP,RNAP,1.0
7495,1873.75,mRNA,tetA,26.0
7495,1873.75,mRNA,Raspberry,2.0
7495,1873.75,mRNA,mKalama1,3.0
7496,1874.0,topo,topoI,0.25
7496,1874.0,topo,gyrase,0.25
7496,1874.0,RNAP,RNAP,1.0
7496,1874.0,mRNA,tetA,26.0
7496,1874.0,mRNA,Raspberry,2.0
7496,1874.0,mRNA,mKalama1,3.0
7497,1874.25,topo,topoI,0.25
7497,1874.25,topo,gyrase,0.25
7497,1874.25,RNAP,RNAP,1.0
7497,1874.25,mRNA,tetA,26.0
7497,1874.25,mRNA,Raspberry,2.0
7497,1874.25,mRNA,mKalama1,3.0
7498,1874.5,topo,topoI,0.25
7498,1874.5,topo,gyrase,0.25
7498,1874.5,RNAP,RNAP,1.0
7498,1874.5,mRNA,tetA,26.0
7498,1874.5,mRNA,Raspberry,2.0
7498,1874.5,mRNA,mKalama1,3.0
7499,1874.75,topo,topoI,0.25
7499,1874.75,topo,gyrase,0.25
7499,1874.75,RNAP,RNAP,1.0
7499,1874.75,mRNA,tetA,26.0
7499,1874.75,mRNA,Raspberry,2.0
7499,1874.75,mRNA,mKalama1,3.0
7500,1875.0,topo,topoI,0.25
7500,1875.0,topo,gyrase,0.25
7500,1875.0,RNAP,RNAP,1.0
7500,1875.0,mRNA,tetA,26.0
7500,1875.0,mRNA,Raspberry,2.0
7500,1875.0,mRNA,mKalama1,3.0
7501,1875.25,topo,topoI,0.25
7501,1875.25,topo,gyrase,0.25
7501,1875.25,RNAP,RNAP,1.0
7501,1875.25,mRNA,tetA,26.0
7501,1875.25,mRNA,Raspberry,2.0
7501,1875.25,mRNA,mKalama1,3.0
7502,1875.5,topo,topoI,0.25
7502,1875.5,topo,gyrase,0.25
7502,1875.5,RNAP,RNAP,1.0
7502,1875.5,mRNA,tetA,26.0
7502,1875.5,mRNA,Raspberry,2.0
7502,1875.5,mRNA,mKalama1,3.0
7503,1875.75,topo,topoI,0.25
7503,1875.75,topo,gyrase,0.25
7503,1875.75,RNAP,RNAP,1.0
7503,1875.75,mRNA,tetA,26.0
7503,1875.75,mRNA,Raspberry,2.0
7503,1875.75,mRNA,mKalama1,3.0
7504,1876.0,topo,topoI,0.25
7504,1876.0,topo,gyrase,0.25
7504,1876.0,RNAP,RNAP,1.0
7504,1876.0,mRNA,tetA,26.0
7504,1876.0,mRNA,Raspberry,2.0
7504,1876.0,mRNA,mKalama1,3.0
7505,1876.25,topo,topoI,0.25
7505,1876.25,topo,gyrase,0.25
7505,1876.25,RNAP,RNAP,1.0
7505,1876.25,mRNA,tetA,26.0
7505,1876.25,mRNA,Raspberry,2.0
7505,1876.25,mRNA,mKalama1,3.0
7506,1876.5,topo,topoI,0.25
7506,1876.5,topo,gyrase,0.25
7506,1876.5,RNAP,RNAP,1.0
7506,1876.5,mRNA,tetA,26.0
7506,1876.5,mRNA,Raspberry,2.0
7506,1876.5,mRNA,mKalama1,3.0
7507,1876.75,topo,topoI,0.25
7507,1876.75,topo,gyrase,0.25
7507,1876.75,RNAP,RNAP,1.0
7507,1876.75,mRNA,tetA,26.0
7507,1876.75,mRNA,Raspberry,2.0
7507,1876.75,mRNA,mKalama1,3.0
7508,1877.0,topo,topoI,0.25
7508,1877.0,topo,gyrase,0.25
7508,1877.0,RNAP,RNAP,1.0
7508,1877.0,mRNA,tetA,26.0
7508,1877.0,mRNA,Raspberry,2.0
7508,1877.0,mRNA,mKalama1,3.0
7509,1877.25,topo,topoI,0.25
7509,1877.25,topo,gyrase,0.25
7509,1877.25,RNAP,RNAP,1.0
7509,1877.25,mRNA,tetA,26.0
7509,1877.25,mRNA,Raspberry,2.0
7509,1877.25,mRNA,mKalama1,3.0
7510,1877.5,topo,topoI,0.25
7510,1877.5,topo,gyrase,0.25
7510,1877.5,RNAP,RNAP,1.0
7510,1877.5,mRNA,tetA,26.0
7510,1877.5,mRNA,Raspberry,2.0
7510,1877.5,mRNA,mKalama1,3.0
7511,1877.75,topo,topoI,0.25
7511,1877.75,topo,gyrase,0.25
7511,1877.75,RNAP,RNAP,1.0
7511,1877.75,mRNA,tetA,26.0
7511,1877.75,mRNA,Raspberry,2.0
7511,1877.75,mRNA,mKalama1,3.0
7512,1878.0,topo,topoI,0.25
7512,1878.0,topo,gyrase,0.25
7512,1878.0,RNAP,RNAP,1.0
7512,1878.0,mRNA,tetA,26.0
7512,1878.0,mRNA,Raspberry,2.0
7512,1878.0,mRNA,mKalama1,3.0
7513,1878.25,topo,topoI,0.25
7513,1878.25,topo,gyrase,0.25
7513,1878.25,RNAP,RNAP,1.0
7513,1878.25,mRNA,tetA,26.0
7513,1878.25,mRNA,Raspberry,2.0
7513,1878.25,mRNA,mKalama1,3.0
7514,1878.5,topo,topoI,0.25
7514,1878.5,topo,gyrase,0.25
7514,1878.5,RNAP,RNAP,1.0
7514,1878.5,mRNA,tetA,26.0
7514,1878.5,mRNA,Raspberry,2.0
7514,1878.5,mRNA,mKalama1,3.0
7515,1878.75,topo,topoI,0.25
7515,1878.75,topo,gyrase,0.25
7515,1878.75,RNAP,RNAP,1.0
7515,1878.75,mRNA,tetA,26.0
7515,1878.75,mRNA,Raspberry,2.0
7515,1878.75,mRNA,mKalama1,3.0
7516,1879.0,topo,topoI,0.25
7516,1879.0,topo,gyrase,0.25
7516,1879.0,RNAP,RNAP,1.0
7516,1879.0,mRNA,tetA,26.0
7516,1879.0,mRNA,Raspberry,2.0
7516,1879.0,mRNA,mKalama1,3.0
7517,1879.25,topo,topoI,0.25
7517,1879.25,topo,gyrase,0.25
7517,1879.25,RNAP,RNAP,1.0
7517,1879.25,mRNA,tetA,26.0
7517,1879.25,mRNA,Raspberry,2.0
7517,1879.25,mRNA,mKalama1,3.0
7518,1879.5,topo,topoI,0.25
7518,1879.5,topo,gyrase,0.25
7518,1879.5,RNAP,RNAP,1.0
7518,1879.5,mRNA,tetA,26.0
7518,1879.5,mRNA,Raspberry,2.0
7518,1879.5,mRNA,mKalama1,3.0
7519,1879.75,topo,topoI,0.25
7519,1879.75,topo,gyrase,0.25
7519,1879.75,RNAP,RNAP,1.0
7519,1879.75,mRNA,tetA,26.0
7519,1879.75,mRNA,Raspberry,2.0
7519,1879.75,mRNA,mKalama1,3.0
7520,1880.0,topo,topoI,0.25
7520,1880.0,topo,gyrase,0.25
7520,1880.0,RNAP,RNAP,1.0
7520,1880.0,mRNA,tetA,26.0
7520,1880.0,mRNA,Raspberry,2.0
7520,1880.0,mRNA,mKalama1,3.0
7521,1880.25,topo,topoI,0.25
7521,1880.25,topo,gyrase,0.25
7521,1880.25,RNAP,RNAP,1.0
7521,1880.25,mRNA,tetA,26.0
7521,1880.25,mRNA,Raspberry,2.0
7521,1880.25,mRNA,mKalama1,3.0
7522,1880.5,topo,topoI,0.25
7522,1880.5,topo,gyrase,0.25
7522,1880.5,RNAP,RNAP,1.0
7522,1880.5,mRNA,tetA,27.0
7522,1880.5,mRNA,Raspberry,2.0
7522,1880.5,mRNA,mKalama1,3.0
7523,1880.75,topo,topoI,0.25
7523,1880.75,topo,gyrase,0.25
7523,1880.75,RNAP,RNAP,1.0
7523,1880.75,mRNA,tetA,27.0
7523,1880.75,mRNA,Raspberry,2.0
7523,1880.75,mRNA,mKalama1,3.0
7524,1881.0,topo,topoI,0.25
7524,1881.0,topo,gyrase,0.25
7524,1881.0,RNAP,RNAP,1.0
7524,1881.0,mRNA,tetA,27.0
7524,1881.0,mRNA,Raspberry,2.0
7524,1881.0,mRNA,mKalama1,3.0
7525,1881.25,topo,topoI,0.25
7525,1881.25,topo,gyrase,0.25
7525,1881.25,RNAP,RNAP,1.0
7525,1881.25,mRNA,tetA,27.0
7525,1881.25,mRNA,Raspberry,2.0
7525,1881.25,mRNA,mKalama1,3.0
7526,1881.5,topo,topoI,0.25
7526,1881.5,topo,gyrase,0.25
7526,1881.5,RNAP,RNAP,1.0
7526,1881.5,mRNA,tetA,27.0
7526,1881.5,mRNA,Raspberry,2.0
7526,1881.5,mRNA,mKalama1,3.0
7527,1881.75,topo,topoI,0.25
7527,1881.75,topo,gyrase,0.25
7527,1881.75,RNAP,RNAP,1.0
7527,1881.75,mRNA,tetA,27.0
7527,1881.75,mRNA,Raspberry,2.0
7527,1881.75,mRNA,mKalama1,3.0
7528,1882.0,topo,topoI,0.25
7528,1882.0,topo,gyrase,0.25
7528,1882.0,RNAP,RNAP,1.0
7528,1882.0,mRNA,tetA,27.0
7528,1882.0,mRNA,Raspberry,2.0
7528,1882.0,mRNA,mKalama1,3.0
7529,1882.25,topo,topoI,0.25
7529,1882.25,topo,gyrase,0.25
7529,1882.25,RNAP,RNAP,1.0
7529,1882.25,mRNA,tetA,27.0
7529,1882.25,mRNA,Raspberry,2.0
7529,1882.25,mRNA,mKalama1,3.0
7530,1882.5,topo,topoI,0.25
7530,1882.5,topo,gyrase,0.25
7530,1882.5,RNAP,RNAP,1.0
7530,1882.5,mRNA,tetA,27.0
7530,1882.5,mRNA,Raspberry,2.0
7530,1882.5,mRNA,mKalama1,3.0
7531,1882.75,topo,topoI,0.25
7531,1882.75,topo,gyrase,0.25
7531,1882.75,RNAP,RNAP,1.0
7531,1882.75,mRNA,tetA,27.0
7531,1882.75,mRNA,Raspberry,2.0
7531,1882.75,mRNA,mKalama1,3.0
7532,1883.0,topo,topoI,0.25
7532,1883.0,topo,gyrase,0.25
7532,1883.0,RNAP,RNAP,1.0
7532,1883.0,mRNA,tetA,27.0
7532,1883.0,mRNA,Raspberry,2.0
7532,1883.0,mRNA,mKalama1,3.0
7533,1883.25,topo,topoI,0.25
7533,1883.25,topo,gyrase,0.25
7533,1883.25,RNAP,RNAP,1.0
7533,1883.25,mRNA,tetA,27.0
7533,1883.25,mRNA,Raspberry,2.0
7533,1883.25,mRNA,mKalama1,3.0
7534,1883.5,topo,topoI,0.25
7534,1883.5,topo,gyrase,0.25
7534,1883.5,RNAP,RNAP,1.0
7534,1883.5,mRNA,tetA,27.0
7534,1883.5,mRNA,Raspberry,2.0
7534,1883.5,mRNA,mKalama1,3.0
7535,1883.75,topo,topoI,0.25
7535,1883.75,topo,gyrase,0.25
7535,1883.75,RNAP,RNAP,1.0
7535,1883.75,mRNA,tetA,27.0
7535,1883.75,mRNA,Raspberry,2.0
7535,1883.75,mRNA,mKalama1,3.0
7536,1884.0,topo,topoI,0.25
7536,1884.0,topo,gyrase,0.25
7536,1884.0,RNAP,RNAP,1.0
7536,1884.0,mRNA,tetA,27.0
7536,1884.0,mRNA,Raspberry,2.0
7536,1884.0,mRNA,mKalama1,3.0
7537,1884.25,topo,topoI,0.25
7537,1884.25,topo,gyrase,0.25
7537,1884.25,RNAP,RNAP,1.0
7537,1884.25,mRNA,tetA,27.0
7537,1884.25,mRNA,Raspberry,2.0
7537,1884.25,mRNA,mKalama1,3.0
7538,1884.5,topo,topoI,0.25
7538,1884.5,topo,gyrase,0.25
7538,1884.5,RNAP,RNAP,1.0
7538,1884.5,mRNA,tetA,27.0
7538,1884.5,mRNA,Raspberry,2.0
7538,1884.5,mRNA,mKalama1,3.0
7539,1884.75,topo,topoI,0.25
7539,1884.75,topo,gyrase,0.25
7539,1884.75,RNAP,RNAP,1.0
7539,1884.75,mRNA,tetA,27.0
7539,1884.75,mRNA,Raspberry,2.0
7539,1884.75,mRNA,mKalama1,3.0
7540,1885.0,topo,topoI,0.25
7540,1885.0,topo,gyrase,0.25
7540,1885.0,RNAP,RNAP,1.0
7540,1885.0,mRNA,tetA,27.0
7540,1885.0,mRNA,Raspberry,2.0
7540,1885.0,mRNA,mKalama1,3.0
7541,1885.25,topo,topoI,0.25
7541,1885.25,topo,gyrase,0.25
7541,1885.25,RNAP,RNAP,1.0
7541,1885.25,mRNA,tetA,27.0
7541,1885.25,mRNA,Raspberry,2.0
7541,1885.25,mRNA,mKalama1,3.0
7542,1885.5,topo,topoI,0.25
7542,1885.5,topo,gyrase,0.25
7542,1885.5,RNAP,RNAP,1.0
7542,1885.5,mRNA,tetA,27.0
7542,1885.5,mRNA,Raspberry,2.0
7542,1885.5,mRNA,mKalama1,3.0
7543,1885.75,topo,topoI,0.25
7543,1885.75,topo,gyrase,0.25
7543,1885.75,RNAP,RNAP,1.0
7543,1885.75,mRNA,tetA,27.0
7543,1885.75,mRNA,Raspberry,2.0
7543,1885.75,mRNA,mKalama1,3.0
7544,1886.0,topo,topoI,0.25
7544,1886.0,topo,gyrase,0.25
7544,1886.0,RNAP,RNAP,1.0
7544,1886.0,mRNA,tetA,27.0
7544,1886.0,mRNA,Raspberry,2.0
7544,1886.0,mRNA,mKalama1,3.0
7545,1886.25,topo,topoI,0.25
7545,1886.25,topo,gyrase,0.25
7545,1886.25,RNAP,RNAP,1.0
7545,1886.25,mRNA,tetA,27.0
7545,1886.25,mRNA,Raspberry,2.0
7545,1886.25,mRNA,mKalama1,3.0
7546,1886.5,topo,topoI,0.25
7546,1886.5,topo,gyrase,0.25
7546,1886.5,RNAP,RNAP,1.0
7546,1886.5,mRNA,tetA,27.0
7546,1886.5,mRNA,Raspberry,2.0
7546,1886.5,mRNA,mKalama1,3.0
7547,1886.75,topo,topoI,0.25
7547,1886.75,topo,gyrase,0.25
7547,1886.75,RNAP,RNAP,1.0
7547,1886.75,mRNA,tetA,27.0
7547,1886.75,mRNA,Raspberry,2.0
7547,1886.75,mRNA,mKalama1,3.0
7548,1887.0,topo,topoI,0.25
7548,1887.0,topo,gyrase,0.25
7548,1887.0,RNAP,RNAP,1.0
7548,1887.0,mRNA,tetA,27.0
7548,1887.0,mRNA,Raspberry,2.0
7548,1887.0,mRNA,mKalama1,3.0
7549,1887.25,topo,topoI,0.25
7549,1887.25,topo,gyrase,0.25
7549,1887.25,RNAP,RNAP,1.0
7549,1887.25,mRNA,tetA,27.0
7549,1887.25,mRNA,Raspberry,2.0
7549,1887.25,mRNA,mKalama1,3.0
7550,1887.5,topo,topoI,0.25
7550,1887.5,topo,gyrase,0.25
7550,1887.5,RNAP,RNAP,1.0
7550,1887.5,mRNA,tetA,27.0
7550,1887.5,mRNA,Raspberry,2.0
7550,1887.5,mRNA,mKalama1,3.0
7551,1887.75,topo,topoI,0.25
7551,1887.75,topo,gyrase,0.25
7551,1887.75,RNAP,RNAP,1.0
7551,1887.75,mRNA,tetA,27.0
7551,1887.75,mRNA,Raspberry,2.0
7551,1887.75,mRNA,mKalama1,3.0
7552,1888.0,topo,topoI,0.25
7552,1888.0,topo,gyrase,0.25
7552,1888.0,RNAP,RNAP,1.0
7552,1888.0,mRNA,tetA,27.0
7552,1888.0,mRNA,Raspberry,2.0
7552,1888.0,mRNA,mKalama1,3.0
7553,1888.25,topo,topoI,0.25
7553,1888.25,topo,gyrase,0.25
7553,1888.25,RNAP,RNAP,1.0
7553,1888.25,mRNA,tetA,27.0
7553,1888.25,mRNA,Raspberry,2.0
7553,1888.25,mRNA,mKalama1,3.0
7554,1888.5,topo,topoI,0.25
7554,1888.5,topo,gyrase,0.25
7554,1888.5,RNAP,RNAP,1.0
7554,1888.5,mRNA,tetA,27.0
7554,1888.5,mRNA,Raspberry,2.0
7554,1888.5,mRNA,mKalama1,3.0
7555,1888.75,topo,topoI,0.25
7555,1888.75,topo,gyrase,0.25
7555,1888.75,RNAP,RNAP,1.0
7555,1888.75,mRNA,tetA,27.0
7555,1888.75,mRNA,Raspberry,2.0
7555,1888.75,mRNA,mKalama1,3.0
7556,1889.0,topo,topoI,0.25
7556,1889.0,topo,gyrase,0.25
7556,1889.0,RNAP,RNAP,1.0
7556,1889.0,mRNA,tetA,27.0
7556,1889.0,mRNA,Raspberry,2.0
7556,1889.0,mRNA,mKalama1,3.0
7557,1889.25,topo,topoI,0.25
7557,1889.25,topo,gyrase,0.25
7557,1889.25,RNAP,RNAP,1.0
7557,1889.25,mRNA,tetA,27.0
7557,1889.25,mRNA,Raspberry,2.0
7557,1889.25,mRNA,mKalama1,3.0
7558,1889.5,topo,topoI,0.25
7558,1889.5,topo,gyrase,0.25
7558,1889.5,RNAP,RNAP,1.0
7558,1889.5,mRNA,tetA,27.0
7558,1889.5,mRNA,Raspberry,2.0
7558,1889.5,mRNA,mKalama1,3.0
7559,1889.75,topo,topoI,0.25
7559,1889.75,topo,gyrase,0.25
7559,1889.75,RNAP,RNAP,1.0
7559,1889.75,mRNA,tetA,27.0
7559,1889.75,mRNA,Raspberry,2.0
7559,1889.75,mRNA,mKalama1,3.0
7560,1890.0,topo,topoI,0.25
7560,1890.0,topo,gyrase,0.25
7560,1890.0,RNAP,RNAP,1.0
7560,1890.0,mRNA,tetA,27.0
7560,1890.0,mRNA,Raspberry,2.0
7560,1890.0,mRNA,mKalama1,3.0
7561,1890.25,topo,topoI,0.25
7561,1890.25,topo,gyrase,0.25
7561,1890.25,RNAP,RNAP,1.0
7561,1890.25,mRNA,tetA,27.0
7561,1890.25,mRNA,Raspberry,2.0
7561,1890.25,mRNA,mKalama1,3.0
7562,1890.5,topo,topoI,0.25
7562,1890.5,topo,gyrase,0.25
7562,1890.5,RNAP,RNAP,1.0
7562,1890.5,mRNA,tetA,27.0
7562,1890.5,mRNA,Raspberry,2.0
7562,1890.5,mRNA,mKalama1,3.0
7563,1890.75,topo,topoI,0.25
7563,1890.75,topo,gyrase,0.25
7563,1890.75,RNAP,RNAP,1.0
7563,1890.75,mRNA,tetA,27.0
7563,1890.75,mRNA,Raspberry,2.0
7563,1890.75,mRNA,mKalama1,3.0
7564,1891.0,topo,topoI,0.25
7564,1891.0,topo,gyrase,0.25
7564,1891.0,RNAP,RNAP,1.0
7564,1891.0,mRNA,tetA,27.0
7564,1891.0,mRNA,Raspberry,2.0
7564,1891.0,mRNA,mKalama1,3.0
7565,1891.25,topo,topoI,0.25
7565,1891.25,topo,gyrase,0.25
7565,1891.25,RNAP,RNAP,1.0
7565,1891.25,mRNA,tetA,27.0
7565,1891.25,mRNA,Raspberry,2.0
7565,1891.25,mRNA,mKalama1,3.0
7566,1891.5,topo,topoI,0.25
7566,1891.5,topo,gyrase,0.25
7566,1891.5,RNAP,RNAP,1.0
7566,1891.5,mRNA,tetA,27.0
7566,1891.5,mRNA,Raspberry,2.0
7566,1891.5,mRNA,mKalama1,3.0
7567,1891.75,topo,topoI,0.25
7567,1891.75,topo,gyrase,0.25
7567,1891.75,RNAP,RNAP,1.0
7567,1891.75,mRNA,tetA,27.0
7567,1891.75,mRNA,Raspberry,2.0
7567,1891.75,mRNA,mKalama1,3.0
7568,1892.0,topo,topoI,0.25
7568,1892.0,topo,gyrase,0.25
7568,1892.0,RNAP,RNAP,1.0
7568,1892.0,mRNA,tetA,27.0
7568,1892.0,mRNA,Raspberry,2.0
7568,1892.0,mRNA,mKalama1,3.0
7569,1892.25,topo,topoI,0.25
7569,1892.25,topo,gyrase,0.25
7569,1892.25,RNAP,RNAP,1.0
7569,1892.25,mRNA,tetA,27.0
7569,1892.25,mRNA,Raspberry,2.0
7569,1892.25,mRNA,mKalama1,3.0
7570,1892.5,topo,topoI,0.25
7570,1892.5,topo,gyrase,0.25
7570,1892.5,RNAP,RNAP,1.0
7570,1892.5,mRNA,tetA,27.0
7570,1892.5,mRNA,Raspberry,2.0
7570,1892.5,mRNA,mKalama1,3.0
7571,1892.75,topo,topoI,0.25
7571,1892.75,topo,gyrase,0.25
7571,1892.75,RNAP,RNAP,1.0
7571,1892.75,mRNA,tetA,27.0
7571,1892.75,mRNA,Raspberry,2.0
7571,1892.75,mRNA,mKalama1,3.0
7572,1893.0,topo,topoI,0.25
7572,1893.0,topo,gyrase,0.25
7572,1893.0,RNAP,RNAP,1.0
7572,1893.0,mRNA,tetA,27.0
7572,1893.0,mRNA,Raspberry,2.0
7572,1893.0,mRNA,mKalama1,3.0
7573,1893.25,topo,topoI,0.25
7573,1893.25,topo,gyrase,0.25
7573,1893.25,RNAP,RNAP,1.0
7573,1893.25,mRNA,tetA,27.0
7573,1893.25,mRNA,Raspberry,2.0
7573,1893.25,mRNA,mKalama1,3.0
7574,1893.5,topo,topoI,0.25
7574,1893.5,topo,gyrase,0.25
7574,1893.5,RNAP,RNAP,1.0
7574,1893.5,mRNA,tetA,27.0
7574,1893.5,mRNA,Raspberry,2.0
7574,1893.5,mRNA,mKalama1,3.0
7575,1893.75,topo,topoI,0.25
7575,1893.75,topo,gyrase,0.25
7575,1893.75,RNAP,RNAP,1.0
7575,1893.75,mRNA,tetA,27.0
7575,1893.75,mRNA,Raspberry,2.0
7575,1893.75,mRNA,mKalama1,3.0
7576,1894.0,topo,topoI,0.25
7576,1894.0,topo,gyrase,0.25
7576,1894.0,RNAP,RNAP,1.0
7576,1894.0,mRNA,tetA,27.0
7576,1894.0,mRNA,Raspberry,2.0
7576,1894.0,mRNA,mKalama1,3.0
7577,1894.25,topo,topoI,0.25
7577,1894.25,topo,gyrase,0.25
7577,1894.25,RNAP,RNAP,1.0
7577,1894.25,mRNA,tetA,27.0
7577,1894.25,mRNA,Raspberry,2.0
7577,1894.25,mRNA,mKalama1,3.0
7578,1894.5,topo,topoI,0.25
7578,1894.5,topo,gyrase,0.25
7578,1894.5,RNAP,RNAP,1.0
7578,1894.5,mRNA,tetA,27.0
7578,1894.5,mRNA,Raspberry,2.0
7578,1894.5,mRNA,mKalama1,3.0
7579,1894.75,topo,topoI,0.25
7579,1894.75,topo,gyrase,0.25
7579,1894.75,RNAP,RNAP,1.0
7579,1894.75,mRNA,tetA,27.0
7579,1894.75,mRNA,Raspberry,2.0
7579,1894.75,mRNA,mKalama1,3.0
7580,1895.0,topo,topoI,0.25
7580,1895.0,topo,gyrase,0.25
7580,1895.0,RNAP,RNAP,1.0
7580,1895.0,mRNA,tetA,27.0
7580,1895.0,mRNA,Raspberry,2.0
7580,1895.0,mRNA,mKalama1,3.0
7581,1895.25,topo,topoI,0.25
7581,1895.25,topo,gyrase,0.25
7581,1895.25,RNAP,RNAP,1.0
7581,1895.25,mRNA,tetA,27.0
7581,1895.25,mRNA,Raspberry,2.0
7581,1895.25,mRNA,mKalama1,3.0
7582,1895.5,topo,topoI,0.25
7582,1895.5,topo,gyrase,0.25
7582,1895.5,RNAP,RNAP,1.0
7582,1895.5,mRNA,tetA,27.0
7582,1895.5,mRNA,Raspberry,2.0
7582,1895.5,mRNA,mKalama1,3.0
7583,1895.75,topo,topoI,0.25
7583,1895.75,topo,gyrase,0.25
7583,1895.75,RNAP,RNAP,1.0
7583,1895.75,mRNA,tetA,27.0
7583,1895.75,mRNA,Raspberry,2.0
7583,1895.75,mRNA,mKalama1,3.0
7584,1896.0,topo,topoI,0.25
7584,1896.0,topo,gyrase,0.25
7584,1896.0,RNAP,RNAP,1.0
7584,1896.0,mRNA,tetA,27.0
7584,1896.0,mRNA,Raspberry,2.0
7584,1896.0,mRNA,mKalama1,3.0
7585,1896.25,topo,topoI,0.25
7585,1896.25,topo,gyrase,0.25
7585,1896.25,RNAP,RNAP,1.0
7585,1896.25,mRNA,tetA,27.0
7585,1896.25,mRNA,Raspberry,2.0
7585,1896.25,mRNA,mKalama1,3.0
7586,1896.5,topo,topoI,0.25
7586,1896.5,topo,gyrase,0.25
7586,1896.5,RNAP,RNAP,1.0
7586,1896.5,mRNA,tetA,27.0
7586,1896.5,mRNA,Raspberry,2.0
7586,1896.5,mRNA,mKalama1,3.0
7587,1896.75,topo,topoI,0.25
7587,1896.75,topo,gyrase,0.25
7587,1896.75,RNAP,RNAP,1.0
7587,1896.75,mRNA,tetA,27.0
7587,1896.75,mRNA,Raspberry,2.0
7587,1896.75,mRNA,mKalama1,3.0
7588,1897.0,topo,topoI,0.25
7588,1897.0,topo,gyrase,0.25
7588,1897.0,RNAP,RNAP,1.0
7588,1897.0,mRNA,tetA,27.0
7588,1897.0,mRNA,Raspberry,2.0
7588,1897.0,mRNA,mKalama1,3.0
7589,1897.25,topo,topoI,0.25
7589,1897.25,topo,gyrase,0.25
7589,1897.25,RNAP,RNAP,1.0
7589,1897.25,mRNA,tetA,27.0
7589,1897.25,mRNA,Raspberry,2.0
7589,1897.25,mRNA,mKalama1,3.0
7590,1897.5,topo,topoI,0.25
7590,1897.5,topo,gyrase,0.25
7590,1897.5,RNAP,RNAP,1.0
7590,1897.5,mRNA,tetA,27.0
7590,1897.5,mRNA,Raspberry,2.0
7590,1897.5,mRNA,mKalama1,3.0
7591,1897.75,topo,topoI,0.25
7591,1897.75,topo,gyrase,0.25
7591,1897.75,RNAP,RNAP,1.0
7591,1897.75,mRNA,tetA,27.0
7591,1897.75,mRNA,Raspberry,2.0
7591,1897.75,mRNA,mKalama1,3.0
7592,1898.0,topo,topoI,0.25
7592,1898.0,topo,gyrase,0.25
7592,1898.0,RNAP,RNAP,1.0
7592,1898.0,mRNA,tetA,27.0
7592,1898.0,mRNA,Raspberry,2.0
7592,1898.0,mRNA,mKalama1,3.0
7593,1898.25,topo,topoI,0.25
7593,1898.25,topo,gyrase,0.25
7593,1898.25,RNAP,RNAP,1.0
7593,1898.25,mRNA,tetA,27.0
7593,1898.25,mRNA,Raspberry,2.0
7593,1898.25,mRNA,mKalama1,3.0
7594,1898.5,topo,topoI,0.25
7594,1898.5,topo,gyrase,0.25
7594,1898.5,RNAP,RNAP,1.0
7594,1898.5,mRNA,tetA,27.0
7594,1898.5,mRNA,Raspberry,2.0
7594,1898.5,mRNA,mKalama1,3.0
7595,1898.75,topo,topoI,0.25
7595,1898.75,topo,gyrase,0.25
7595,1898.75,RNAP,RNAP,1.0
7595,1898.75,mRNA,tetA,27.0
7595,1898.75,mRNA,Raspberry,2.0
7595,1898.75,mRNA,mKalama1,3.0
7596,1899.0,topo,topoI,0.25
7596,1899.0,topo,gyrase,0.25
7596,1899.0,RNAP,RNAP,1.0
7596,1899.0,mRNA,tetA,27.0
7596,1899.0,mRNA,Raspberry,2.0
7596,1899.0,mRNA,mKalama1,3.0
7597,1899.25,topo,topoI,0.25
7597,1899.25,topo,gyrase,0.25
7597,1899.25,RNAP,RNAP,1.0
7597,1899.25,mRNA,tetA,27.0
7597,1899.25,mRNA,Raspberry,2.0
7597,1899.25,mRNA,mKalama1,3.0
7598,1899.5,topo,topoI,0.25
7598,1899.5,topo,gyrase,0.25
7598,1899.5,RNAP,RNAP,1.0
7598,1899.5,mRNA,tetA,27.0
7598,1899.5,mRNA,Raspberry,2.0
7598,1899.5,mRNA,mKalama1,3.0
7599,1899.75,topo,topoI,0.25
7599,1899.75,topo,gyrase,0.25
7599,1899.75,RNAP,RNAP,1.0
7599,1899.75,mRNA,tetA,27.0
7599,1899.75,mRNA,Raspberry,2.0
7599,1899.75,mRNA,mKalama1,3.0
7600,1900.0,topo,topoI,0.25
7600,1900.0,topo,gyrase,0.25
7600,1900.0,RNAP,RNAP,1.0
7600,1900.0,mRNA,tetA,27.0
7600,1900.0,mRNA,Raspberry,2.0
7600,1900.0,mRNA,mKalama1,3.0
7601,1900.25,topo,topoI,0.25
7601,1900.25,topo,gyrase,0.25
7601,1900.25,RNAP,RNAP,1.0
7601,1900.25,mRNA,tetA,27.0
7601,1900.25,mRNA,Raspberry,2.0
7601,1900.25,mRNA,mKalama1,3.0
7602,1900.5,topo,topoI,0.25
7602,1900.5,topo,gyrase,0.25
7602,1900.5,RNAP,RNAP,1.0
7602,1900.5,mRNA,tetA,27.0
7602,1900.5,mRNA,Raspberry,2.0
7602,1900.5,mRNA,mKalama1,3.0
7603,1900.75,topo,topoI,0.25
7603,1900.75,topo,gyrase,0.25
7603,1900.75,RNAP,RNAP,1.0
7603,1900.75,mRNA,tetA,27.0
7603,1900.75,mRNA,Raspberry,2.0
7603,1900.75,mRNA,mKalama1,3.0
7604,1901.0,topo,topoI,0.25
7604,1901.0,topo,gyrase,0.25
7604,1901.0,RNAP,RNAP,1.0
7604,1901.0,mRNA,tetA,27.0
7604,1901.0,mRNA,Raspberry,2.0
7604,1901.0,mRNA,mKalama1,3.0
7605,1901.25,topo,topoI,0.25
7605,1901.25,topo,gyrase,0.25
7605,1901.25,RNAP,RNAP,1.0
7605,1901.25,mRNA,tetA,27.0
7605,1901.25,mRNA,Raspberry,2.0
7605,1901.25,mRNA,mKalama1,3.0
7606,1901.5,topo,topoI,0.25
7606,1901.5,topo,gyrase,0.25
7606,1901.5,RNAP,RNAP,1.0
7606,1901.5,mRNA,tetA,27.0
7606,1901.5,mRNA,Raspberry,2.0
7606,1901.5,mRNA,mKalama1,3.0
7607,1901.75,topo,topoI,0.25
7607,1901.75,topo,gyrase,0.25
7607,1901.75,RNAP,RNAP,1.0
7607,1901.75,mRNA,tetA,27.0
7607,1901.75,mRNA,Raspberry,2.0
7607,1901.75,mRNA,mKalama1,3.0
7608,1902.0,topo,topoI,0.25
7608,1902.0,topo,gyrase,0.25
7608,1902.0,RNAP,RNAP,1.0
7608,1902.0,mRNA,tetA,27.0
7608,1902.0,mRNA,Raspberry,2.0
7608,1902.0,mRNA,mKalama1,3.0
7609,1902.25,topo,topoI,0.25
7609,1902.25,topo,gyrase,0.25
7609,1902.25,RNAP,RNAP,1.0
7609,1902.25,mRNA,tetA,27.0
7609,1902.25,mRNA,Raspberry,2.0
7609,1902.25,mRNA,mKalama1,3.0
7610,1902.5,topo,topoI,0.25
7610,1902.5,topo,gyrase,0.25
7610,1902.5,RNAP,RNAP,1.0
7610,1902.5,mRNA,tetA,27.0
7610,1902.5,mRNA,Raspberry,2.0
7610,1902.5,mRNA,mKalama1,3.0
7611,1902.75,topo,topoI,0.25
7611,1902.75,topo,gyrase,0.25
7611,1902.75,RNAP,RNAP,1.0
7611,1902.75,mRNA,tetA,27.0
7611,1902.75,mRNA,Raspberry,2.0
7611,1902.75,mRNA,mKalama1,3.0
7612,1903.0,topo,topoI,0.25
7612,1903.0,topo,gyrase,0.25
7612,1903.0,RNAP,RNAP,1.0
7612,1903.0,mRNA,tetA,27.0
7612,1903.0,mRNA,Raspberry,2.0
7612,1903.0,mRNA,mKalama1,3.0
7613,1903.25,topo,topoI,0.25
7613,1903.25,topo,gyrase,0.25
7613,1903.25,RNAP,RNAP,1.0
7613,1903.25,mRNA,tetA,27.0
7613,1903.25,mRNA,Raspberry,2.0
7613,1903.25,mRNA,mKalama1,3.0
7614,1903.5,topo,topoI,0.25
7614,1903.5,topo,gyrase,0.25
7614,1903.5,RNAP,RNAP,1.0
7614,1903.5,mRNA,tetA,27.0
7614,1903.5,mRNA,Raspberry,2.0
7614,1903.5,mRNA,mKalama1,3.0
7615,1903.75,topo,topoI,0.25
7615,1903.75,topo,gyrase,0.25
7615,1903.75,RNAP,RNAP,1.0
7615,1903.75,mRNA,tetA,27.0
7615,1903.75,mRNA,Raspberry,2.0
7615,1903.75,mRNA,mKalama1,3.0
7616,1904.0,topo,topoI,0.25
7616,1904.0,topo,gyrase,0.25
7616,1904.0,RNAP,RNAP,1.0
7616,1904.0,mRNA,tetA,27.0
7616,1904.0,mRNA,Raspberry,2.0
7616,1904.0,mRNA,mKalama1,3.0
7617,1904.25,topo,topoI,0.25
7617,1904.25,topo,gyrase,0.25
7617,1904.25,RNAP,RNAP,1.0
7617,1904.25,mRNA,tetA,27.0
7617,1904.25,mRNA,Raspberry,2.0
7617,1904.25,mRNA,mKalama1,3.0
7618,1904.5,topo,topoI,0.25
7618,1904.5,topo,gyrase,0.25
7618,1904.5,RNAP,RNAP,1.0
7618,1904.5,mRNA,tetA,27.0
7618,1904.5,mRNA,Raspberry,2.0
7618,1904.5,mRNA,mKalama1,3.0
7619,1904.75,topo,topoI,0.25
7619,1904.75,topo,gyrase,0.25
7619,1904.75,RNAP,RNAP,1.0
7619,1904.75,mRNA,tetA,27.0
7619,1904.75,mRNA,Raspberry,2.0
7619,1904.75,mRNA,mKalama1,3.0
7620,1905.0,topo,topoI,0.25
7620,1905.0,topo,gyrase,0.25
7620,1905.0,RNAP,RNAP,1.0
7620,1905.0,mRNA,tetA,27.0
7620,1905.0,mRNA,Raspberry,2.0
7620,1905.0,mRNA,mKalama1,3.0
7621,1905.25,topo,topoI,0.25
7621,1905.25,topo,gyrase,0.25
7621,1905.25,RNAP,RNAP,1.0
7621,1905.25,mRNA,tetA,27.0
7621,1905.25,mRNA,Raspberry,2.0
7621,1905.25,mRNA,mKalama1,3.0
7622,1905.5,topo,topoI,0.25
7622,1905.5,topo,gyrase,0.25
7622,1905.5,RNAP,RNAP,1.0
7622,1905.5,mRNA,tetA,27.0
7622,1905.5,mRNA,Raspberry,2.0
7622,1905.5,mRNA,mKalama1,3.0
7623,1905.75,topo,topoI,0.25
7623,1905.75,topo,gyrase,0.25
7623,1905.75,RNAP,RNAP,1.0
7623,1905.75,mRNA,tetA,27.0
7623,1905.75,mRNA,Raspberry,2.0
7623,1905.75,mRNA,mKalama1,3.0
7624,1906.0,topo,topoI,0.25
7624,1906.0,topo,gyrase,0.25
7624,1906.0,RNAP,RNAP,1.0
7624,1906.0,mRNA,tetA,27.0
7624,1906.0,mRNA,Raspberry,2.0
7624,1906.0,mRNA,mKalama1,3.0
7625,1906.25,topo,topoI,0.25
7625,1906.25,topo,gyrase,0.25
7625,1906.25,RNAP,RNAP,1.0
7625,1906.25,mRNA,tetA,27.0
7625,1906.25,mRNA,Raspberry,2.0
7625,1906.25,mRNA,mKalama1,3.0
7626,1906.5,topo,topoI,0.25
7626,1906.5,topo,gyrase,0.25
7626,1906.5,RNAP,RNAP,1.0
7626,1906.5,mRNA,tetA,27.0
7626,1906.5,mRNA,Raspberry,2.0
7626,1906.5,mRNA,mKalama1,3.0
7627,1906.75,topo,topoI,0.25
7627,1906.75,topo,gyrase,0.25
7627,1906.75,RNAP,RNAP,1.0
7627,1906.75,mRNA,tetA,27.0
7627,1906.75,mRNA,Raspberry,2.0
7627,1906.75,mRNA,mKalama1,3.0
7628,1907.0,topo,topoI,0.25
7628,1907.0,topo,gyrase,0.25
7628,1907.0,RNAP,RNAP,1.0
7628,1907.0,mRNA,tetA,27.0
7628,1907.0,mRNA,Raspberry,2.0
7628,1907.0,mRNA,mKalama1,3.0
7629,1907.25,topo,topoI,0.25
7629,1907.25,topo,gyrase,0.25
7629,1907.25,RNAP,RNAP,1.0
7629,1907.25,mRNA,tetA,27.0
7629,1907.25,mRNA,Raspberry,2.0
7629,1907.25,mRNA,mKalama1,3.0
7630,1907.5,topo,topoI,0.25
7630,1907.5,topo,gyrase,0.25
7630,1907.5,RNAP,RNAP,1.0
7630,1907.5,mRNA,tetA,27.0
7630,1907.5,mRNA,Raspberry,2.0
7630,1907.5,mRNA,mKalama1,3.0
7631,1907.75,topo,topoI,0.25
7631,1907.75,topo,gyrase,0.25
7631,1907.75,RNAP,RNAP,1.0
7631,1907.75,mRNA,tetA,27.0
7631,1907.75,mRNA,Raspberry,2.0
7631,1907.75,mRNA,mKalama1,3.0
7632,1908.0,topo,topoI,0.25
7632,1908.0,topo,gyrase,0.25
7632,1908.0,RNAP,RNAP,1.0
7632,1908.0,mRNA,tetA,27.0
7632,1908.0,mRNA,Raspberry,2.0
7632,1908.0,mRNA,mKalama1,3.0
7633,1908.25,topo,topoI,0.25
7633,1908.25,topo,gyrase,0.25
7633,1908.25,RNAP,RNAP,1.0
7633,1908.25,mRNA,tetA,27.0
7633,1908.25,mRNA,Raspberry,2.0
7633,1908.25,mRNA,mKalama1,3.0
7634,1908.5,topo,topoI,0.25
7634,1908.5,topo,gyrase,0.25
7634,1908.5,RNAP,RNAP,1.0
7634,1908.5,mRNA,tetA,27.0
7634,1908.5,mRNA,Raspberry,2.0
7634,1908.5,mRNA,mKalama1,3.0
7635,1908.75,topo,topoI,0.25
7635,1908.75,topo,gyrase,0.25
7635,1908.75,RNAP,RNAP,1.0
7635,1908.75,mRNA,tetA,27.0
7635,1908.75,mRNA,Raspberry,2.0
7635,1908.75,mRNA,mKalama1,3.0
7636,1909.0,topo,topoI,0.25
7636,1909.0,topo,gyrase,0.25
7636,1909.0,RNAP,RNAP,1.0
7636,1909.0,mRNA,tetA,27.0
7636,1909.0,mRNA,Raspberry,2.0
7636,1909.0,mRNA,mKalama1,3.0
7637,1909.25,topo,topoI,0.25
7637,1909.25,topo,gyrase,0.25
7637,1909.25,RNAP,RNAP,1.0
7637,1909.25,mRNA,tetA,27.0
7637,1909.25,mRNA,Raspberry,2.0
7637,1909.25,mRNA,mKalama1,3.0
7638,1909.5,topo,topoI,0.25
7638,1909.5,topo,gyrase,0.25
7638,1909.5,RNAP,RNAP,1.0
7638,1909.5,mRNA,tetA,27.0
7638,1909.5,mRNA,Raspberry,2.0
7638,1909.5,mRNA,mKalama1,3.0
7639,1909.75,topo,topoI,0.25
7639,1909.75,topo,gyrase,0.25
7639,1909.75,RNAP,RNAP,1.0
7639,1909.75,mRNA,tetA,27.0
7639,1909.75,mRNA,Raspberry,2.0
7639,1909.75,mRNA,mKalama1,3.0
7640,1910.0,topo,topoI,0.25
7640,1910.0,topo,gyrase,0.25
7640,1910.0,RNAP,RNAP,1.0
7640,1910.0,mRNA,tetA,27.0
7640,1910.0,mRNA,Raspberry,2.0
7640,1910.0,mRNA,mKalama1,3.0
7641,1910.25,topo,topoI,0.25
7641,1910.25,topo,gyrase,0.25
7641,1910.25,RNAP,RNAP,1.0
7641,1910.25,mRNA,tetA,27.0
7641,1910.25,mRNA,Raspberry,2.0
7641,1910.25,mRNA,mKalama1,3.0
7642,1910.5,topo,topoI,0.25
7642,1910.5,topo,gyrase,0.25
7642,1910.5,RNAP,RNAP,1.0
7642,1910.5,mRNA,tetA,27.0
7642,1910.5,mRNA,Raspberry,2.0
7642,1910.5,mRNA,mKalama1,3.0
7643,1910.75,topo,topoI,0.25
7643,1910.75,topo,gyrase,0.25
7643,1910.75,RNAP,RNAP,1.0
7643,1910.75,mRNA,tetA,27.0
7643,1910.75,mRNA,Raspberry,2.0
7643,1910.75,mRNA,mKalama1,3.0
7644,1911.0,topo,topoI,0.25
7644,1911.0,topo,gyrase,0.25
7644,1911.0,RNAP,RNAP,1.0
7644,1911.0,mRNA,tetA,27.0
7644,1911.0,mRNA,Raspberry,2.0
7644,1911.0,mRNA,mKalama1,3.0
7645,1911.25,topo,topoI,0.25
7645,1911.25,topo,gyrase,0.25
7645,1911.25,RNAP,RNAP,1.0
7645,1911.25,mRNA,tetA,27.0
7645,1911.25,mRNA,Raspberry,2.0
7645,1911.25,mRNA,mKalama1,3.0
7646,1911.5,topo,topoI,0.25
7646,1911.5,topo,gyrase,0.25
7646,1911.5,RNAP,RNAP,1.0
7646,1911.5,mRNA,tetA,27.0
7646,1911.5,mRNA,Raspberry,2.0
7646,1911.5,mRNA,mKalama1,3.0
7647,1911.75,topo,topoI,0.25
7647,1911.75,topo,gyrase,0.25
7647,1911.75,RNAP,RNAP,1.0
7647,1911.75,mRNA,tetA,27.0
7647,1911.75,mRNA,Raspberry,2.0
7647,1911.75,mRNA,mKalama1,3.0
7648,1912.0,topo,topoI,0.25
7648,1912.0,topo,gyrase,0.25
7648,1912.0,RNAP,RNAP,1.0
7648,1912.0,mRNA,tetA,27.0
7648,1912.0,mRNA,Raspberry,2.0
7648,1912.0,mRNA,mKalama1,3.0
7649,1912.25,topo,topoI,0.25
7649,1912.25,topo,gyrase,0.25
7649,1912.25,RNAP,RNAP,1.0
7649,1912.25,mRNA,tetA,27.0
7649,1912.25,mRNA,Raspberry,2.0
7649,1912.25,mRNA,mKalama1,3.0
7650,1912.5,topo,topoI,0.25
7650,1912.5,topo,gyrase,0.25
7650,1912.5,RNAP,RNAP,1.0
7650,1912.5,mRNA,tetA,27.0
7650,1912.5,mRNA,Raspberry,2.0
7650,1912.5,mRNA,mKalama1,3.0
7651,1912.75,topo,topoI,0.25
7651,1912.75,topo,gyrase,0.25
7651,1912.75,RNAP,RNAP,1.0
7651,1912.75,mRNA,tetA,27.0
7651,1912.75,mRNA,Raspberry,2.0
7651,1912.75,mRNA,mKalama1,3.0
7652,1913.0,topo,topoI,0.25
7652,1913.0,topo,gyrase,0.25
7652,1913.0,RNAP,RNAP,1.0
7652,1913.0,mRNA,tetA,27.0
7652,1913.0,mRNA,Raspberry,2.0
7652,1913.0,mRNA,mKalama1,3.0
7653,1913.25,topo,topoI,0.25
7653,1913.25,topo,gyrase,0.25
7653,1913.25,RNAP,RNAP,1.0
7653,1913.25,mRNA,tetA,27.0
7653,1913.25,mRNA,Raspberry,2.0
7653,1913.25,mRNA,mKalama1,3.0
7654,1913.5,topo,topoI,0.25
7654,1913.5,topo,gyrase,0.25
7654,1913.5,RNAP,RNAP,1.0
7654,1913.5,mRNA,tetA,27.0
7654,1913.5,mRNA,Raspberry,2.0
7654,1913.5,mRNA,mKalama1,3.0
7655,1913.75,topo,topoI,0.25
7655,1913.75,topo,gyrase,0.25
7655,1913.75,RNAP,RNAP,1.0
7655,1913.75,mRNA,tetA,27.0
7655,1913.75,mRNA,Raspberry,2.0
7655,1913.75,mRNA,mKalama1,3.0
7656,1914.0,topo,topoI,0.25
7656,1914.0,topo,gyrase,0.25
7656,1914.0,RNAP,RNAP,1.0
7656,1914.0,mRNA,tetA,27.0
7656,1914.0,mRNA,Raspberry,2.0
7656,1914.0,mRNA,mKalama1,3.0
7657,1914.25,topo,topoI,0.25
7657,1914.25,topo,gyrase,0.25
7657,1914.25,RNAP,RNAP,1.0
7657,1914.25,mRNA,tetA,27.0
7657,1914.25,mRNA,Raspberry,2.0
7657,1914.25,mRNA,mKalama1,3.0
7658,1914.5,topo,topoI,0.25
7658,1914.5,topo,gyrase,0.25
7658,1914.5,RNAP,RNAP,1.0
7658,1914.5,mRNA,tetA,27.0
7658,1914.5,mRNA,Raspberry,2.0
7658,1914.5,mRNA,mKalama1,3.0
7659,1914.75,topo,topoI,0.25
7659,1914.75,topo,gyrase,0.25
7659,1914.75,RNAP,RNAP,1.0
7659,1914.75,mRNA,tetA,27.0
7659,1914.75,mRNA,Raspberry,2.0
7659,1914.75,mRNA,mKalama1,3.0
7660,1915.0,topo,topoI,0.25
7660,1915.0,topo,gyrase,0.25
7660,1915.0,RNAP,RNAP,1.0
7660,1915.0,mRNA,tetA,27.0
7660,1915.0,mRNA,Raspberry,2.0
7660,1915.0,mRNA,mKalama1,3.0
7661,1915.25,topo,topoI,0.25
7661,1915.25,topo,gyrase,0.25
7661,1915.25,RNAP,RNAP,1.0
7661,1915.25,mRNA,tetA,27.0
7661,1915.25,mRNA,Raspberry,2.0
7661,1915.25,mRNA,mKalama1,3.0
7662,1915.5,topo,topoI,0.25
7662,1915.5,topo,gyrase,0.25
7662,1915.5,RNAP,RNAP,1.0
7662,1915.5,mRNA,tetA,27.0
7662,1915.5,mRNA,Raspberry,2.0
7662,1915.5,mRNA,mKalama1,3.0
7663,1915.75,topo,topoI,0.25
7663,1915.75,topo,gyrase,0.25
7663,1915.75,RNAP,RNAP,1.0
7663,1915.75,mRNA,tetA,27.0
7663,1915.75,mRNA,Raspberry,2.0
7663,1915.75,mRNA,mKalama1,3.0
7664,1916.0,topo,topoI,0.25
7664,1916.0,topo,gyrase,0.25
7664,1916.0,RNAP,RNAP,1.0
7664,1916.0,mRNA,tetA,27.0
7664,1916.0,mRNA,Raspberry,2.0
7664,1916.0,mRNA,mKalama1,3.0
7665,1916.25,topo,topoI,0.25
7665,1916.25,topo,gyrase,0.25
7665,1916.25,RNAP,RNAP,1.0
7665,1916.25,mRNA,tetA,27.0
7665,1916.25,mRNA,Raspberry,2.0
7665,1916.25,mRNA,mKalama1,3.0
7666,1916.5,topo,topoI,0.25
7666,1916.5,topo,gyrase,0.25
7666,1916.5,RNAP,RNAP,1.0
7666,1916.5,mRNA,tetA,27.0
7666,1916.5,mRNA,Raspberry,2.0
7666,1916.5,mRNA,mKalama1,3.0
7667,1916.75,topo,topoI,0.25
7667,1916.75,topo,gyrase,0.25
7667,1916.75,RNAP,RNAP,1.0
7667,1916.75,mRNA,tetA,27.0
7667,1916.75,mRNA,Raspberry,2.0
7667,1916.75,mRNA,mKalama1,3.0
7668,1917.0,topo,topoI,0.25
7668,1917.0,topo,gyrase,0.25
7668,1917.0,RNAP,RNAP,1.0
7668,1917.0,mRNA,tetA,27.0
7668,1917.0,mRNA,Raspberry,2.0
7668,1917.0,mRNA,mKalama1,3.0
7669,1917.25,topo,topoI,0.25
7669,1917.25,topo,gyrase,0.25
7669,1917.25,RNAP,RNAP,1.0
7669,1917.25,mRNA,tetA,27.0
7669,1917.25,mRNA,Raspberry,2.0
7669,1917.25,mRNA,mKalama1,3.0
7670,1917.5,topo,topoI,0.25
7670,1917.5,topo,gyrase,0.25
7670,1917.5,RNAP,RNAP,1.0
7670,1917.5,mRNA,tetA,27.0
7670,1917.5,mRNA,Raspberry,2.0
7670,1917.5,mRNA,mKalama1,3.0
7671,1917.75,topo,topoI,0.25
7671,1917.75,topo,gyrase,0.25
7671,1917.75,RNAP,RNAP,1.0
7671,1917.75,mRNA,tetA,27.0
7671,1917.75,mRNA,Raspberry,2.0
7671,1917.75,mRNA,mKalama1,3.0
7672,1918.0,topo,topoI,0.25
7672,1918.0,topo,gyrase,0.25
7672,1918.0,RNAP,RNAP,1.0
7672,1918.0,mRNA,tetA,27.0
7672,1918.0,mRNA,Raspberry,2.0
7672,1918.0,mRNA,mKalama1,3.0
7673,1918.25,topo,topoI,0.25
7673,1918.25,topo,gyrase,0.25
7673,1918.25,RNAP,RNAP,1.0
7673,1918.25,mRNA,tetA,27.0
7673,1918.25,mRNA,Raspberry,2.0
7673,1918.25,mRNA,mKalama1,3.0
7674,1918.5,topo,topoI,0.25
7674,1918.5,topo,gyrase,0.25
7674,1918.5,RNAP,RNAP,1.0
7674,1918.5,mRNA,tetA,27.0
7674,1918.5,mRNA,Raspberry,2.0
7674,1918.5,mRNA,mKalama1,3.0
7675,1918.75,topo,topoI,0.25
7675,1918.75,topo,gyrase,0.25
7675,1918.75,RNAP,RNAP,1.0
7675,1918.75,mRNA,tetA,27.0
7675,1918.75,mRNA,Raspberry,2.0
7675,1918.75,mRNA,mKalama1,3.0
7676,1919.0,topo,topoI,0.25
7676,1919.0,topo,gyrase,0.25
7676,1919.0,RNAP,RNAP,1.0
7676,1919.0,mRNA,tetA,27.0
7676,1919.0,mRNA,Raspberry,2.0
7676,1919.0,mRNA,mKalama1,3.0
7677,1919.25,topo,topoI,0.25
7677,1919.25,topo,gyrase,0.25
7677,1919.25,RNAP,RNAP,1.0
7677,1919.25,mRNA,tetA,27.0
7677,1919.25,mRNA,Raspberry,2.0
7677,1919.25,mRNA,mKalama1,3.0
7678,1919.5,topo,topoI,0.25
7678,1919.5,topo,gyrase,0.25
7678,1919.5,RNAP,RNAP,1.0
7678,1919.5,mRNA,tetA,27.0
7678,1919.5,mRNA,Raspberry,2.0
7678,1919.5,mRNA,mKalama1,3.0
7679,1919.75,topo,topoI,0.25
7679,1919.75,topo,gyrase,0.25
7679,1919.75,RNAP,RNAP,1.0
7679,1919.75,mRNA,tetA,27.0
7679,1919.75,mRNA,Raspberry,2.0
7679,1919.75,mRNA,mKalama1,3.0
7680,1920.0,topo,topoI,0.25
7680,1920.0,topo,gyrase,0.25
7680,1920.0,RNAP,RNAP,1.0
7680,1920.0,mRNA,tetA,27.0
7680,1920.0,mRNA,Raspberry,2.0
7680,1920.0,mRNA,mKalama1,3.0
7681,1920.25,topo,topoI,0.25
7681,1920.25,topo,gyrase,0.25
7681,1920.25,RNAP,RNAP,1.0
7681,1920.25,mRNA,tetA,27.0
7681,1920.25,mRNA,Raspberry,2.0
7681,1920.25,mRNA,mKalama1,3.0
7682,1920.5,topo,topoI,0.25
7682,1920.5,topo,gyrase,0.25
7682,1920.5,RNAP,RNAP,1.0
7682,1920.5,mRNA,tetA,27.0
7682,1920.5,mRNA,Raspberry,2.0
7682,1920.5,mRNA,mKalama1,3.0
7683,1920.75,topo,topoI,0.25
7683,1920.75,topo,gyrase,0.25
7683,1920.75,RNAP,RNAP,1.0
7683,1920.75,mRNA,tetA,27.0
7683,1920.75,mRNA,Raspberry,2.0
7683,1920.75,mRNA,mKalama1,3.0
7684,1921.0,topo,topoI,0.25
7684,1921.0,topo,gyrase,0.25
7684,1921.0,RNAP,RNAP,1.0
7684,1921.0,mRNA,tetA,27.0
7684,1921.0,mRNA,Raspberry,2.0
7684,1921.0,mRNA,mKalama1,3.0
7685,1921.25,topo,topoI,0.25
7685,1921.25,topo,gyrase,0.25
7685,1921.25,RNAP,RNAP,1.0
7685,1921.25,mRNA,tetA,27.0
7685,1921.25,mRNA,Raspberry,2.0
7685,1921.25,mRNA,mKalama1,3.0
7686,1921.5,topo,topoI,0.25
7686,1921.5,topo,gyrase,0.25
7686,1921.5,RNAP,RNAP,1.0
7686,1921.5,mRNA,tetA,27.0
7686,1921.5,mRNA,Raspberry,2.0
7686,1921.5,mRNA,mKalama1,3.0
7687,1921.75,topo,topoI,0.25
7687,1921.75,topo,gyrase,0.25
7687,1921.75,RNAP,RNAP,1.0
7687,1921.75,mRNA,tetA,27.0
7687,1921.75,mRNA,Raspberry,2.0
7687,1921.75,mRNA,mKalama1,3.0
7688,1922.0,topo,topoI,0.25
7688,1922.0,topo,gyrase,0.25
7688,1922.0,RNAP,RNAP,1.0
7688,1922.0,mRNA,tetA,27.0
7688,1922.0,mRNA,Raspberry,2.0
7688,1922.0,mRNA,mKalama1,3.0
7689,1922.25,topo,topoI,0.25
7689,1922.25,topo,gyrase,0.25
7689,1922.25,RNAP,RNAP,1.0
7689,1922.25,mRNA,tetA,27.0
7689,1922.25,mRNA,Raspberry,2.0
7689,1922.25,mRNA,mKalama1,3.0
7690,1922.5,topo,topoI,0.25
7690,1922.5,topo,gyrase,0.25
7690,1922.5,RNAP,RNAP,1.0
7690,1922.5,mRNA,tetA,27.0
7690,1922.5,mRNA,Raspberry,2.0
7690,1922.5,mRNA,mKalama1,3.0
7691,1922.75,topo,topoI,0.25
7691,1922.75,topo,gyrase,0.25
7691,1922.75,RNAP,RNAP,1.0
7691,1922.75,mRNA,tetA,27.0
7691,1922.75,mRNA,Raspberry,2.0
7691,1922.75,mRNA,mKalama1,3.0
7692,1923.0,topo,topoI,0.25
7692,1923.0,topo,gyrase,0.25
7692,1923.0,RNAP,RNAP,1.0
7692,1923.0,mRNA,tetA,27.0
7692,1923.0,mRNA,Raspberry,2.0
7692,1923.0,mRNA,mKalama1,3.0
7693,1923.25,topo,topoI,0.25
7693,1923.25,topo,gyrase,0.25
7693,1923.25,RNAP,RNAP,1.0
7693,1923.25,mRNA,tetA,27.0
7693,1923.25,mRNA,Raspberry,2.0
7693,1923.25,mRNA,mKalama1,3.0
7694,1923.5,topo,topoI,0.25
7694,1923.5,topo,gyrase,0.25
7694,1923.5,RNAP,RNAP,1.0
7694,1923.5,mRNA,tetA,27.0
7694,1923.5,mRNA,Raspberry,2.0
7694,1923.5,mRNA,mKalama1,3.0
7695,1923.75,topo,topoI,0.25
7695,1923.75,topo,gyrase,0.25
7695,1923.75,RNAP,RNAP,1.0
7695,1923.75,mRNA,tetA,27.0
7695,1923.75,mRNA,Raspberry,2.0
7695,1923.75,mRNA,mKalama1,3.0
7696,1924.0,topo,topoI,0.25
7696,1924.0,topo,gyrase,0.25
7696,1924.0,RNAP,RNAP,1.0
7696,1924.0,mRNA,tetA,27.0
7696,1924.0,mRNA,Raspberry,2.0
7696,1924.0,mRNA,mKalama1,3.0
7697,1924.25,topo,topoI,0.25
7697,1924.25,topo,gyrase,0.25
7697,1924.25,RNAP,RNAP,1.0
7697,1924.25,mRNA,tetA,27.0
7697,1924.25,mRNA,Raspberry,2.0
7697,1924.25,mRNA,mKalama1,3.0
7698,1924.5,topo,topoI,0.25
7698,1924.5,topo,gyrase,0.25
7698,1924.5,RNAP,RNAP,1.0
7698,1924.5,mRNA,tetA,27.0
7698,1924.5,mRNA,Raspberry,2.0
7698,1924.5,mRNA,mKalama1,3.0
7699,1924.75,topo,topoI,0.25
7699,1924.75,topo,gyrase,0.25
7699,1924.75,RNAP,RNAP,1.0
7699,1924.75,mRNA,tetA,27.0
7699,1924.75,mRNA,Raspberry,2.0
7699,1924.75,mRNA,mKalama1,3.0
7700,1925.0,topo,topoI,0.25
7700,1925.0,topo,gyrase,0.25
7700,1925.0,RNAP,RNAP,1.0
7700,1925.0,mRNA,tetA,27.0
7700,1925.0,mRNA,Raspberry,2.0
7700,1925.0,mRNA,mKalama1,3.0
7701,1925.25,topo,topoI,0.25
7701,1925.25,topo,gyrase,0.25
7701,1925.25,RNAP,RNAP,1.0
7701,1925.25,mRNA,tetA,27.0
7701,1925.25,mRNA,Raspberry,2.0
7701,1925.25,mRNA,mKalama1,3.0
7702,1925.5,topo,topoI,0.25
7702,1925.5,topo,gyrase,0.25
7702,1925.5,RNAP,RNAP,1.0
7702,1925.5,mRNA,tetA,27.0
7702,1925.5,mRNA,Raspberry,2.0
7702,1925.5,mRNA,mKalama1,3.0
7703,1925.75,topo,topoI,0.25
7703,1925.75,topo,gyrase,0.25
7703,1925.75,RNAP,RNAP,1.0
7703,1925.75,mRNA,tetA,27.0
7703,1925.75,mRNA,Raspberry,2.0
7703,1925.75,mRNA,mKalama1,3.0
7704,1926.0,topo,topoI,0.25
7704,1926.0,topo,gyrase,0.25
7704,1926.0,RNAP,RNAP,1.0
7704,1926.0,mRNA,tetA,27.0
7704,1926.0,mRNA,Raspberry,2.0
7704,1926.0,mRNA,mKalama1,3.0
7705,1926.25,topo,topoI,0.25
7705,1926.25,topo,gyrase,0.25
7705,1926.25,RNAP,RNAP,1.0
7705,1926.25,mRNA,tetA,27.0
7705,1926.25,mRNA,Raspberry,2.0
7705,1926.25,mRNA,mKalama1,3.0
7706,1926.5,topo,topoI,0.25
7706,1926.5,topo,gyrase,0.25
7706,1926.5,RNAP,RNAP,1.0
7706,1926.5,mRNA,tetA,27.0
7706,1926.5,mRNA,Raspberry,2.0
7706,1926.5,mRNA,mKalama1,3.0
7707,1926.75,topo,topoI,0.25
7707,1926.75,topo,gyrase,0.25
7707,1926.75,RNAP,RNAP,1.0
7707,1926.75,mRNA,tetA,27.0
7707,1926.75,mRNA,Raspberry,2.0
7707,1926.75,mRNA,mKalama1,3.0
7708,1927.0,topo,topoI,0.25
7708,1927.0,topo,gyrase,0.25
7708,1927.0,RNAP,RNAP,1.0
7708,1927.0,mRNA,tetA,27.0
7708,1927.0,mRNA,Raspberry,2.0
7708,1927.0,mRNA,mKalama1,3.0
7709,1927.25,topo,topoI,0.25
7709,1927.25,topo,gyrase,0.25
7709,1927.25,RNAP,RNAP,1.0
7709,1927.25,mRNA,tetA,27.0
7709,1927.25,mRNA,Raspberry,2.0
7709,1927.25,mRNA,mKalama1,3.0
7710,1927.5,topo,topoI,0.25
7710,1927.5,topo,gyrase,0.25
7710,1927.5,RNAP,RNAP,1.0
7710,1927.5,mRNA,tetA,27.0
7710,1927.5,mRNA,Raspberry,2.0
7710,1927.5,mRNA,mKalama1,3.0
7711,1927.75,topo,topoI,0.25
7711,1927.75,topo,gyrase,0.25
7711,1927.75,RNAP,RNAP,1.0
7711,1927.75,mRNA,tetA,27.0
7711,1927.75,mRNA,Raspberry,2.0
7711,1927.75,mRNA,mKalama1,3.0
7712,1928.0,topo,topoI,0.25
7712,1928.0,topo,gyrase,0.25
7712,1928.0,RNAP,RNAP,1.0
7712,1928.0,mRNA,tetA,27.0
7712,1928.0,mRNA,Raspberry,2.0
7712,1928.0,mRNA,mKalama1,3.0
7713,1928.25,topo,topoI,0.25
7713,1928.25,topo,gyrase,0.25
7713,1928.25,RNAP,RNAP,1.0
7713,1928.25,mRNA,tetA,27.0
7713,1928.25,mRNA,Raspberry,2.0
7713,1928.25,mRNA,mKalama1,3.0
7714,1928.5,topo,topoI,0.25
7714,1928.5,topo,gyrase,0.25
7714,1928.5,RNAP,RNAP,1.0
7714,1928.5,mRNA,tetA,27.0
7714,1928.5,mRNA,Raspberry,2.0
7714,1928.5,mRNA,mKalama1,3.0
7715,1928.75,topo,topoI,0.25
7715,1928.75,topo,gyrase,0.25
7715,1928.75,RNAP,RNAP,1.0
7715,1928.75,mRNA,tetA,27.0
7715,1928.75,mRNA,Raspberry,2.0
7715,1928.75,mRNA,mKalama1,3.0
7716,1929.0,topo,topoI,0.25
7716,1929.0,topo,gyrase,0.25
7716,1929.0,RNAP,RNAP,1.0
7716,1929.0,mRNA,tetA,27.0
7716,1929.0,mRNA,Raspberry,2.0
7716,1929.0,mRNA,mKalama1,3.0
7717,1929.25,topo,topoI,0.25
7717,1929.25,topo,gyrase,0.25
7717,1929.25,RNAP,RNAP,1.0
7717,1929.25,mRNA,tetA,27.0
7717,1929.25,mRNA,Raspberry,2.0
7717,1929.25,mRNA,mKalama1,3.0
7718,1929.5,topo,topoI,0.25
7718,1929.5,topo,gyrase,0.25
7718,1929.5,RNAP,RNAP,1.0
7718,1929.5,mRNA,tetA,27.0
7718,1929.5,mRNA,Raspberry,2.0
7718,1929.5,mRNA,mKalama1,3.0
7719,1929.75,topo,topoI,0.25
7719,1929.75,topo,gyrase,0.25
7719,1929.75,RNAP,RNAP,1.0
7719,1929.75,mRNA,tetA,27.0
7719,1929.75,mRNA,Raspberry,2.0
7719,1929.75,mRNA,mKalama1,3.0
7720,1930.0,topo,topoI,0.25
7720,1930.0,topo,gyrase,0.25
7720,1930.0,RNAP,RNAP,1.0
7720,1930.0,mRNA,tetA,27.0
7720,1930.0,mRNA,Raspberry,2.0
7720,1930.0,mRNA,mKalama1,3.0
7721,1930.25,topo,topoI,0.25
7721,1930.25,topo,gyrase,0.25
7721,1930.25,RNAP,RNAP,1.0
7721,1930.25,mRNA,tetA,27.0
7721,1930.25,mRNA,Raspberry,2.0
7721,1930.25,mRNA,mKalama1,3.0
7722,1930.5,topo,topoI,0.25
7722,1930.5,topo,gyrase,0.25
7722,1930.5,RNAP,RNAP,1.0
7722,1930.5,mRNA,tetA,27.0
7722,1930.5,mRNA,Raspberry,2.0
7722,1930.5,mRNA,mKalama1,3.0
7723,1930.75,topo,topoI,0.25
7723,1930.75,topo,gyrase,0.25
7723,1930.75,RNAP,RNAP,1.0
7723,1930.75,mRNA,tetA,27.0
7723,1930.75,mRNA,Raspberry,2.0
7723,1930.75,mRNA,mKalama1,3.0
7724,1931.0,topo,topoI,0.25
7724,1931.0,topo,gyrase,0.25
7724,1931.0,RNAP,RNAP,1.0
7724,1931.0,mRNA,tetA,27.0
7724,1931.0,mRNA,Raspberry,2.0
7724,1931.0,mRNA,mKalama1,3.0
7725,1931.25,topo,topoI,0.25
7725,1931.25,topo,gyrase,0.25
7725,1931.25,RNAP,RNAP,1.0
7725,1931.25,mRNA,tetA,27.0
7725,1931.25,mRNA,Raspberry,2.0
7725,1931.25,mRNA,mKalama1,3.0
7726,1931.5,topo,topoI,0.25
7726,1931.5,topo,gyrase,0.25
7726,1931.5,RNAP,RNAP,1.0
7726,1931.5,mRNA,tetA,27.0
7726,1931.5,mRNA,Raspberry,2.0
7726,1931.5,mRNA,mKalama1,3.0
7727,1931.75,topo,topoI,0.25
7727,1931.75,topo,gyrase,0.25
7727,1931.75,RNAP,RNAP,1.0
7727,1931.75,mRNA,tetA,27.0
7727,1931.75,mRNA,Raspberry,2.0
7727,1931.75,mRNA,mKalama1,3.0
7728,1932.0,topo,topoI,0.25
7728,1932.0,topo,gyrase,0.25
7728,1932.0,RNAP,RNAP,1.0
7728,1932.0,mRNA,tetA,27.0
7728,1932.0,mRNA,Raspberry,2.0
7728,1932.0,mRNA,mKalama1,3.0
7729,1932.25,topo,topoI,0.25
7729,1932.25,topo,gyrase,0.25
7729,1932.25,RNAP,RNAP,1.0
7729,1932.25,mRNA,tetA,27.0
7729,1932.25,mRNA,Raspberry,2.0
7729,1932.25,mRNA,mKalama1,3.0
7730,1932.5,topo,topoI,0.25
7730,1932.5,topo,gyrase,0.25
7730,1932.5,RNAP,RNAP,1.0
7730,1932.5,mRNA,tetA,27.0
7730,1932.5,mRNA,Raspberry,2.0
7730,1932.5,mRNA,mKalama1,3.0
7731,1932.75,topo,topoI,0.25
7731,1932.75,topo,gyrase,0.25
7731,1932.75,RNAP,RNAP,1.0
7731,1932.75,mRNA,tetA,27.0
7731,1932.75,mRNA,Raspberry,2.0
7731,1932.75,mRNA,mKalama1,3.0
7732,1933.0,topo,topoI,0.25
7732,1933.0,topo,gyrase,0.25
7732,1933.0,RNAP,RNAP,1.0
7732,1933.0,mRNA,tetA,27.0
7732,1933.0,mRNA,Raspberry,2.0
7732,1933.0,mRNA,mKalama1,3.0
7733,1933.25,topo,topoI,0.25
7733,1933.25,topo,gyrase,0.25
7733,1933.25,RNAP,RNAP,1.0
7733,1933.25,mRNA,tetA,27.0
7733,1933.25,mRNA,Raspberry,2.0
7733,1933.25,mRNA,mKalama1,3.0
7734,1933.5,topo,topoI,0.25
7734,1933.5,topo,gyrase,0.25
7734,1933.5,RNAP,RNAP,1.0
7734,1933.5,mRNA,tetA,27.0
7734,1933.5,mRNA,Raspberry,2.0
7734,1933.5,mRNA,mKalama1,3.0
7735,1933.75,topo,topoI,0.25
7735,1933.75,topo,gyrase,0.25
7735,1933.75,RNAP,RNAP,1.0
7735,1933.75,mRNA,tetA,27.0
7735,1933.75,mRNA,Raspberry,2.0
7735,1933.75,mRNA,mKalama1,3.0
7736,1934.0,topo,topoI,0.25
7736,1934.0,topo,gyrase,0.25
7736,1934.0,RNAP,RNAP,1.0
7736,1934.0,mRNA,tetA,27.0
7736,1934.0,mRNA,Raspberry,2.0
7736,1934.0,mRNA,mKalama1,3.0
7737,1934.25,topo,topoI,0.25
7737,1934.25,topo,gyrase,0.25
7737,1934.25,RNAP,RNAP,1.0
7737,1934.25,mRNA,tetA,27.0
7737,1934.25,mRNA,Raspberry,2.0
7737,1934.25,mRNA,mKalama1,3.0
7738,1934.5,topo,topoI,0.25
7738,1934.5,topo,gyrase,0.25
7738,1934.5,RNAP,RNAP,1.0
7738,1934.5,mRNA,tetA,27.0
7738,1934.5,mRNA,Raspberry,2.0
7738,1934.5,mRNA,mKalama1,3.0
7739,1934.75,topo,topoI,0.25
7739,1934.75,topo,gyrase,0.25
7739,1934.75,RNAP,RNAP,1.0
7739,1934.75,mRNA,tetA,27.0
7739,1934.75,mRNA,Raspberry,2.0
7739,1934.75,mRNA,mKalama1,3.0
7740,1935.0,topo,topoI,0.25
7740,1935.0,topo,gyrase,0.25
7740,1935.0,RNAP,RNAP,1.0
7740,1935.0,mRNA,tetA,27.0
7740,1935.0,mRNA,Raspberry,2.0
7740,1935.0,mRNA,mKalama1,3.0
7741,1935.25,topo,topoI,0.25
7741,1935.25,topo,gyrase,0.25
7741,1935.25,RNAP,RNAP,1.0
7741,1935.25,mRNA,tetA,27.0
7741,1935.25,mRNA,Raspberry,2.0
7741,1935.25,mRNA,mKalama1,3.0
7742,1935.5,topo,topoI,0.25
7742,1935.5,topo,gyrase,0.25
7742,1935.5,RNAP,RNAP,1.0
7742,1935.5,mRNA,tetA,27.0
7742,1935.5,mRNA,Raspberry,2.0
7742,1935.5,mRNA,mKalama1,3.0
7743,1935.75,topo,topoI,0.25
7743,1935.75,topo,gyrase,0.25
7743,1935.75,RNAP,RNAP,1.0
7743,1935.75,mRNA,tetA,27.0
7743,1935.75,mRNA,Raspberry,2.0
7743,1935.75,mRNA,mKalama1,3.0
7744,1936.0,topo,topoI,0.25
7744,1936.0,topo,gyrase,0.25
7744,1936.0,RNAP,RNAP,1.0
7744,1936.0,mRNA,tetA,27.0
7744,1936.0,mRNA,Raspberry,2.0
7744,1936.0,mRNA,mKalama1,3.0
7745,1936.25,topo,topoI,0.25
7745,1936.25,topo,gyrase,0.25
7745,1936.25,RNAP,RNAP,1.0
7745,1936.25,mRNA,tetA,27.0
7745,1936.25,mRNA,Raspberry,2.0
7745,1936.25,mRNA,mKalama1,3.0
7746,1936.5,topo,topoI,0.25
7746,1936.5,topo,gyrase,0.25
7746,1936.5,RNAP,RNAP,1.0
7746,1936.5,mRNA,tetA,27.0
7746,1936.5,mRNA,Raspberry,2.0
7746,1936.5,mRNA,mKalama1,3.0
7747,1936.75,topo,topoI,0.25
7747,1936.75,topo,gyrase,0.25
7747,1936.75,RNAP,RNAP,1.0
7747,1936.75,mRNA,tetA,27.0
7747,1936.75,mRNA,Raspberry,2.0
7747,1936.75,mRNA,mKalama1,3.0
7748,1937.0,topo,topoI,0.25
7748,1937.0,topo,gyrase,0.25
7748,1937.0,RNAP,RNAP,1.0
7748,1937.0,mRNA,tetA,27.0
7748,1937.0,mRNA,Raspberry,2.0
7748,1937.0,mRNA,mKalama1,3.0
7749,1937.25,topo,topoI,0.25
7749,1937.25,topo,gyrase,0.25
7749,1937.25,RNAP,RNAP,1.0
7749,1937.25,mRNA,tetA,27.0
7749,1937.25,mRNA,Raspberry,2.0
7749,1937.25,mRNA,mKalama1,3.0
7750,1937.5,topo,topoI,0.25
7750,1937.5,topo,gyrase,0.25
7750,1937.5,RNAP,RNAP,1.0
7750,1937.5,mRNA,tetA,27.0
7750,1937.5,mRNA,Raspberry,2.0
7750,1937.5,mRNA,mKalama1,3.0
7751,1937.75,topo,topoI,0.25
7751,1937.75,topo,gyrase,0.25
7751,1937.75,RNAP,RNAP,1.0
7751,1937.75,mRNA,tetA,27.0
7751,1937.75,mRNA,Raspberry,2.0
7751,1937.75,mRNA,mKalama1,3.0
7752,1938.0,topo,topoI,0.25
7752,1938.0,topo,gyrase,0.25
7752,1938.0,RNAP,RNAP,1.0
7752,1938.0,mRNA,tetA,27.0
7752,1938.0,mRNA,Raspberry,2.0
7752,1938.0,mRNA,mKalama1,3.0
7753,1938.25,topo,topoI,0.25
7753,1938.25,topo,gyrase,0.25
7753,1938.25,RNAP,RNAP,1.0
7753,1938.25,mRNA,tetA,27.0
7753,1938.25,mRNA,Raspberry,2.0
7753,1938.25,mRNA,mKalama1,3.0
7754,1938.5,topo,topoI,0.25
7754,1938.5,topo,gyrase,0.25
7754,1938.5,RNAP,RNAP,1.0
7754,1938.5,mRNA,tetA,27.0
7754,1938.5,mRNA,Raspberry,2.0
7754,1938.5,mRNA,mKalama1,3.0
7755,1938.75,topo,topoI,0.25
7755,1938.75,topo,gyrase,0.25
7755,1938.75,RNAP,RNAP,1.0
7755,1938.75,mRNA,tetA,27.0
7755,1938.75,mRNA,Raspberry,2.0
7755,1938.75,mRNA,mKalama1,3.0
7756,1939.0,topo,topoI,0.25
7756,1939.0,topo,gyrase,0.25
7756,1939.0,RNAP,RNAP,1.0
7756,1939.0,mRNA,tetA,27.0
7756,1939.0,mRNA,Raspberry,2.0
7756,1939.0,mRNA,mKalama1,3.0
7757,1939.25,topo,topoI,0.25
7757,1939.25,topo,gyrase,0.25
7757,1939.25,RNAP,RNAP,1.0
7757,1939.25,mRNA,tetA,27.0
7757,1939.25,mRNA,Raspberry,2.0
7757,1939.25,mRNA,mKalama1,3.0
7758,1939.5,topo,topoI,0.25
7758,1939.5,topo,gyrase,0.25
7758,1939.5,RNAP,RNAP,1.0
7758,1939.5,mRNA,tetA,27.0
7758,1939.5,mRNA,Raspberry,2.0
7758,1939.5,mRNA,mKalama1,3.0
7759,1939.75,topo,topoI,0.25
7759,1939.75,topo,gyrase,0.25
7759,1939.75,RNAP,RNAP,1.0
7759,1939.75,mRNA,tetA,27.0
7759,1939.75,mRNA,Raspberry,2.0
7759,1939.75,mRNA,mKalama1,3.0
7760,1940.0,topo,topoI,0.25
7760,1940.0,topo,gyrase,0.25
7760,1940.0,RNAP,RNAP,1.0
7760,1940.0,mRNA,tetA,27.0
7760,1940.0,mRNA,Raspberry,2.0
7760,1940.0,mRNA,mKalama1,3.0
7761,1940.25,topo,topoI,0.25
7761,1940.25,topo,gyrase,0.25
7761,1940.25,RNAP,RNAP,1.0
7761,1940.25,mRNA,tetA,27.0
7761,1940.25,mRNA,Raspberry,2.0
7761,1940.25,mRNA,mKalama1,3.0
7762,1940.5,topo,topoI,0.25
7762,1940.5,topo,gyrase,0.25
7762,1940.5,RNAP,RNAP,1.0
7762,1940.5,mRNA,tetA,27.0
7762,1940.5,mRNA,Raspberry,2.0
7762,1940.5,mRNA,mKalama1,3.0
7763,1940.75,topo,topoI,0.25
7763,1940.75,topo,gyrase,0.25
7763,1940.75,RNAP,RNAP,1.0
7763,1940.75,mRNA,tetA,27.0
7763,1940.75,mRNA,Raspberry,2.0
7763,1940.75,mRNA,mKalama1,3.0
7764,1941.0,topo,topoI,0.25
7764,1941.0,topo,gyrase,0.25
7764,1941.0,RNAP,RNAP,1.0
7764,1941.0,mRNA,tetA,27.0
7764,1941.0,mRNA,Raspberry,2.0
7764,1941.0,mRNA,mKalama1,3.0
7765,1941.25,topo,topoI,0.25
7765,1941.25,topo,gyrase,0.25
7765,1941.25,RNAP,RNAP,1.0
7765,1941.25,mRNA,tetA,27.0
7765,1941.25,mRNA,Raspberry,2.0
7765,1941.25,mRNA,mKalama1,3.0
7766,1941.5,topo,topoI,0.25
7766,1941.5,topo,gyrase,0.25
7766,1941.5,RNAP,RNAP,1.0
7766,1941.5,mRNA,tetA,27.0
7766,1941.5,mRNA,Raspberry,2.0
7766,1941.5,mRNA,mKalama1,3.0
7767,1941.75,topo,topoI,0.25
7767,1941.75,topo,gyrase,0.25
7767,1941.75,RNAP,RNAP,1.0
7767,1941.75,mRNA,tetA,27.0
7767,1941.75,mRNA,Raspberry,2.0
7767,1941.75,mRNA,mKalama1,3.0
7768,1942.0,topo,topoI,0.25
7768,1942.0,topo,gyrase,0.25
7768,1942.0,RNAP,RNAP,1.0
7768,1942.0,mRNA,tetA,27.0
7768,1942.0,mRNA,Raspberry,2.0
7768,1942.0,mRNA,mKalama1,3.0
7769,1942.25,topo,topoI,0.25
7769,1942.25,topo,gyrase,0.25
7769,1942.25,RNAP,RNAP,1.0
7769,1942.25,mRNA,tetA,27.0
7769,1942.25,mRNA,Raspberry,2.0
7769,1942.25,mRNA,mKalama1,3.0
7770,1942.5,topo,topoI,0.25
7770,1942.5,topo,gyrase,0.25
7770,1942.5,RNAP,RNAP,1.0
7770,1942.5,mRNA,tetA,27.0
7770,1942.5,mRNA,Raspberry,2.0
7770,1942.5,mRNA,mKalama1,3.0
7771,1942.75,topo,topoI,0.25
7771,1942.75,topo,gyrase,0.25
7771,1942.75,RNAP,RNAP,1.0
7771,1942.75,mRNA,tetA,27.0
7771,1942.75,mRNA,Raspberry,2.0
7771,1942.75,mRNA,mKalama1,3.0
7772,1943.0,topo,topoI,0.25
7772,1943.0,topo,gyrase,0.25
7772,1943.0,RNAP,RNAP,1.0
7772,1943.0,mRNA,tetA,27.0
7772,1943.0,mRNA,Raspberry,2.0
7772,1943.0,mRNA,mKalama1,3.0
7773,1943.25,topo,topoI,0.25
7773,1943.25,topo,gyrase,0.25
7773,1943.25,RNAP,RNAP,1.0
7773,1943.25,mRNA,tetA,27.0
7773,1943.25,mRNA,Raspberry,2.0
7773,1943.25,mRNA,mKalama1,3.0
7774,1943.5,topo,topoI,0.25
7774,1943.5,topo,gyrase,0.25
7774,1943.5,RNAP,RNAP,1.0
7774,1943.5,mRNA,tetA,27.0
7774,1943.5,mRNA,Raspberry,2.0
7774,1943.5,mRNA,mKalama1,3.0
7775,1943.75,topo,topoI,0.25
7775,1943.75,topo,gyrase,0.25
7775,1943.75,RNAP,RNAP,1.0
7775,1943.75,mRNA,tetA,27.0
7775,1943.75,mRNA,Raspberry,2.0
7775,1943.75,mRNA,mKalama1,3.0
7776,1944.0,topo,topoI,0.25
7776,1944.0,topo,gyrase,0.25
7776,1944.0,RNAP,RNAP,1.0
7776,1944.0,mRNA,tetA,27.0
7776,1944.0,mRNA,Raspberry,2.0
7776,1944.0,mRNA,mKalama1,3.0
7777,1944.25,topo,topoI,0.25
7777,1944.25,topo,gyrase,0.25
7777,1944.25,RNAP,RNAP,1.0
7777,1944.25,mRNA,tetA,27.0
7777,1944.25,mRNA,Raspberry,2.0
7777,1944.25,mRNA,mKalama1,3.0
7778,1944.5,topo,topoI,0.25
7778,1944.5,topo,gyrase,0.25
7778,1944.5,RNAP,RNAP,1.0
7778,1944.5,mRNA,tetA,27.0
7778,1944.5,mRNA,Raspberry,2.0
7778,1944.5,mRNA,mKalama1,3.0
7779,1944.75,topo,topoI,0.25
7779,1944.75,topo,gyrase,0.25
7779,1944.75,RNAP,RNAP,1.0
7779,1944.75,mRNA,tetA,27.0
7779,1944.75,mRNA,Raspberry,2.0
7779,1944.75,mRNA,mKalama1,3.0
7780,1945.0,topo,topoI,0.25
7780,1945.0,topo,gyrase,0.25
7780,1945.0,RNAP,RNAP,1.0
7780,1945.0,mRNA,tetA,27.0
7780,1945.0,mRNA,Raspberry,2.0
7780,1945.0,mRNA,mKalama1,3.0
7781,1945.25,topo,topoI,0.25
7781,1945.25,topo,gyrase,0.25
7781,1945.25,RNAP,RNAP,1.0
7781,1945.25,mRNA,tetA,27.0
7781,1945.25,mRNA,Raspberry,2.0
7781,1945.25,mRNA,mKalama1,3.0
7782,1945.5,topo,topoI,0.25
7782,1945.5,topo,gyrase,0.25
7782,1945.5,RNAP,RNAP,1.0
7782,1945.5,mRNA,tetA,27.0
7782,1945.5,mRNA,Raspberry,2.0
7782,1945.5,mRNA,mKalama1,3.0
7783,1945.75,topo,topoI,0.25
7783,1945.75,topo,gyrase,0.25
7783,1945.75,RNAP,RNAP,1.0
7783,1945.75,mRNA,tetA,27.0
7783,1945.75,mRNA,Raspberry,2.0
7783,1945.75,mRNA,mKalama1,3.0
7784,1946.0,topo,topoI,0.25
7784,1946.0,topo,gyrase,0.25
7784,1946.0,RNAP,RNAP,1.0
7784,1946.0,mRNA,tetA,27.0
7784,1946.0,mRNA,Raspberry,2.0
7784,1946.0,mRNA,mKalama1,3.0
7785,1946.25,topo,topoI,0.25
7785,1946.25,topo,gyrase,0.25
7785,1946.25,RNAP,RNAP,1.0
7785,1946.25,mRNA,tetA,27.0
7785,1946.25,mRNA,Raspberry,2.0
7785,1946.25,mRNA,mKalama1,3.0
7786,1946.5,topo,topoI,0.25
7786,1946.5,topo,gyrase,0.25
7786,1946.5,RNAP,RNAP,1.0
7786,1946.5,mRNA,tetA,27.0
7786,1946.5,mRNA,Raspberry,2.0
7786,1946.5,mRNA,mKalama1,3.0
7787,1946.75,topo,topoI,0.25
7787,1946.75,topo,gyrase,0.25
7787,1946.75,RNAP,RNAP,1.0
7787,1946.75,mRNA,tetA,27.0
7787,1946.75,mRNA,Raspberry,2.0
7787,1946.75,mRNA,mKalama1,3.0
7788,1947.0,topo,topoI,0.25
7788,1947.0,topo,gyrase,0.25
7788,1947.0,RNAP,RNAP,1.0
7788,1947.0,mRNA,tetA,27.0
7788,1947.0,mRNA,Raspberry,2.0
7788,1947.0,mRNA,mKalama1,3.0
7789,1947.25,topo,topoI,0.25
7789,1947.25,topo,gyrase,0.25
7789,1947.25,RNAP,RNAP,1.0
7789,1947.25,mRNA,tetA,27.0
7789,1947.25,mRNA,Raspberry,2.0
7789,1947.25,mRNA,mKalama1,3.0
7790,1947.5,topo,topoI,0.25
7790,1947.5,topo,gyrase,0.25
7790,1947.5,RNAP,RNAP,1.0
7790,1947.5,mRNA,tetA,27.0
7790,1947.5,mRNA,Raspberry,2.0
7790,1947.5,mRNA,mKalama1,3.0
7791,1947.75,topo,topoI,0.25
7791,1947.75,topo,gyrase,0.25
7791,1947.75,RNAP,RNAP,1.0
7791,1947.75,mRNA,tetA,27.0
7791,1947.75,mRNA,Raspberry,2.0
7791,1947.75,mRNA,mKalama1,3.0
7792,1948.0,topo,topoI,0.25
7792,1948.0,topo,gyrase,0.25
7792,1948.0,RNAP,RNAP,1.0
7792,1948.0,mRNA,tetA,27.0
7792,1948.0,mRNA,Raspberry,2.0
7792,1948.0,mRNA,mKalama1,3.0
7793,1948.25,topo,topoI,0.25
7793,1948.25,topo,gyrase,0.25
7793,1948.25,RNAP,RNAP,1.0
7793,1948.25,mRNA,tetA,27.0
7793,1948.25,mRNA,Raspberry,2.0
7793,1948.25,mRNA,mKalama1,3.0
7794,1948.5,topo,topoI,0.25
7794,1948.5,topo,gyrase,0.25
7794,1948.5,RNAP,RNAP,1.0
7794,1948.5,mRNA,tetA,27.0
7794,1948.5,mRNA,Raspberry,2.0
7794,1948.5,mRNA,mKalama1,3.0
7795,1948.75,topo,topoI,0.25
7795,1948.75,topo,gyrase,0.25
7795,1948.75,RNAP,RNAP,1.0
7795,1948.75,mRNA,tetA,27.0
7795,1948.75,mRNA,Raspberry,2.0
7795,1948.75,mRNA,mKalama1,3.0
7796,1949.0,topo,topoI,0.25
7796,1949.0,topo,gyrase,0.25
7796,1949.0,RNAP,RNAP,1.0
7796,1949.0,mRNA,tetA,27.0
7796,1949.0,mRNA,Raspberry,2.0
7796,1949.0,mRNA,mKalama1,3.0
7797,1949.25,topo,topoI,0.25
7797,1949.25,topo,gyrase,0.25
7797,1949.25,RNAP,RNAP,1.0
7797,1949.25,mRNA,tetA,27.0
7797,1949.25,mRNA,Raspberry,2.0
7797,1949.25,mRNA,mKalama1,3.0
7798,1949.5,topo,topoI,0.25
7798,1949.5,topo,gyrase,0.25
7798,1949.5,RNAP,RNAP,1.0
7798,1949.5,mRNA,tetA,27.0
7798,1949.5,mRNA,Raspberry,2.0
7798,1949.5,mRNA,mKalama1,3.0
7799,1949.75,topo,topoI,0.25
7799,1949.75,topo,gyrase,0.25
7799,1949.75,RNAP,RNAP,1.0
7799,1949.75,mRNA,tetA,27.0
7799,1949.75,mRNA,Raspberry,2.0
7799,1949.75,mRNA,mKalama1,3.0
7800,1950.0,topo,topoI,0.25
7800,1950.0,topo,gyrase,0.25
7800,1950.0,RNAP,RNAP,1.0
7800,1950.0,mRNA,tetA,27.0
7800,1950.0,mRNA,Raspberry,2.0
7800,1950.0,mRNA,mKalama1,3.0
7801,1950.25,topo,topoI,0.25
7801,1950.25,topo,gyrase,0.25
7801,1950.25,RNAP,RNAP,1.0
7801,1950.25,mRNA,tetA,27.0
7801,1950.25,mRNA,Raspberry,2.0
7801,1950.25,mRNA,mKalama1,3.0
7802,1950.5,topo,topoI,0.25
7802,1950.5,topo,gyrase,0.25
7802,1950.5,RNAP,RNAP,1.0
7802,1950.5,mRNA,tetA,27.0
7802,1950.5,mRNA,Raspberry,2.0
7802,1950.5,mRNA,mKalama1,3.0
7803,1950.75,topo,topoI,0.25
7803,1950.75,topo,gyrase,0.25
7803,1950.75,RNAP,RNAP,1.0
7803,1950.75,mRNA,tetA,27.0
7803,1950.75,mRNA,Raspberry,2.0
7803,1950.75,mRNA,mKalama1,3.0
7804,1951.0,topo,topoI,0.25
7804,1951.0,topo,gyrase,0.25
7804,1951.0,RNAP,RNAP,1.0
7804,1951.0,mRNA,tetA,27.0
7804,1951.0,mRNA,Raspberry,2.0
7804,1951.0,mRNA,mKalama1,3.0
7805,1951.25,topo,topoI,0.25
7805,1951.25,topo,gyrase,0.25
7805,1951.25,RNAP,RNAP,1.0
7805,1951.25,mRNA,tetA,27.0
7805,1951.25,mRNA,Raspberry,2.0
7805,1951.25,mRNA,mKalama1,3.0
7806,1951.5,topo,topoI,0.25
7806,1951.5,topo,gyrase,0.25
7806,1951.5,RNAP,RNAP,1.0
7806,1951.5,mRNA,tetA,27.0
7806,1951.5,mRNA,Raspberry,2.0
7806,1951.5,mRNA,mKalama1,3.0
7807,1951.75,topo,topoI,0.25
7807,1951.75,topo,gyrase,0.25
7807,1951.75,RNAP,RNAP,1.0
7807,1951.75,mRNA,tetA,27.0
7807,1951.75,mRNA,Raspberry,2.0
7807,1951.75,mRNA,mKalama1,3.0
7808,1952.0,topo,topoI,0.25
7808,1952.0,topo,gyrase,0.25
7808,1952.0,RNAP,RNAP,1.0
7808,1952.0,mRNA,tetA,27.0
7808,1952.0,mRNA,Raspberry,2.0
7808,1952.0,mRNA,mKalama1,3.0
7809,1952.25,topo,topoI,0.25
7809,1952.25,topo,gyrase,0.25
7809,1952.25,RNAP,RNAP,1.0
7809,1952.25,mRNA,tetA,27.0
7809,1952.25,mRNA,Raspberry,2.0
7809,1952.25,mRNA,mKalama1,3.0
7810,1952.5,topo,topoI,0.25
7810,1952.5,topo,gyrase,0.25
7810,1952.5,RNAP,RNAP,1.0
7810,1952.5,mRNA,tetA,27.0
7810,1952.5,mRNA,Raspberry,2.0
7810,1952.5,mRNA,mKalama1,3.0
7811,1952.75,topo,topoI,0.25
7811,1952.75,topo,gyrase,0.25
7811,1952.75,RNAP,RNAP,1.0
7811,1952.75,mRNA,tetA,27.0
7811,1952.75,mRNA,Raspberry,2.0
7811,1952.75,mRNA,mKalama1,3.0
7812,1953.0,topo,topoI,0.25
7812,1953.0,topo,gyrase,0.25
7812,1953.0,RNAP,RNAP,1.0
7812,1953.0,mRNA,tetA,27.0
7812,1953.0,mRNA,Raspberry,2.0
7812,1953.0,mRNA,mKalama1,3.0
7813,1953.25,topo,topoI,0.25
7813,1953.25,topo,gyrase,0.25
7813,1953.25,RNAP,RNAP,1.0
7813,1953.25,mRNA,tetA,27.0
7813,1953.25,mRNA,Raspberry,2.0
7813,1953.25,mRNA,mKalama1,3.0
7814,1953.5,topo,topoI,0.25
7814,1953.5,topo,gyrase,0.25
7814,1953.5,RNAP,RNAP,1.0
7814,1953.5,mRNA,tetA,27.0
7814,1953.5,mRNA,Raspberry,2.0
7814,1953.5,mRNA,mKalama1,3.0
7815,1953.75,topo,topoI,0.25
7815,1953.75,topo,gyrase,0.25
7815,1953.75,RNAP,RNAP,1.0
7815,1953.75,mRNA,tetA,27.0
7815,1953.75,mRNA,Raspberry,2.0
7815,1953.75,mRNA,mKalama1,3.0
7816,1954.0,topo,topoI,0.25
7816,1954.0,topo,gyrase,0.25
7816,1954.0,RNAP,RNAP,1.0
7816,1954.0,mRNA,tetA,27.0
7816,1954.0,mRNA,Raspberry,2.0
7816,1954.0,mRNA,mKalama1,3.0
7817,1954.25,topo,topoI,0.25
7817,1954.25,topo,gyrase,0.25
7817,1954.25,RNAP,RNAP,1.0
7817,1954.25,mRNA,tetA,27.0
7817,1954.25,mRNA,Raspberry,2.0
7817,1954.25,mRNA,mKalama1,3.0
7818,1954.5,topo,topoI,0.25
7818,1954.5,topo,gyrase,0.25
7818,1954.5,RNAP,RNAP,1.0
7818,1954.5,mRNA,tetA,27.0
7818,1954.5,mRNA,Raspberry,2.0
7818,1954.5,mRNA,mKalama1,3.0
7819,1954.75,topo,topoI,0.25
7819,1954.75,topo,gyrase,0.25
7819,1954.75,RNAP,RNAP,1.0
7819,1954.75,mRNA,tetA,27.0
7819,1954.75,mRNA,Raspberry,2.0
7819,1954.75,mRNA,mKalama1,3.0
7820,1955.0,topo,topoI,0.25
7820,1955.0,topo,gyrase,0.25
7820,1955.0,RNAP,RNAP,1.0
7820,1955.0,mRNA,tetA,27.0
7820,1955.0,mRNA,Raspberry,2.0
7820,1955.0,mRNA,mKalama1,3.0
7821,1955.25,topo,topoI,0.25
7821,1955.25,topo,gyrase,0.25
7821,1955.25,RNAP,RNAP,1.0
7821,1955.25,mRNA,tetA,27.0
7821,1955.25,mRNA,Raspberry,2.0
7821,1955.25,mRNA,mKalama1,3.0
7822,1955.5,topo,topoI,0.25
7822,1955.5,topo,gyrase,0.25
7822,1955.5,RNAP,RNAP,1.0
7822,1955.5,mRNA,tetA,27.0
7822,1955.5,mRNA,Raspberry,2.0
7822,1955.5,mRNA,mKalama1,3.0
7823,1955.75,topo,topoI,0.25
7823,1955.75,topo,gyrase,0.25
7823,1955.75,RNAP,RNAP,1.0
7823,1955.75,mRNA,tetA,28.0
7823,1955.75,mRNA,Raspberry,2.0
7823,1955.75,mRNA,mKalama1,3.0
7824,1956.0,topo,topoI,0.25
7824,1956.0,topo,gyrase,0.25
7824,1956.0,RNAP,RNAP,1.0
7824,1956.0,mRNA,tetA,28.0
7824,1956.0,mRNA,Raspberry,2.0
7824,1956.0,mRNA,mKalama1,3.0
7825,1956.25,topo,topoI,0.25
7825,1956.25,topo,gyrase,0.25
7825,1956.25,RNAP,RNAP,1.0
7825,1956.25,mRNA,tetA,28.0
7825,1956.25,mRNA,Raspberry,2.0
7825,1956.25,mRNA,mKalama1,3.0
7826,1956.5,topo,topoI,0.25
7826,1956.5,topo,gyrase,0.25
7826,1956.5,RNAP,RNAP,1.0
7826,1956.5,mRNA,tetA,28.0
7826,1956.5,mRNA,Raspberry,2.0
7826,1956.5,mRNA,mKalama1,3.0
7827,1956.75,topo,topoI,0.25
7827,1956.75,topo,gyrase,0.25
7827,1956.75,RNAP,RNAP,1.0
7827,1956.75,mRNA,tetA,28.0
7827,1956.75,mRNA,Raspberry,2.0
7827,1956.75,mRNA,mKalama1,3.0
7828,1957.0,topo,topoI,0.25
7828,1957.0,topo,gyrase,0.25
7828,1957.0,RNAP,RNAP,1.0
7828,1957.0,mRNA,tetA,28.0
7828,1957.0,mRNA,Raspberry,2.0
7828,1957.0,mRNA,mKalama1,3.0
7829,1957.25,topo,topoI,0.25
7829,1957.25,topo,gyrase,0.25
7829,1957.25,RNAP,RNAP,1.0
7829,1957.25,mRNA,tetA,28.0
7829,1957.25,mRNA,Raspberry,2.0
7829,1957.25,mRNA,mKalama1,3.0
7830,1957.5,topo,topoI,0.25
7830,1957.5,topo,gyrase,0.25
7830,1957.5,RNAP,RNAP,1.0
7830,1957.5,mRNA,tetA,28.0
7830,1957.5,mRNA,Raspberry,2.0
7830,1957.5,mRNA,mKalama1,3.0
7831,1957.75,topo,topoI,0.25
7831,1957.75,topo,gyrase,0.25
7831,1957.75,RNAP,RNAP,1.0
7831,1957.75,mRNA,tetA,28.0
7831,1957.75,mRNA,Raspberry,2.0
7831,1957.75,mRNA,mKalama1,3.0
7832,1958.0,topo,topoI,0.25
7832,1958.0,topo,gyrase,0.25
7832,1958.0,RNAP,RNAP,1.0
7832,1958.0,mRNA,tetA,28.0
7832,1958.0,mRNA,Raspberry,2.0
7832,1958.0,mRNA,mKalama1,3.0
7833,1958.25,topo,topoI,0.25
7833,1958.25,topo,gyrase,0.25
7833,1958.25,RNAP,RNAP,1.0
7833,1958.25,mRNA,tetA,28.0
7833,1958.25,mRNA,Raspberry,2.0
7833,1958.25,mRNA,mKalama1,3.0
7834,1958.5,topo,topoI,0.25
7834,1958.5,topo,gyrase,0.25
7834,1958.5,RNAP,RNAP,1.0
7834,1958.5,mRNA,tetA,28.0
7834,1958.5,mRNA,Raspberry,2.0
7834,1958.5,mRNA,mKalama1,3.0
7835,1958.75,topo,topoI,0.25
7835,1958.75,topo,gyrase,0.25
7835,1958.75,RNAP,RNAP,1.0
7835,1958.75,mRNA,tetA,28.0
7835,1958.75,mRNA,Raspberry,2.0
7835,1958.75,mRNA,mKalama1,3.0
7836,1959.0,topo,topoI,0.25
7836,1959.0,topo,gyrase,0.25
7836,1959.0,RNAP,RNAP,1.0
7836,1959.0,mRNA,tetA,28.0
7836,1959.0,mRNA,Raspberry,2.0
7836,1959.0,mRNA,mKalama1,3.0
7837,1959.25,topo,topoI,0.25
7837,1959.25,topo,gyrase,0.25
7837,1959.25,RNAP,RNAP,1.0
7837,1959.25,mRNA,tetA,28.0
7837,1959.25,mRNA,Raspberry,2.0
7837,1959.25,mRNA,mKalama1,3.0
7838,1959.5,topo,topoI,0.25
7838,1959.5,topo,gyrase,0.25
7838,1959.5,RNAP,RNAP,1.0
7838,1959.5,mRNA,tetA,28.0
7838,1959.5,mRNA,Raspberry,2.0
7838,1959.5,mRNA,mKalama1,3.0
7839,1959.75,topo,topoI,0.25
7839,1959.75,topo,gyrase,0.25
7839,1959.75,RNAP,RNAP,1.0
7839,1959.75,mRNA,tetA,28.0
7839,1959.75,mRNA,Raspberry,2.0
7839,1959.75,mRNA,mKalama1,3.0
7840,1960.0,topo,topoI,0.25
7840,1960.0,topo,gyrase,0.25
7840,1960.0,RNAP,RNAP,1.0
7840,1960.0,mRNA,tetA,28.0
7840,1960.0,mRNA,Raspberry,2.0
7840,1960.0,mRNA,mKalama1,3.0
7841,1960.25,topo,topoI,0.25
7841,1960.25,topo,gyrase,0.25
7841,1960.25,RNAP,RNAP,1.0
7841,1960.25,mRNA,tetA,28.0
7841,1960.25,mRNA,Raspberry,2.0
7841,1960.25,mRNA,mKalama1,3.0
7842,1960.5,topo,topoI,0.25
7842,1960.5,topo,gyrase,0.25
7842,1960.5,RNAP,RNAP,1.0
7842,1960.5,mRNA,tetA,28.0
7842,1960.5,mRNA,Raspberry,2.0
7842,1960.5,mRNA,mKalama1,3.0
7843,1960.75,topo,topoI,0.25
7843,1960.75,topo,gyrase,0.25
7843,1960.75,RNAP,RNAP,1.0
7843,1960.75,mRNA,tetA,28.0
7843,1960.75,mRNA,Raspberry,2.0
7843,1960.75,mRNA,mKalama1,3.0
7844,1961.0,topo,topoI,0.25
7844,1961.0,topo,gyrase,0.25
7844,1961.0,RNAP,RNAP,1.0
7844,1961.0,mRNA,tetA,28.0
7844,1961.0,mRNA,Raspberry,2.0
7844,1961.0,mRNA,mKalama1,3.0
7845,1961.25,topo,topoI,0.25
7845,1961.25,topo,gyrase,0.25
7845,1961.25,RNAP,RNAP,1.0
7845,1961.25,mRNA,tetA,28.0
7845,1961.25,mRNA,Raspberry,2.0
7845,1961.25,mRNA,mKalama1,3.0
7846,1961.5,topo,topoI,0.25
7846,1961.5,topo,gyrase,0.25
7846,1961.5,RNAP,RNAP,1.0
7846,1961.5,mRNA,tetA,28.0
7846,1961.5,mRNA,Raspberry,2.0
7846,1961.5,mRNA,mKalama1,3.0
7847,1961.75,topo,topoI,0.25
7847,1961.75,topo,gyrase,0.25
7847,1961.75,RNAP,RNAP,1.0
7847,1961.75,mRNA,tetA,28.0
7847,1961.75,mRNA,Raspberry,2.0
7847,1961.75,mRNA,mKalama1,3.0
7848,1962.0,topo,topoI,0.25
7848,1962.0,topo,gyrase,0.25
7848,1962.0,RNAP,RNAP,1.0
7848,1962.0,mRNA,tetA,28.0
7848,1962.0,mRNA,Raspberry,2.0
7848,1962.0,mRNA,mKalama1,3.0
7849,1962.25,topo,topoI,0.25
7849,1962.25,topo,gyrase,0.25
7849,1962.25,RNAP,RNAP,1.0
7849,1962.25,mRNA,tetA,28.0
7849,1962.25,mRNA,Raspberry,2.0
7849,1962.25,mRNA,mKalama1,3.0
7850,1962.5,topo,topoI,0.25
7850,1962.5,topo,gyrase,0.25
7850,1962.5,RNAP,RNAP,1.0
7850,1962.5,mRNA,tetA,28.0
7850,1962.5,mRNA,Raspberry,2.0
7850,1962.5,mRNA,mKalama1,3.0
7851,1962.75,topo,topoI,0.25
7851,1962.75,topo,gyrase,0.25
7851,1962.75,RNAP,RNAP,1.0
7851,1962.75,mRNA,tetA,28.0
7851,1962.75,mRNA,Raspberry,2.0
7851,1962.75,mRNA,mKalama1,3.0
7852,1963.0,topo,topoI,0.25
7852,1963.0,topo,gyrase,0.25
7852,1963.0,RNAP,RNAP,1.0
7852,1963.0,mRNA,tetA,28.0
7852,1963.0,mRNA,Raspberry,2.0
7852,1963.0,mRNA,mKalama1,3.0
7853,1963.25,topo,topoI,0.25
7853,1963.25,topo,gyrase,0.25
7853,1963.25,RNAP,RNAP,1.0
7853,1963.25,mRNA,tetA,28.0
7853,1963.25,mRNA,Raspberry,2.0
7853,1963.25,mRNA,mKalama1,3.0
7854,1963.5,topo,topoI,0.25
7854,1963.5,topo,gyrase,0.25
7854,1963.5,RNAP,RNAP,1.0
7854,1963.5,mRNA,tetA,28.0
7854,1963.5,mRNA,Raspberry,2.0
7854,1963.5,mRNA,mKalama1,3.0
7855,1963.75,topo,topoI,0.25
7855,1963.75,topo,gyrase,0.25
7855,1963.75,RNAP,RNAP,1.0
7855,1963.75,mRNA,tetA,28.0
7855,1963.75,mRNA,Raspberry,2.0
7855,1963.75,mRNA,mKalama1,3.0
7856,1964.0,topo,topoI,0.25
7856,1964.0,topo,gyrase,0.25
7856,1964.0,RNAP,RNAP,1.0
7856,1964.0,mRNA,tetA,28.0
7856,1964.0,mRNA,Raspberry,2.0
7856,1964.0,mRNA,mKalama1,3.0
7857,1964.25,topo,topoI,0.25
7857,1964.25,topo,gyrase,0.25
7857,1964.25,RNAP,RNAP,1.0
7857,1964.25,mRNA,tetA,28.0
7857,1964.25,mRNA,Raspberry,2.0
7857,1964.25,mRNA,mKalama1,3.0
7858,1964.5,topo,topoI,0.25
7858,1964.5,topo,gyrase,0.25
7858,1964.5,RNAP,RNAP,1.0
7858,1964.5,mRNA,tetA,28.0
7858,1964.5,mRNA,Raspberry,2.0
7858,1964.5,mRNA,mKalama1,3.0
7859,1964.75,topo,topoI,0.25
7859,1964.75,topo,gyrase,0.25
7859,1964.75,RNAP,RNAP,1.0
7859,1964.75,mRNA,tetA,28.0
7859,1964.75,mRNA,Raspberry,2.0
7859,1964.75,mRNA,mKalama1,3.0
7860,1965.0,topo,topoI,0.25
7860,1965.0,topo,gyrase,0.25
7860,1965.0,RNAP,RNAP,1.0
7860,1965.0,mRNA,tetA,28.0
7860,1965.0,mRNA,Raspberry,2.0
7860,1965.0,mRNA,mKalama1,3.0
7861,1965.25,topo,topoI,0.25
7861,1965.25,topo,gyrase,0.25
7861,1965.25,RNAP,RNAP,1.0
7861,1965.25,mRNA,tetA,28.0
7861,1965.25,mRNA,Raspberry,2.0
7861,1965.25,mRNA,mKalama1,3.0
7862,1965.5,topo,topoI,0.25
7862,1965.5,topo,gyrase,0.25
7862,1965.5,RNAP,RNAP,1.0
7862,1965.5,mRNA,tetA,28.0
7862,1965.5,mRNA,Raspberry,2.0
7862,1965.5,mRNA,mKalama1,3.0
7863,1965.75,topo,topoI,0.25
7863,1965.75,topo,gyrase,0.25
7863,1965.75,RNAP,RNAP,1.0
7863,1965.75,mRNA,tetA,28.0
7863,1965.75,mRNA,Raspberry,2.0
7863,1965.75,mRNA,mKalama1,3.0
7864,1966.0,topo,topoI,0.25
7864,1966.0,topo,gyrase,0.25
7864,1966.0,RNAP,RNAP,1.0
7864,1966.0,mRNA,tetA,28.0
7864,1966.0,mRNA,Raspberry,2.0
7864,1966.0,mRNA,mKalama1,3.0
7865,1966.25,topo,topoI,0.25
7865,1966.25,topo,gyrase,0.25
7865,1966.25,RNAP,RNAP,1.0
7865,1966.25,mRNA,tetA,28.0
7865,1966.25,mRNA,Raspberry,2.0
7865,1966.25,mRNA,mKalama1,3.0
7866,1966.5,topo,topoI,0.25
7866,1966.5,topo,gyrase,0.25
7866,1966.5,RNAP,RNAP,1.0
7866,1966.5,mRNA,tetA,28.0
7866,1966.5,mRNA,Raspberry,2.0
7866,1966.5,mRNA,mKalama1,3.0
7867,1966.75,topo,topoI,0.25
7867,1966.75,topo,gyrase,0.25
7867,1966.75,RNAP,RNAP,1.0
7867,1966.75,mRNA,tetA,28.0
7867,1966.75,mRNA,Raspberry,2.0
7867,1966.75,mRNA,mKalama1,3.0
7868,1967.0,topo,topoI,0.25
7868,1967.0,topo,gyrase,0.25
7868,1967.0,RNAP,RNAP,1.0
7868,1967.0,mRNA,tetA,28.0
7868,1967.0,mRNA,Raspberry,2.0
7868,1967.0,mRNA,mKalama1,3.0
7869,1967.25,topo,topoI,0.25
7869,1967.25,topo,gyrase,0.25
7869,1967.25,RNAP,RNAP,1.0
7869,1967.25,mRNA,tetA,28.0
7869,1967.25,mRNA,Raspberry,2.0
7869,1967.25,mRNA,mKalama1,3.0
7870,1967.5,topo,topoI,0.25
7870,1967.5,topo,gyrase,0.25
7870,1967.5,RNAP,RNAP,1.0
7870,1967.5,mRNA,tetA,28.0
7870,1967.5,mRNA,Raspberry,2.0
7870,1967.5,mRNA,mKalama1,3.0
7871,1967.75,topo,topoI,0.25
7871,1967.75,topo,gyrase,0.25
7871,1967.75,RNAP,RNAP,1.0
7871,1967.75,mRNA,tetA,28.0
7871,1967.75,mRNA,Raspberry,2.0
7871,1967.75,mRNA,mKalama1,3.0
7872,1968.0,topo,topoI,0.25
7872,1968.0,topo,gyrase,0.25
7872,1968.0,RNAP,RNAP,1.0
7872,1968.0,mRNA,tetA,28.0
7872,1968.0,mRNA,Raspberry,2.0
7872,1968.0,mRNA,mKalama1,3.0
7873,1968.25,topo,topoI,0.25
7873,1968.25,topo,gyrase,0.25
7873,1968.25,RNAP,RNAP,1.0
7873,1968.25,mRNA,tetA,28.0
7873,1968.25,mRNA,Raspberry,2.0
7873,1968.25,mRNA,mKalama1,3.0
7874,1968.5,topo,topoI,0.25
7874,1968.5,topo,gyrase,0.25
7874,1968.5,RNAP,RNAP,1.0
7874,1968.5,mRNA,tetA,28.0
7874,1968.5,mRNA,Raspberry,2.0
7874,1968.5,mRNA,mKalama1,3.0
7875,1968.75,topo,topoI,0.25
7875,1968.75,topo,gyrase,0.25
7875,1968.75,RNAP,RNAP,1.0
7875,1968.75,mRNA,tetA,28.0
7875,1968.75,mRNA,Raspberry,2.0
7875,1968.75,mRNA,mKalama1,3.0
7876,1969.0,topo,topoI,0.25
7876,1969.0,topo,gyrase,0.25
7876,1969.0,RNAP,RNAP,1.0
7876,1969.0,mRNA,tetA,28.0
7876,1969.0,mRNA,Raspberry,2.0
7876,1969.0,mRNA,mKalama1,3.0
7877,1969.25,topo,topoI,0.25
7877,1969.25,topo,gyrase,0.25
7877,1969.25,RNAP,RNAP,1.0
7877,1969.25,mRNA,tetA,28.0
7877,1969.25,mRNA,Raspberry,2.0
7877,1969.25,mRNA,mKalama1,3.0
7878,1969.5,topo,topoI,0.25
7878,1969.5,topo,gyrase,0.25
7878,1969.5,RNAP,RNAP,1.0
7878,1969.5,mRNA,tetA,28.0
7878,1969.5,mRNA,Raspberry,2.0
7878,1969.5,mRNA,mKalama1,3.0
7879,1969.75,topo,topoI,0.25
7879,1969.75,topo,gyrase,0.25
7879,1969.75,RNAP,RNAP,1.0
7879,1969.75,mRNA,tetA,28.0
7879,1969.75,mRNA,Raspberry,2.0
7879,1969.75,mRNA,mKalama1,3.0
7880,1970.0,topo,topoI,0.25
7880,1970.0,topo,gyrase,0.25
7880,1970.0,RNAP,RNAP,1.0
7880,1970.0,mRNA,tetA,28.0
7880,1970.0,mRNA,Raspberry,2.0
7880,1970.0,mRNA,mKalama1,3.0
7881,1970.25,topo,topoI,0.25
7881,1970.25,topo,gyrase,0.25
7881,1970.25,RNAP,RNAP,1.0
7881,1970.25,mRNA,tetA,28.0
7881,1970.25,mRNA,Raspberry,2.0
7881,1970.25,mRNA,mKalama1,3.0
7882,1970.5,topo,topoI,0.25
7882,1970.5,topo,gyrase,0.25
7882,1970.5,RNAP,RNAP,1.0
7882,1970.5,mRNA,tetA,28.0
7882,1970.5,mRNA,Raspberry,2.0
7882,1970.5,mRNA,mKalama1,3.0
7883,1970.75,topo,topoI,0.25
7883,1970.75,topo,gyrase,0.25
7883,1970.75,RNAP,RNAP,1.0
7883,1970.75,mRNA,tetA,28.0
7883,1970.75,mRNA,Raspberry,2.0
7883,1970.75,mRNA,mKalama1,3.0
7884,1971.0,topo,topoI,0.25
7884,1971.0,topo,gyrase,0.25
7884,1971.0,RNAP,RNAP,1.0
7884,1971.0,mRNA,tetA,28.0
7884,1971.0,mRNA,Raspberry,2.0
7884,1971.0,mRNA,mKalama1,3.0
7885,1971.25,topo,topoI,0.25
7885,1971.25,topo,gyrase,0.25
7885,1971.25,RNAP,RNAP,1.0
7885,1971.25,mRNA,tetA,28.0
7885,1971.25,mRNA,Raspberry,2.0
7885,1971.25,mRNA,mKalama1,3.0
7886,1971.5,topo,topoI,0.25
7886,1971.5,topo,gyrase,0.25
7886,1971.5,RNAP,RNAP,1.0
7886,1971.5,mRNA,tetA,28.0
7886,1971.5,mRNA,Raspberry,2.0
7886,1971.5,mRNA,mKalama1,3.0
7887,1971.75,topo,topoI,0.25
7887,1971.75,topo,gyrase,0.25
7887,1971.75,RNAP,RNAP,1.0
7887,1971.75,mRNA,tetA,28.0
7887,1971.75,mRNA,Raspberry,2.0
7887,1971.75,mRNA,mKalama1,3.0
7888,1972.0,topo,topoI,0.25
7888,1972.0,topo,gyrase,0.25
7888,1972.0,RNAP,RNAP,1.0
7888,1972.0,mRNA,tetA,28.0
7888,1972.0,mRNA,Raspberry,2.0
7888,1972.0,mRNA,mKalama1,3.0
7889,1972.25,topo,topoI,0.25
7889,1972.25,topo,gyrase,0.25
7889,1972.25,RNAP,RNAP,1.0
7889,1972.25,mRNA,tetA,28.0
7889,1972.25,mRNA,Raspberry,2.0
7889,1972.25,mRNA,mKalama1,3.0
7890,1972.5,topo,topoI,0.25
7890,1972.5,topo,gyrase,0.25
7890,1972.5,RNAP,RNAP,1.0
7890,1972.5,mRNA,tetA,28.0
7890,1972.5,mRNA,Raspberry,2.0
7890,1972.5,mRNA,mKalama1,3.0
7891,1972.75,topo,topoI,0.25
7891,1972.75,topo,gyrase,0.25
7891,1972.75,RNAP,RNAP,1.0
7891,1972.75,mRNA,tetA,28.0
7891,1972.75,mRNA,Raspberry,2.0
7891,1972.75,mRNA,mKalama1,3.0
7892,1973.0,topo,topoI,0.25
7892,1973.0,topo,gyrase,0.25
7892,1973.0,RNAP,RNAP,1.0
7892,1973.0,mRNA,tetA,28.0
7892,1973.0,mRNA,Raspberry,2.0
7892,1973.0,mRNA,mKalama1,3.0
7893,1973.25,topo,topoI,0.25
7893,1973.25,topo,gyrase,0.25
7893,1973.25,RNAP,RNAP,1.0
7893,1973.25,mRNA,tetA,28.0
7893,1973.25,mRNA,Raspberry,2.0
7893,1973.25,mRNA,mKalama1,3.0
7894,1973.5,topo,topoI,0.25
7894,1973.5,topo,gyrase,0.25
7894,1973.5,RNAP,RNAP,1.0
7894,1973.5,mRNA,tetA,28.0
7894,1973.5,mRNA,Raspberry,2.0
7894,1973.5,mRNA,mKalama1,3.0
7895,1973.75,topo,topoI,0.25
7895,1973.75,topo,gyrase,0.25
7895,1973.75,RNAP,RNAP,1.0
7895,1973.75,mRNA,tetA,28.0
7895,1973.75,mRNA,Raspberry,2.0
7895,1973.75,mRNA,mKalama1,3.0
7896,1974.0,topo,topoI,0.25
7896,1974.0,topo,gyrase,0.25
7896,1974.0,RNAP,RNAP,1.0
7896,1974.0,mRNA,tetA,28.0
7896,1974.0,mRNA,Raspberry,2.0
7896,1974.0,mRNA,mKalama1,3.0
7897,1974.25,topo,topoI,0.25
7897,1974.25,topo,gyrase,0.25
7897,1974.25,RNAP,RNAP,1.0
7897,1974.25,mRNA,tetA,28.0
7897,1974.25,mRNA,Raspberry,2.0
7897,1974.25,mRNA,mKalama1,3.0
7898,1974.5,topo,topoI,0.25
7898,1974.5,topo,gyrase,0.25
7898,1974.5,RNAP,RNAP,1.0
7898,1974.5,mRNA,tetA,28.0
7898,1974.5,mRNA,Raspberry,2.0
7898,1974.5,mRNA,mKalama1,3.0
7899,1974.75,topo,topoI,0.25
7899,1974.75,topo,gyrase,0.25
7899,1974.75,RNAP,RNAP,1.0
7899,1974.75,mRNA,tetA,28.0
7899,1974.75,mRNA,Raspberry,2.0
7899,1974.75,mRNA,mKalama1,3.0
7900,1975.0,topo,topoI,0.25
7900,1975.0,topo,gyrase,0.25
7900,1975.0,RNAP,RNAP,1.0
7900,1975.0,mRNA,tetA,28.0
7900,1975.0,mRNA,Raspberry,2.0
7900,1975.0,mRNA,mKalama1,3.0
7901,1975.25,topo,topoI,0.25
7901,1975.25,topo,gyrase,0.25
7901,1975.25,RNAP,RNAP,1.0
7901,1975.25,mRNA,tetA,28.0
7901,1975.25,mRNA,Raspberry,2.0
7901,1975.25,mRNA,mKalama1,3.0
7902,1975.5,topo,topoI,0.25
7902,1975.5,topo,gyrase,0.25
7902,1975.5,RNAP,RNAP,1.0
7902,1975.5,mRNA,tetA,28.0
7902,1975.5,mRNA,Raspberry,2.0
7902,1975.5,mRNA,mKalama1,3.0
7903,1975.75,topo,topoI,0.25
7903,1975.75,topo,gyrase,0.25
7903,1975.75,RNAP,RNAP,1.0
7903,1975.75,mRNA,tetA,28.0
7903,1975.75,mRNA,Raspberry,2.0
7903,1975.75,mRNA,mKalama1,3.0
7904,1976.0,topo,topoI,0.25
7904,1976.0,topo,gyrase,0.25
7904,1976.0,RNAP,RNAP,1.0
7904,1976.0,mRNA,tetA,28.0
7904,1976.0,mRNA,Raspberry,2.0
7904,1976.0,mRNA,mKalama1,3.0
7905,1976.25,topo,topoI,0.25
7905,1976.25,topo,gyrase,0.25
7905,1976.25,RNAP,RNAP,1.0
7905,1976.25,mRNA,tetA,28.0
7905,1976.25,mRNA,Raspberry,2.0
7905,1976.25,mRNA,mKalama1,3.0
7906,1976.5,topo,topoI,0.25
7906,1976.5,topo,gyrase,0.25
7906,1976.5,RNAP,RNAP,1.0
7906,1976.5,mRNA,tetA,28.0
7906,1976.5,mRNA,Raspberry,2.0
7906,1976.5,mRNA,mKalama1,3.0
7907,1976.75,topo,topoI,0.25
7907,1976.75,topo,gyrase,0.25
7907,1976.75,RNAP,RNAP,1.0
7907,1976.75,mRNA,tetA,28.0
7907,1976.75,mRNA,Raspberry,2.0
7907,1976.75,mRNA,mKalama1,3.0
7908,1977.0,topo,topoI,0.25
7908,1977.0,topo,gyrase,0.25
7908,1977.0,RNAP,RNAP,1.0
7908,1977.0,mRNA,tetA,28.0
7908,1977.0,mRNA,Raspberry,2.0
7908,1977.0,mRNA,mKalama1,3.0
7909,1977.25,topo,topoI,0.25
7909,1977.25,topo,gyrase,0.25
7909,1977.25,RNAP,RNAP,1.0
7909,1977.25,mRNA,tetA,28.0
7909,1977.25,mRNA,Raspberry,2.0
7909,1977.25,mRNA,mKalama1,3.0
7910,1977.5,topo,topoI,0.25
7910,1977.5,topo,gyrase,0.25
7910,1977.5,RNAP,RNAP,1.0
7910,1977.5,mRNA,tetA,28.0
7910,1977.5,mRNA,Raspberry,2.0
7910,1977.5,mRNA,mKalama1,3.0
7911,1977.75,topo,topoI,0.25
7911,1977.75,topo,gyrase,0.25
7911,1977.75,RNAP,RNAP,1.0
7911,1977.75,mRNA,tetA,28.0
7911,1977.75,mRNA,Raspberry,2.0
7911,1977.75,mRNA,mKalama1,3.0
7912,1978.0,topo,topoI,0.25
7912,1978.0,topo,gyrase,0.25
7912,1978.0,RNAP,RNAP,1.0
7912,1978.0,mRNA,tetA,28.0
7912,1978.0,mRNA,Raspberry,2.0
7912,1978.0,mRNA,mKalama1,3.0
7913,1978.25,topo,topoI,0.25
7913,1978.25,topo,gyrase,0.25
7913,1978.25,RNAP,RNAP,1.0
7913,1978.25,mRNA,tetA,28.0
7913,1978.25,mRNA,Raspberry,2.0
7913,1978.25,mRNA,mKalama1,3.0
7914,1978.5,topo,topoI,0.25
7914,1978.5,topo,gyrase,0.25
7914,1978.5,RNAP,RNAP,1.0
7914,1978.5,mRNA,tetA,28.0
7914,1978.5,mRNA,Raspberry,2.0
7914,1978.5,mRNA,mKalama1,3.0
7915,1978.75,topo,topoI,0.25
7915,1978.75,topo,gyrase,0.25
7915,1978.75,RNAP,RNAP,1.0
7915,1978.75,mRNA,tetA,28.0
7915,1978.75,mRNA,Raspberry,2.0
7915,1978.75,mRNA,mKalama1,3.0
7916,1979.0,topo,topoI,0.25
7916,1979.0,topo,gyrase,0.25
7916,1979.0,RNAP,RNAP,1.0
7916,1979.0,mRNA,tetA,28.0
7916,1979.0,mRNA,Raspberry,2.0
7916,1979.0,mRNA,mKalama1,3.0
7917,1979.25,topo,topoI,0.25
7917,1979.25,topo,gyrase,0.25
7917,1979.25,RNAP,RNAP,1.0
7917,1979.25,mRNA,tetA,28.0
7917,1979.25,mRNA,Raspberry,2.0
7917,1979.25,mRNA,mKalama1,3.0
7918,1979.5,topo,topoI,0.25
7918,1979.5,topo,gyrase,0.25
7918,1979.5,RNAP,RNAP,1.0
7918,1979.5,mRNA,tetA,28.0
7918,1979.5,mRNA,Raspberry,2.0
7918,1979.5,mRNA,mKalama1,3.0
7919,1979.75,topo,topoI,0.25
7919,1979.75,topo,gyrase,0.25
7919,1979.75,RNAP,RNAP,1.0
7919,1979.75,mRNA,tetA,28.0
7919,1979.75,mRNA,Raspberry,2.0
7919,1979.75,mRNA,mKalama1,3.0
7920,1980.0,topo,topoI,0.25
7920,1980.0,topo,gyrase,0.25
7920,1980.0,RNAP,RNAP,1.0
7920,1980.0,mRNA,tetA,28.0
7920,1980.0,mRNA,Raspberry,2.0
7920,1980.0,mRNA,mKalama1,3.0
7921,1980.25,topo,topoI,0.25
7921,1980.25,topo,gyrase,0.25
7921,1980.25,RNAP,RNAP,1.0
7921,1980.25,mRNA,tetA,28.0
7921,1980.25,mRNA,Raspberry,2.0
7921,1980.25,mRNA,mKalama1,3.0
7922,1980.5,topo,topoI,0.25
7922,1980.5,topo,gyrase,0.25
7922,1980.5,RNAP,RNAP,1.0
7922,1980.5,mRNA,tetA,28.0
7922,1980.5,mRNA,Raspberry,2.0
7922,1980.5,mRNA,mKalama1,3.0
7923,1980.75,topo,topoI,0.25
7923,1980.75,topo,gyrase,0.25
7923,1980.75,RNAP,RNAP,1.0
7923,1980.75,mRNA,tetA,28.0
7923,1980.75,mRNA,Raspberry,2.0
7923,1980.75,mRNA,mKalama1,3.0
7924,1981.0,topo,topoI,0.25
7924,1981.0,topo,gyrase,0.25
7924,1981.0,RNAP,RNAP,1.0
7924,1981.0,mRNA,tetA,28.0
7924,1981.0,mRNA,Raspberry,2.0
7924,1981.0,mRNA,mKalama1,3.0
7925,1981.25,topo,topoI,0.25
7925,1981.25,topo,gyrase,0.25
7925,1981.25,RNAP,RNAP,1.0
7925,1981.25,mRNA,tetA,28.0
7925,1981.25,mRNA,Raspberry,2.0
7925,1981.25,mRNA,mKalama1,3.0
7926,1981.5,topo,topoI,0.25
7926,1981.5,topo,gyrase,0.25
7926,1981.5,RNAP,RNAP,1.0
7926,1981.5,mRNA,tetA,28.0
7926,1981.5,mRNA,Raspberry,2.0
7926,1981.5,mRNA,mKalama1,3.0
7927,1981.75,topo,topoI,0.25
7927,1981.75,topo,gyrase,0.25
7927,1981.75,RNAP,RNAP,1.0
7927,1981.75,mRNA,tetA,28.0
7927,1981.75,mRNA,Raspberry,2.0
7927,1981.75,mRNA,mKalama1,3.0
7928,1982.0,topo,topoI,0.25
7928,1982.0,topo,gyrase,0.25
7928,1982.0,RNAP,RNAP,1.0
7928,1982.0,mRNA,tetA,28.0
7928,1982.0,mRNA,Raspberry,2.0
7928,1982.0,mRNA,mKalama1,3.0
7929,1982.25,topo,topoI,0.25
7929,1982.25,topo,gyrase,0.25
7929,1982.25,RNAP,RNAP,1.0
7929,1982.25,mRNA,tetA,28.0
7929,1982.25,mRNA,Raspberry,2.0
7929,1982.25,mRNA,mKalama1,3.0
7930,1982.5,topo,topoI,0.25
7930,1982.5,topo,gyrase,0.25
7930,1982.5,RNAP,RNAP,1.0
7930,1982.5,mRNA,tetA,28.0
7930,1982.5,mRNA,Raspberry,2.0
7930,1982.5,mRNA,mKalama1,3.0
7931,1982.75,topo,topoI,0.25
7931,1982.75,topo,gyrase,0.25
7931,1982.75,RNAP,RNAP,1.0
7931,1982.75,mRNA,tetA,28.0
7931,1982.75,mRNA,Raspberry,2.0
7931,1982.75,mRNA,mKalama1,3.0
7932,1983.0,topo,topoI,0.25
7932,1983.0,topo,gyrase,0.25
7932,1983.0,RNAP,RNAP,1.0
7932,1983.0,mRNA,tetA,28.0
7932,1983.0,mRNA,Raspberry,2.0
7932,1983.0,mRNA,mKalama1,3.0
7933,1983.25,topo,topoI,0.25
7933,1983.25,topo,gyrase,0.25
7933,1983.25,RNAP,RNAP,1.0
7933,1983.25,mRNA,tetA,28.0
7933,1983.25,mRNA,Raspberry,2.0
7933,1983.25,mRNA,mKalama1,3.0
7934,1983.5,topo,topoI,0.25
7934,1983.5,topo,gyrase,0.25
7934,1983.5,RNAP,RNAP,1.0
7934,1983.5,mRNA,tetA,28.0
7934,1983.5,mRNA,Raspberry,2.0
7934,1983.5,mRNA,mKalama1,3.0
7935,1983.75,topo,topoI,0.25
7935,1983.75,topo,gyrase,0.25
7935,1983.75,RNAP,RNAP,1.0
7935,1983.75,mRNA,tetA,28.0
7935,1983.75,mRNA,Raspberry,2.0
7935,1983.75,mRNA,mKalama1,3.0
7936,1984.0,topo,topoI,0.25
7936,1984.0,topo,gyrase,0.25
7936,1984.0,RNAP,RNAP,1.0
7936,1984.0,mRNA,tetA,28.0
7936,1984.0,mRNA,Raspberry,2.0
7936,1984.0,mRNA,mKalama1,3.0
7937,1984.25,topo,topoI,0.25
7937,1984.25,topo,gyrase,0.25
7937,1984.25,RNAP,RNAP,1.0
7937,1984.25,mRNA,tetA,28.0
7937,1984.25,mRNA,Raspberry,2.0
7937,1984.25,mRNA,mKalama1,3.0
7938,1984.5,topo,topoI,0.25
7938,1984.5,topo,gyrase,0.25
7938,1984.5,RNAP,RNAP,1.0
7938,1984.5,mRNA,tetA,28.0
7938,1984.5,mRNA,Raspberry,2.0
7938,1984.5,mRNA,mKalama1,3.0
7939,1984.75,topo,topoI,0.25
7939,1984.75,topo,gyrase,0.25
7939,1984.75,RNAP,RNAP,1.0
7939,1984.75,mRNA,tetA,28.0
7939,1984.75,mRNA,Raspberry,2.0
7939,1984.75,mRNA,mKalama1,3.0
7940,1985.0,topo,topoI,0.25
7940,1985.0,topo,gyrase,0.25
7940,1985.0,RNAP,RNAP,1.0
7940,1985.0,mRNA,tetA,28.0
7940,1985.0,mRNA,Raspberry,2.0
7940,1985.0,mRNA,mKalama1,3.0
7941,1985.25,topo,topoI,0.25
7941,1985.25,topo,gyrase,0.25
7941,1985.25,RNAP,RNAP,1.0
7941,1985.25,mRNA,tetA,28.0
7941,1985.25,mRNA,Raspberry,2.0
7941,1985.25,mRNA,mKalama1,3.0
7942,1985.5,topo,topoI,0.25
7942,1985.5,topo,gyrase,0.25
7942,1985.5,RNAP,RNAP,1.0
7942,1985.5,mRNA,tetA,28.0
7942,1985.5,mRNA,Raspberry,2.0
7942,1985.5,mRNA,mKalama1,3.0
7943,1985.75,topo,topoI,0.25
7943,1985.75,topo,gyrase,0.25
7943,1985.75,RNAP,RNAP,1.0
7943,1985.75,mRNA,tetA,28.0
7943,1985.75,mRNA,Raspberry,2.0
7943,1985.75,mRNA,mKalama1,3.0
7944,1986.0,topo,topoI,0.25
7944,1986.0,topo,gyrase,0.25
7944,1986.0,RNAP,RNAP,1.0
7944,1986.0,mRNA,tetA,28.0
7944,1986.0,mRNA,Raspberry,2.0
7944,1986.0,mRNA,mKalama1,3.0
7945,1986.25,topo,topoI,0.25
7945,1986.25,topo,gyrase,0.25
7945,1986.25,RNAP,RNAP,1.0
7945,1986.25,mRNA,tetA,28.0
7945,1986.25,mRNA,Raspberry,2.0
7945,1986.25,mRNA,mKalama1,3.0
7946,1986.5,topo,topoI,0.25
7946,1986.5,topo,gyrase,0.25
7946,1986.5,RNAP,RNAP,1.0
7946,1986.5,mRNA,tetA,28.0
7946,1986.5,mRNA,Raspberry,2.0
7946,1986.5,mRNA,mKalama1,3.0
7947,1986.75,topo,topoI,0.25
7947,1986.75,topo,gyrase,0.25
7947,1986.75,RNAP,RNAP,1.0
7947,1986.75,mRNA,tetA,28.0
7947,1986.75,mRNA,Raspberry,2.0
7947,1986.75,mRNA,mKalama1,3.0
7948,1987.0,topo,topoI,0.25
7948,1987.0,topo,gyrase,0.25
7948,1987.0,RNAP,RNAP,1.0
7948,1987.0,mRNA,tetA,28.0
7948,1987.0,mRNA,Raspberry,2.0
7948,1987.0,mRNA,mKalama1,3.0
7949,1987.25,topo,topoI,0.25
7949,1987.25,topo,gyrase,0.25
7949,1987.25,RNAP,RNAP,1.0
7949,1987.25,mRNA,tetA,28.0
7949,1987.25,mRNA,Raspberry,2.0
7949,1987.25,mRNA,mKalama1,3.0
7950,1987.5,topo,topoI,0.25
7950,1987.5,topo,gyrase,0.25
7950,1987.5,RNAP,RNAP,1.0
7950,1987.5,mRNA,tetA,28.0
7950,1987.5,mRNA,Raspberry,2.0
7950,1987.5,mRNA,mKalama1,3.0
7951,1987.75,topo,topoI,0.25
7951,1987.75,topo,gyrase,0.25
7951,1987.75,RNAP,RNAP,1.0
7951,1987.75,mRNA,tetA,28.0
7951,1987.75,mRNA,Raspberry,2.0
7951,1987.75,mRNA,mKalama1,3.0
7952,1988.0,topo,topoI,0.25
7952,1988.0,topo,gyrase,0.25
7952,1988.0,RNAP,RNAP,1.0
7952,1988.0,mRNA,tetA,28.0
7952,1988.0,mRNA,Raspberry,2.0
7952,1988.0,mRNA,mKalama1,3.0
7953,1988.25,topo,topoI,0.25
7953,1988.25,topo,gyrase,0.25
7953,1988.25,RNAP,RNAP,1.0
7953,1988.25,mRNA,tetA,28.0
7953,1988.25,mRNA,Raspberry,2.0
7953,1988.25,mRNA,mKalama1,3.0
7954,1988.5,topo,topoI,0.25
7954,1988.5,topo,gyrase,0.25
7954,1988.5,RNAP,RNAP,1.0
7954,1988.5,mRNA,tetA,28.0
7954,1988.5,mRNA,Raspberry,2.0
7954,1988.5,mRNA,mKalama1,3.0
7955,1988.75,topo,topoI,0.25
7955,1988.75,topo,gyrase,0.25
7955,1988.75,RNAP,RNAP,1.0
7955,1988.75,mRNA,tetA,28.0
7955,1988.75,mRNA,Raspberry,2.0
7955,1988.75,mRNA,mKalama1,3.0
7956,1989.0,topo,topoI,0.25
7956,1989.0,topo,gyrase,0.25
7956,1989.0,RNAP,RNAP,1.0
7956,1989.0,mRNA,tetA,28.0
7956,1989.0,mRNA,Raspberry,2.0
7956,1989.0,mRNA,mKalama1,3.0
7957,1989.25,topo,topoI,0.25
7957,1989.25,topo,gyrase,0.25
7957,1989.25,RNAP,RNAP,1.0
7957,1989.25,mRNA,tetA,28.0
7957,1989.25,mRNA,Raspberry,2.0
7957,1989.25,mRNA,mKalama1,3.0
7958,1989.5,topo,topoI,0.25
7958,1989.5,topo,gyrase,0.25
7958,1989.5,RNAP,RNAP,1.0
7958,1989.5,mRNA,tetA,28.0
7958,1989.5,mRNA,Raspberry,2.0
7958,1989.5,mRNA,mKalama1,3.0
7959,1989.75,topo,topoI,0.25
7959,1989.75,topo,gyrase,0.25
7959,1989.75,RNAP,RNAP,1.0
7959,1989.75,mRNA,tetA,28.0
7959,1989.75,mRNA,Raspberry,2.0
7959,1989.75,mRNA,mKalama1,3.0
7960,1990.0,topo,topoI,0.25
7960,1990.0,topo,gyrase,0.25
7960,1990.0,RNAP,RNAP,1.0
7960,1990.0,mRNA,tetA,28.0
7960,1990.0,mRNA,Raspberry,2.0
7960,1990.0,mRNA,mKalama1,3.0
7961,1990.25,topo,topoI,0.25
7961,1990.25,topo,gyrase,0.25
7961,1990.25,RNAP,RNAP,1.0
7961,1990.25,mRNA,tetA,28.0
7961,1990.25,mRNA,Raspberry,2.0
7961,1990.25,mRNA,mKalama1,3.0
7962,1990.5,topo,topoI,0.25
7962,1990.5,topo,gyrase,0.25
7962,1990.5,RNAP,RNAP,1.0
7962,1990.5,mRNA,tetA,28.0
7962,1990.5,mRNA,Raspberry,2.0
7962,1990.5,mRNA,mKalama1,3.0
7963,1990.75,topo,topoI,0.25
7963,1990.75,topo,gyrase,0.25
7963,1990.75,RNAP,RNAP,1.0
7963,1990.75,mRNA,tetA,28.0
7963,1990.75,mRNA,Raspberry,2.0
7963,1990.75,mRNA,mKalama1,3.0
7964,1991.0,topo,topoI,0.25
7964,1991.0,topo,gyrase,0.25
7964,1991.0,RNAP,RNAP,1.0
7964,1991.0,mRNA,tetA,28.0
7964,1991.0,mRNA,Raspberry,2.0
7964,1991.0,mRNA,mKalama1,3.0
7965,1991.25,topo,topoI,0.25
7965,1991.25,topo,gyrase,0.25
7965,1991.25,RNAP,RNAP,1.0
7965,1991.25,mRNA,tetA,28.0
7965,1991.25,mRNA,Raspberry,2.0
7965,1991.25,mRNA,mKalama1,3.0
7966,1991.5,topo,topoI,0.25
7966,1991.5,topo,gyrase,0.25
7966,1991.5,RNAP,RNAP,1.0
7966,1991.5,mRNA,tetA,28.0
7966,1991.5,mRNA,Raspberry,2.0
7966,1991.5,mRNA,mKalama1,3.0
7967,1991.75,topo,topoI,0.25
7967,1991.75,topo,gyrase,0.25
7967,1991.75,RNAP,RNAP,1.0
7967,1991.75,mRNA,tetA,28.0
7967,1991.75,mRNA,Raspberry,2.0
7967,1991.75,mRNA,mKalama1,3.0
7968,1992.0,topo,topoI,0.25
7968,1992.0,topo,gyrase,0.25
7968,1992.0,RNAP,RNAP,1.0
7968,1992.0,mRNA,tetA,28.0
7968,1992.0,mRNA,Raspberry,2.0
7968,1992.0,mRNA,mKalama1,3.0
7969,1992.25,topo,topoI,0.25
7969,1992.25,topo,gyrase,0.25
7969,1992.25,RNAP,RNAP,1.0
7969,1992.25,mRNA,tetA,28.0
7969,1992.25,mRNA,Raspberry,2.0
7969,1992.25,mRNA,mKalama1,3.0
7970,1992.5,topo,topoI,0.25
7970,1992.5,topo,gyrase,0.25
7970,1992.5,RNAP,RNAP,1.0
7970,1992.5,mRNA,tetA,28.0
7970,1992.5,mRNA,Raspberry,2.0
7970,1992.5,mRNA,mKalama1,3.0
7971,1992.75,topo,topoI,0.25
7971,1992.75,topo,gyrase,0.25
7971,1992.75,RNAP,RNAP,1.0
7971,1992.75,mRNA,tetA,28.0
7971,1992.75,mRNA,Raspberry,2.0
7971,1992.75,mRNA,mKalama1,3.0
7972,1993.0,topo,topoI,0.25
7972,1993.0,topo,gyrase,0.25
7972,1993.0,RNAP,RNAP,1.0
7972,1993.0,mRNA,tetA,28.0
7972,1993.0,mRNA,Raspberry,2.0
7972,1993.0,mRNA,mKalama1,3.0
7973,1993.25,topo,topoI,0.25
7973,1993.25,topo,gyrase,0.25
7973,1993.25,RNAP,RNAP,1.0
7973,1993.25,mRNA,tetA,28.0
7973,1993.25,mRNA,Raspberry,2.0
7973,1993.25,mRNA,mKalama1,3.0
7974,1993.5,topo,topoI,0.25
7974,1993.5,topo,gyrase,0.25
7974,1993.5,RNAP,RNAP,1.0
7974,1993.5,mRNA,tetA,28.0
7974,1993.5,mRNA,Raspberry,2.0
7974,1993.5,mRNA,mKalama1,3.0
7975,1993.75,topo,topoI,0.25
7975,1993.75,topo,gyrase,0.25
7975,1993.75,RNAP,RNAP,1.0
7975,1993.75,mRNA,tetA,28.0
7975,1993.75,mRNA,Raspberry,2.0
7975,1993.75,mRNA,mKalama1,3.0
7976,1994.0,topo,topoI,0.25
7976,1994.0,topo,gyrase,0.25
7976,1994.0,RNAP,RNAP,1.0
7976,1994.0,mRNA,tetA,28.0
7976,1994.0,mRNA,Raspberry,2.0
7976,1994.0,mRNA,mKalama1,3.0
7977,1994.25,topo,topoI,0.25
7977,1994.25,topo,gyrase,0.25
7977,1994.25,RNAP,RNAP,1.0
7977,1994.25,mRNA,tetA,28.0
7977,1994.25,mRNA,Raspberry,2.0
7977,1994.25,mRNA,mKalama1,3.0
7978,1994.5,topo,topoI,0.25
7978,1994.5,topo,gyrase,0.25
7978,1994.5,RNAP,RNAP,1.0
7978,1994.5,mRNA,tetA,28.0
7978,1994.5,mRNA,Raspberry,2.0
7978,1994.5,mRNA,mKalama1,3.0
7979,1994.75,topo,topoI,0.25
7979,1994.75,topo,gyrase,0.25
7979,1994.75,RNAP,RNAP,1.0
7979,1994.75,mRNA,tetA,28.0
7979,1994.75,mRNA,Raspberry,2.0
7979,1994.75,mRNA,mKalama1,3.0
7980,1995.0,topo,topoI,0.25
7980,1995.0,topo,gyrase,0.25
7980,1995.0,RNAP,RNAP,1.0
7980,1995.0,mRNA,tetA,28.0
7980,1995.0,mRNA,Raspberry,2.0
7980,1995.0,mRNA,mKalama1,3.0
7981,1995.25,topo,topoI,0.25
7981,1995.25,topo,gyrase,0.25
7981,1995.25,RNAP,RNAP,1.0
7981,1995.25,mRNA,tetA,28.0
7981,1995.25,mRNA,Raspberry,2.0
7981,1995.25,mRNA,mKalama1,3.0
7982,1995.5,topo,topoI,0.25
7982,1995.5,topo,gyrase,0.25
7982,1995.5,RNAP,RNAP,1.0
7982,1995.5,mRNA,tetA,28.0
7982,1995.5,mRNA,Raspberry,2.0
7982,1995.5,mRNA,mKalama1,3.0
7983,1995.75,topo,topoI,0.25
7983,1995.75,topo,gyrase,0.25
7983,1995.75,RNAP,RNAP,1.0
7983,1995.75,mRNA,tetA,28.0
7983,1995.75,mRNA,Raspberry,2.0
7983,1995.75,mRNA,mKalama1,3.0
7984,1996.0,topo,topoI,0.25
7984,1996.0,topo,gyrase,0.25
7984,1996.0,RNAP,RNAP,1.0
7984,1996.0,mRNA,tetA,28.0
7984,1996.0,mRNA,Raspberry,2.0
7984,1996.0,mRNA,mKalama1,3.0
7985,1996.25,topo,topoI,0.25
7985,1996.25,topo,gyrase,0.25
7985,1996.25,RNAP,RNAP,1.0
7985,1996.25,mRNA,tetA,28.0
7985,1996.25,mRNA,Raspberry,2.0
7985,1996.25,mRNA,mKalama1,3.0
7986,1996.5,topo,topoI,0.25
7986,1996.5,topo,gyrase,0.25
7986,1996.5,RNAP,RNAP,1.0
7986,1996.5,mRNA,tetA,28.0
7986,1996.5,mRNA,Raspberry,2.0
7986,1996.5,mRNA,mKalama1,3.0
7987,1996.75,topo,topoI,0.25
7987,1996.75,topo,gyrase,0.25
7987,1996.75,RNAP,RNAP,1.0
7987,1996.75,mRNA,tetA,28.0
7987,1996.75,mRNA,Raspberry,2.0
7987,1996.75,mRNA,mKalama1,3.0
7988,1997.0,topo,topoI,0.25
7988,1997.0,topo,gyrase,0.25
7988,1997.0,RNAP,RNAP,1.0
7988,1997.0,mRNA,tetA,28.0
7988,1997.0,mRNA,Raspberry,2.0
7988,1997.0,mRNA,mKalama1,3.0
7989,1997.25,topo,topoI,0.25
7989,1997.25,topo,gyrase,0.25
7989,1997.25,RNAP,RNAP,1.0
7989,1997.25,mRNA,tetA,28.0
7989,1997.25,mRNA,Raspberry,2.0
7989,1997.25,mRNA,mKalama1,3.0
7990,1997.5,topo,topoI,0.25
7990,1997.5,topo,gyrase,0.25
7990,1997.5,RNAP,RNAP,1.0
7990,1997.5,mRNA,tetA,28.0
7990,1997.5,mRNA,Raspberry,2.0
7990,1997.5,mRNA,mKalama1,3.0
7991,1997.75,topo,topoI,0.25
7991,1997.75,topo,gyrase,0.25
7991,1997.75,RNAP,RNAP,1.0
7991,1997.75,mRNA,tetA,28.0
7991,1997.75,mRNA,Raspberry,2.0
7991,1997.75,mRNA,mKalama1,3.0
7992,1998.0,topo,topoI,0.25
7992,1998.0,topo,gyrase,0.25
7992,1998.0,RNAP,RNAP,1.0
7992,1998.0,mRNA,tetA,28.0
7992,1998.0,mRNA,Raspberry,2.0
7992,1998.0,mRNA,mKalama1,3.0
7993,1998.25,topo,topoI,0.25
7993,1998.25,topo,gyrase,0.25
7993,1998.25,RNAP,RNAP,1.0
7993,1998.25,mRNA,tetA,28.0
7993,1998.25,mRNA,Raspberry,2.0
7993,1998.25,mRNA,mKalama1,3.0
7994,1998.5,topo,topoI,0.25
7994,1998.5,topo,gyrase,0.25
7994,1998.5,RNAP,RNAP,1.0
7994,1998.5,mRNA,tetA,28.0
7994,1998.5,mRNA,Raspberry,2.0
7994,1998.5,mRNA,mKalama1,3.0
7995,1998.75,topo,topoI,0.25
7995,1998.75,topo,gyrase,0.25
7995,1998.75,RNAP,RNAP,1.0
7995,1998.75,mRNA,tetA,28.0
7995,1998.75,mRNA,Raspberry,2.0
7995,1998.75,mRNA,mKalama1,3.0
7996,1999.0,topo,topoI,0.25
7996,1999.0,topo,gyrase,0.25
7996,1999.0,RNAP,RNAP,1.0
7996,1999.0,mRNA,tetA,28.0
7996,1999.0,mRNA,Raspberry,2.0
7996,1999.0,mRNA,mKalama1,3.0
7997,1999.25,topo,topoI,0.25
7997,1999.25,topo,gyrase,0.25
7997,1999.25,RNAP,RNAP,1.0
7997,1999.25,mRNA,tetA,28.0
7997,1999.25,mRNA,Raspberry,2.0
7997,1999.25,mRNA,mKalama1,3.0
7998,1999.5,topo,topoI,0.25
7998,1999.5,topo,gyrase,0.25
7998,1999.5,RNAP,RNAP,1.0
7998,1999.5,mRNA,tetA,28.0
7998,1999.5,mRNA,Raspberry,2.0
7998,1999.5,mRNA,mKalama1,3.0
7999,1999.75,topo,topoI,0.25
7999,1999.75,topo,gyrase,0.25
7999,1999.75,RNAP,RNAP,1.0
7999,1999.75,mRNA,tetA,28.0
7999,1999.75,mRNA,Raspberry,2.0
7999,1999.75,mRNA,mKalama1,3.0
8000,2000.0,topo,topoI,0.25
8000,2000.0,topo,gyrase,0.25
8000,2000.0,RNAP,RNAP,1.0
8000,2000.0,mRNA,tetA,28.0
8000,2000.0,mRNA,Raspberry,2.0
8000,2000.0,mRNA,mKalama1,3.0
8001,2000.25,topo,topoI,0.25
8001,2000.25,topo,gyrase,0.25
8001,2000.25,RNAP,RNAP,1.0
8001,2000.25,mRNA,tetA,28.0
8001,2000.25,mRNA,Raspberry,2.0
8001,2000.25,mRNA,mKalama1,3.0
8002,2000.5,topo,topoI,0.25
8002,2000.5,topo,gyrase,0.25
8002,2000.5,RNAP,RNAP,1.0
8002,2000.5,mRNA,tetA,28.0
8002,2000.5,mRNA,Raspberry,2.0
8002,2000.5,mRNA,mKalama1,3.0
8003,2000.75,topo,topoI,0.25
8003,2000.75,topo,gyrase,0.25
8003,2000.75,RNAP,RNAP,1.0
8003,2000.75,mRNA,tetA,28.0
8003,2000.75,mRNA,Raspberry,2.0
8003,2000.75,mRNA,mKalama1,3.0
8004,2001.0,topo,topoI,0.25
8004,2001.0,topo,gyrase,0.25
8004,2001.0,RNAP,RNAP,1.0
8004,2001.0,mRNA,tetA,28.0
8004,2001.0,mRNA,Raspberry,2.0
8004,2001.0,mRNA,mKalama1,3.0
8005,2001.25,topo,topoI,0.25
8005,2001.25,topo,gyrase,0.25
8005,2001.25,RNAP,RNAP,1.0
8005,2001.25,mRNA,tetA,28.0
8005,2001.25,mRNA,Raspberry,2.0
8005,2001.25,mRNA,mKalama1,3.0
8006,2001.5,topo,topoI,0.25
8006,2001.5,topo,gyrase,0.25
8006,2001.5,RNAP,RNAP,1.0
8006,2001.5,mRNA,tetA,28.0
8006,2001.5,mRNA,Raspberry,2.0
8006,2001.5,mRNA,mKalama1,3.0
8007,2001.75,topo,topoI,0.25
8007,2001.75,topo,gyrase,0.25
8007,2001.75,RNAP,RNAP,1.0
8007,2001.75,mRNA,tetA,28.0
8007,2001.75,mRNA,Raspberry,2.0
8007,2001.75,mRNA,mKalama1,3.0
8008,2002.0,topo,topoI,0.25
8008,2002.0,topo,gyrase,0.25
8008,2002.0,RNAP,RNAP,1.0
8008,2002.0,mRNA,tetA,28.0
8008,2002.0,mRNA,Raspberry,2.0
8008,2002.0,mRNA,mKalama1,3.0
8009,2002.25,topo,topoI,0.25
8009,2002.25,topo,gyrase,0.25
8009,2002.25,RNAP,RNAP,1.0
8009,2002.25,mRNA,tetA,28.0
8009,2002.25,mRNA,Raspberry,2.0
8009,2002.25,mRNA,mKalama1,3.0
8010,2002.5,topo,topoI,0.25
8010,2002.5,topo,gyrase,0.25
8010,2002.5,RNAP,RNAP,1.0
8010,2002.5,mRNA,tetA,28.0
8010,2002.5,mRNA,Raspberry,2.0
8010,2002.5,mRNA,mKalama1,3.0
8011,2002.75,topo,topoI,0.25
8011,2002.75,topo,gyrase,0.25
8011,2002.75,RNAP,RNAP,1.0
8011,2002.75,mRNA,tetA,28.0
8011,2002.75,mRNA,Raspberry,2.0
8011,2002.75,mRNA,mKalama1,3.0
8012,2003.0,topo,topoI,0.25
8012,2003.0,topo,gyrase,0.25
8012,2003.0,RNAP,RNAP,1.0
8012,2003.0,mRNA,tetA,28.0
8012,2003.0,mRNA,Raspberry,2.0
8012,2003.0,mRNA,mKalama1,3.0
8013,2003.25,topo,topoI,0.25
8013,2003.25,topo,gyrase,0.25
8013,2003.25,RNAP,RNAP,1.0
8013,2003.25,mRNA,tetA,28.0
8013,2003.25,mRNA,Raspberry,2.0
8013,2003.25,mRNA,mKalama1,3.0
8014,2003.5,topo,topoI,0.25
8014,2003.5,topo,gyrase,0.25
8014,2003.5,RNAP,RNAP,1.0
8014,2003.5,mRNA,tetA,28.0
8014,2003.5,mRNA,Raspberry,2.0
8014,2003.5,mRNA,mKalama1,3.0
8015,2003.75,topo,topoI,0.25
8015,2003.75,topo,gyrase,0.25
8015,2003.75,RNAP,RNAP,1.0
8015,2003.75,mRNA,tetA,28.0
8015,2003.75,mRNA,Raspberry,2.0
8015,2003.75,mRNA,mKalama1,3.0
8016,2004.0,topo,topoI,0.25
8016,2004.0,topo,gyrase,0.25
8016,2004.0,RNAP,RNAP,1.0
8016,2004.0,mRNA,tetA,28.0
8016,2004.0,mRNA,Raspberry,2.0
8016,2004.0,mRNA,mKalama1,3.0
8017,2004.25,topo,topoI,0.25
8017,2004.25,topo,gyrase,0.25
8017,2004.25,RNAP,RNAP,1.0
8017,2004.25,mRNA,tetA,28.0
8017,2004.25,mRNA,Raspberry,2.0
8017,2004.25,mRNA,mKalama1,3.0
8018,2004.5,topo,topoI,0.25
8018,2004.5,topo,gyrase,0.25
8018,2004.5,RNAP,RNAP,1.0
8018,2004.5,mRNA,tetA,28.0
8018,2004.5,mRNA,Raspberry,2.0
8018,2004.5,mRNA,mKalama1,3.0
8019,2004.75,topo,topoI,0.25
8019,2004.75,topo,gyrase,0.25
8019,2004.75,RNAP,RNAP,1.0
8019,2004.75,mRNA,tetA,28.0
8019,2004.75,mRNA,Raspberry,2.0
8019,2004.75,mRNA,mKalama1,3.0
8020,2005.0,topo,topoI,0.25
8020,2005.0,topo,gyrase,0.25
8020,2005.0,RNAP,RNAP,1.0
8020,2005.0,mRNA,tetA,28.0
8020,2005.0,mRNA,Raspberry,2.0
8020,2005.0,mRNA,mKalama1,3.0
8021,2005.25,topo,topoI,0.25
8021,2005.25,topo,gyrase,0.25
8021,2005.25,RNAP,RNAP,1.0
8021,2005.25,mRNA,tetA,28.0
8021,2005.25,mRNA,Raspberry,2.0
8021,2005.25,mRNA,mKalama1,3.0
8022,2005.5,topo,topoI,0.25
8022,2005.5,topo,gyrase,0.25
8022,2005.5,RNAP,RNAP,1.0
8022,2005.5,mRNA,tetA,28.0
8022,2005.5,mRNA,Raspberry,2.0
8022,2005.5,mRNA,mKalama1,3.0
8023,2005.75,topo,topoI,0.25
8023,2005.75,topo,gyrase,0.25
8023,2005.75,RNAP,RNAP,1.0
8023,2005.75,mRNA,tetA,28.0
8023,2005.75,mRNA,Raspberry,2.0
8023,2005.75,mRNA,mKalama1,3.0
8024,2006.0,topo,topoI,0.25
8024,2006.0,topo,gyrase,0.25
8024,2006.0,RNAP,RNAP,1.0
8024,2006.0,mRNA,tetA,28.0
8024,2006.0,mRNA,Raspberry,2.0
8024,2006.0,mRNA,mKalama1,3.0
8025,2006.25,topo,topoI,0.25
8025,2006.25,topo,gyrase,0.25
8025,2006.25,RNAP,RNAP,1.0
8025,2006.25,mRNA,tetA,28.0
8025,2006.25,mRNA,Raspberry,2.0
8025,2006.25,mRNA,mKalama1,3.0
8026,2006.5,topo,topoI,0.25
8026,2006.5,topo,gyrase,0.25
8026,2006.5,RNAP,RNAP,1.0
8026,2006.5,mRNA,tetA,28.0
8026,2006.5,mRNA,Raspberry,2.0
8026,2006.5,mRNA,mKalama1,3.0
8027,2006.75,topo,topoI,0.25
8027,2006.75,topo,gyrase,0.25
8027,2006.75,RNAP,RNAP,1.0
8027,2006.75,mRNA,tetA,28.0
8027,2006.75,mRNA,Raspberry,2.0
8027,2006.75,mRNA,mKalama1,3.0
8028,2007.0,topo,topoI,0.25
8028,2007.0,topo,gyrase,0.25
8028,2007.0,RNAP,RNAP,1.0
8028,2007.0,mRNA,tetA,28.0
8028,2007.0,mRNA,Raspberry,2.0
8028,2007.0,mRNA,mKalama1,3.0
8029,2007.25,topo,topoI,0.25
8029,2007.25,topo,gyrase,0.25
8029,2007.25,RNAP,RNAP,1.0
8029,2007.25,mRNA,tetA,28.0
8029,2007.25,mRNA,Raspberry,2.0
8029,2007.25,mRNA,mKalama1,3.0
8030,2007.5,topo,topoI,0.25
8030,2007.5,topo,gyrase,0.25
8030,2007.5,RNAP,RNAP,1.0
8030,2007.5,mRNA,tetA,28.0
8030,2007.5,mRNA,Raspberry,2.0
8030,2007.5,mRNA,mKalama1,3.0
8031,2007.75,topo,topoI,0.25
8031,2007.75,topo,gyrase,0.25
8031,2007.75,RNAP,RNAP,1.0
8031,2007.75,mRNA,tetA,28.0
8031,2007.75,mRNA,Raspberry,2.0
8031,2007.75,mRNA,mKalama1,3.0
8032,2008.0,topo,topoI,0.25
8032,2008.0,topo,gyrase,0.25
8032,2008.0,RNAP,RNAP,1.0
8032,2008.0,mRNA,tetA,28.0
8032,2008.0,mRNA,Raspberry,2.0
8032,2008.0,mRNA,mKalama1,3.0
8033,2008.25,topo,topoI,0.25
8033,2008.25,topo,gyrase,0.25
8033,2008.25,RNAP,RNAP,1.0
8033,2008.25,mRNA,tetA,28.0
8033,2008.25,mRNA,Raspberry,2.0
8033,2008.25,mRNA,mKalama1,3.0
8034,2008.5,topo,topoI,0.25
8034,2008.5,topo,gyrase,0.25
8034,2008.5,RNAP,RNAP,1.0
8034,2008.5,mRNA,tetA,28.0
8034,2008.5,mRNA,Raspberry,2.0
8034,2008.5,mRNA,mKalama1,3.0
8035,2008.75,topo,topoI,0.25
8035,2008.75,topo,gyrase,0.25
8035,2008.75,RNAP,RNAP,1.0
8035,2008.75,mRNA,tetA,28.0
8035,2008.75,mRNA,Raspberry,2.0
8035,2008.75,mRNA,mKalama1,3.0
8036,2009.0,topo,topoI,0.25
8036,2009.0,topo,gyrase,0.25
8036,2009.0,RNAP,RNAP,1.0
8036,2009.0,mRNA,tetA,28.0
8036,2009.0,mRNA,Raspberry,2.0
8036,2009.0,mRNA,mKalama1,3.0
8037,2009.25,topo,topoI,0.25
8037,2009.25,topo,gyrase,0.25
8037,2009.25,RNAP,RNAP,1.0
8037,2009.25,mRNA,tetA,28.0
8037,2009.25,mRNA,Raspberry,2.0
8037,2009.25,mRNA,mKalama1,3.0
8038,2009.5,topo,topoI,0.25
8038,2009.5,topo,gyrase,0.25
8038,2009.5,RNAP,RNAP,1.0
8038,2009.5,mRNA,tetA,28.0
8038,2009.5,mRNA,Raspberry,2.0
8038,2009.5,mRNA,mKalama1,3.0
8039,2009.75,topo,topoI,0.25
8039,2009.75,topo,gyrase,0.25
8039,2009.75,RNAP,RNAP,1.0
8039,2009.75,mRNA,tetA,28.0
8039,2009.75,mRNA,Raspberry,2.0
8039,2009.75,mRNA,mKalama1,3.0
8040,2010.0,topo,topoI,0.25
8040,2010.0,topo,gyrase,0.25
8040,2010.0,RNAP,RNAP,1.0
8040,2010.0,mRNA,tetA,28.0
8040,2010.0,mRNA,Raspberry,2.0
8040,2010.0,mRNA,mKalama1,3.0
8041,2010.25,topo,topoI,0.25
8041,2010.25,topo,gyrase,0.25
8041,2010.25,RNAP,RNAP,1.0
8041,2010.25,mRNA,tetA,28.0
8041,2010.25,mRNA,Raspberry,2.0
8041,2010.25,mRNA,mKalama1,3.0
8042,2010.5,topo,topoI,0.25
8042,2010.5,topo,gyrase,0.25
8042,2010.5,RNAP,RNAP,1.0
8042,2010.5,mRNA,tetA,28.0
8042,2010.5,mRNA,Raspberry,2.0
8042,2010.5,mRNA,mKalama1,3.0
8043,2010.75,topo,topoI,0.25
8043,2010.75,topo,gyrase,0.25
8043,2010.75,RNAP,RNAP,1.0
8043,2010.75,mRNA,tetA,28.0
8043,2010.75,mRNA,Raspberry,2.0
8043,2010.75,mRNA,mKalama1,3.0
8044,2011.0,topo,topoI,0.25
8044,2011.0,topo,gyrase,0.25
8044,2011.0,RNAP,RNAP,1.0
8044,2011.0,mRNA,tetA,28.0
8044,2011.0,mRNA,Raspberry,2.0
8044,2011.0,mRNA,mKalama1,3.0
8045,2011.25,topo,topoI,0.25
8045,2011.25,topo,gyrase,0.25
8045,2011.25,RNAP,RNAP,1.0
8045,2011.25,mRNA,tetA,28.0
8045,2011.25,mRNA,Raspberry,2.0
8045,2011.25,mRNA,mKalama1,3.0
8046,2011.5,topo,topoI,0.25
8046,2011.5,topo,gyrase,0.25
8046,2011.5,RNAP,RNAP,1.0
8046,2011.5,mRNA,tetA,28.0
8046,2011.5,mRNA,Raspberry,2.0
8046,2011.5,mRNA,mKalama1,3.0
8047,2011.75,topo,topoI,0.25
8047,2011.75,topo,gyrase,0.25
8047,2011.75,RNAP,RNAP,1.0
8047,2011.75,mRNA,tetA,28.0
8047,2011.75,mRNA,Raspberry,2.0
8047,2011.75,mRNA,mKalama1,3.0
8048,2012.0,topo,topoI,0.25
8048,2012.0,topo,gyrase,0.25
8048,2012.0,RNAP,RNAP,1.0
8048,2012.0,mRNA,tetA,28.0
8048,2012.0,mRNA,Raspberry,2.0
8048,2012.0,mRNA,mKalama1,3.0
8049,2012.25,topo,topoI,0.25
8049,2012.25,topo,gyrase,0.25
8049,2012.25,RNAP,RNAP,1.0
8049,2012.25,mRNA,tetA,28.0
8049,2012.25,mRNA,Raspberry,2.0
8049,2012.25,mRNA,mKalama1,3.0
8050,2012.5,topo,topoI,0.25
8050,2012.5,topo,gyrase,0.25
8050,2012.5,RNAP,RNAP,1.0
8050,2012.5,mRNA,tetA,28.0
8050,2012.5,mRNA,Raspberry,2.0
8050,2012.5,mRNA,mKalama1,3.0
8051,2012.75,topo,topoI,0.25
8051,2012.75,topo,gyrase,0.25
8051,2012.75,RNAP,RNAP,1.0
8051,2012.75,mRNA,tetA,28.0
8051,2012.75,mRNA,Raspberry,2.0
8051,2012.75,mRNA,mKalama1,3.0
8052,2013.0,topo,topoI,0.25
8052,2013.0,topo,gyrase,0.25
8052,2013.0,RNAP,RNAP,1.0
8052,2013.0,mRNA,tetA,28.0
8052,2013.0,mRNA,Raspberry,2.0
8052,2013.0,mRNA,mKalama1,3.0
8053,2013.25,topo,topoI,0.25
8053,2013.25,topo,gyrase,0.25
8053,2013.25,RNAP,RNAP,1.0
8053,2013.25,mRNA,tetA,28.0
8053,2013.25,mRNA,Raspberry,2.0
8053,2013.25,mRNA,mKalama1,3.0
8054,2013.5,topo,topoI,0.25
8054,2013.5,topo,gyrase,0.25
8054,2013.5,RNAP,RNAP,1.0
8054,2013.5,mRNA,tetA,28.0
8054,2013.5,mRNA,Raspberry,2.0
8054,2013.5,mRNA,mKalama1,3.0
8055,2013.75,topo,topoI,0.25
8055,2013.75,topo,gyrase,0.25
8055,2013.75,RNAP,RNAP,1.0
8055,2013.75,mRNA,tetA,28.0
8055,2013.75,mRNA,Raspberry,2.0
8055,2013.75,mRNA,mKalama1,3.0
8056,2014.0,topo,topoI,0.25
8056,2014.0,topo,gyrase,0.25
8056,2014.0,RNAP,RNAP,1.0
8056,2014.0,mRNA,tetA,28.0
8056,2014.0,mRNA,Raspberry,2.0
8056,2014.0,mRNA,mKalama1,3.0
8057,2014.25,topo,topoI,0.25
8057,2014.25,topo,gyrase,0.25
8057,2014.25,RNAP,RNAP,1.0
8057,2014.25,mRNA,tetA,28.0
8057,2014.25,mRNA,Raspberry,2.0
8057,2014.25,mRNA,mKalama1,3.0
8058,2014.5,topo,topoI,0.25
8058,2014.5,topo,gyrase,0.25
8058,2014.5,RNAP,RNAP,1.0
8058,2014.5,mRNA,tetA,28.0
8058,2014.5,mRNA,Raspberry,2.0
8058,2014.5,mRNA,mKalama1,3.0
8059,2014.75,topo,topoI,0.25
8059,2014.75,topo,gyrase,0.25
8059,2014.75,RNAP,RNAP,1.0
8059,2014.75,mRNA,tetA,28.0
8059,2014.75,mRNA,Raspberry,2.0
8059,2014.75,mRNA,mKalama1,3.0
8060,2015.0,topo,topoI,0.25
8060,2015.0,topo,gyrase,0.25
8060,2015.0,RNAP,RNAP,1.0
8060,2015.0,mRNA,tetA,28.0
8060,2015.0,mRNA,Raspberry,2.0
8060,2015.0,mRNA,mKalama1,3.0
8061,2015.25,topo,topoI,0.25
8061,2015.25,topo,gyrase,0.25
8061,2015.25,RNAP,RNAP,1.0
8061,2015.25,mRNA,tetA,28.0
8061,2015.25,mRNA,Raspberry,2.0
8061,2015.25,mRNA,mKalama1,3.0
8062,2015.5,topo,topoI,0.25
8062,2015.5,topo,gyrase,0.25
8062,2015.5,RNAP,RNAP,1.0
8062,2015.5,mRNA,tetA,28.0
8062,2015.5,mRNA,Raspberry,2.0
8062,2015.5,mRNA,mKalama1,3.0
8063,2015.75,topo,topoI,0.25
8063,2015.75,topo,gyrase,0.25
8063,2015.75,RNAP,RNAP,1.0
8063,2015.75,mRNA,tetA,28.0
8063,2015.75,mRNA,Raspberry,2.0
8063,2015.75,mRNA,mKalama1,3.0
8064,2016.0,topo,topoI,0.25
8064,2016.0,topo,gyrase,0.25
8064,2016.0,RNAP,RNAP,1.0
8064,2016.0,mRNA,tetA,28.0
8064,2016.0,mRNA,Raspberry,2.0
8064,2016.0,mRNA,mKalama1,3.0
8065,2016.25,topo,topoI,0.25
8065,2016.25,topo,gyrase,0.25
8065,2016.25,RNAP,RNAP,1.0
8065,2016.25,mRNA,tetA,28.0
8065,2016.25,mRNA,Raspberry,2.0
8065,2016.25,mRNA,mKalama1,3.0
8066,2016.5,topo,topoI,0.25
8066,2016.5,topo,gyrase,0.25
8066,2016.5,RNAP,RNAP,1.0
8066,2016.5,mRNA,tetA,28.0
8066,2016.5,mRNA,Raspberry,2.0
8066,2016.5,mRNA,mKalama1,3.0
8067,2016.75,topo,topoI,0.25
8067,2016.75,topo,gyrase,0.25
8067,2016.75,RNAP,RNAP,1.0
8067,2016.75,mRNA,tetA,28.0
8067,2016.75,mRNA,Raspberry,2.0
8067,2016.75,mRNA,mKalama1,3.0
8068,2017.0,topo,topoI,0.25
8068,2017.0,topo,gyrase,0.25
8068,2017.0,RNAP,RNAP,1.0
8068,2017.0,mRNA,tetA,28.0
8068,2017.0,mRNA,Raspberry,2.0
8068,2017.0,mRNA,mKalama1,3.0
8069,2017.25,topo,topoI,0.25
8069,2017.25,topo,gyrase,0.25
8069,2017.25,RNAP,RNAP,1.0
8069,2017.25,mRNA,tetA,28.0
8069,2017.25,mRNA,Raspberry,2.0
8069,2017.25,mRNA,mKalama1,3.0
8070,2017.5,topo,topoI,0.25
8070,2017.5,topo,gyrase,0.25
8070,2017.5,RNAP,RNAP,1.0
8070,2017.5,mRNA,tetA,28.0
8070,2017.5,mRNA,Raspberry,2.0
8070,2017.5,mRNA,mKalama1,3.0
8071,2017.75,topo,topoI,0.25
8071,2017.75,topo,gyrase,0.25
8071,2017.75,RNAP,RNAP,1.0
8071,2017.75,mRNA,tetA,28.0
8071,2017.75,mRNA,Raspberry,2.0
8071,2017.75,mRNA,mKalama1,3.0
8072,2018.0,topo,topoI,0.25
8072,2018.0,topo,gyrase,0.25
8072,2018.0,RNAP,RNAP,1.0
8072,2018.0,mRNA,tetA,28.0
8072,2018.0,mRNA,Raspberry,2.0
8072,2018.0,mRNA,mKalama1,3.0
8073,2018.25,topo,topoI,0.25
8073,2018.25,topo,gyrase,0.25
8073,2018.25,RNAP,RNAP,1.0
8073,2018.25,mRNA,tetA,28.0
8073,2018.25,mRNA,Raspberry,2.0
8073,2018.25,mRNA,mKalama1,3.0
8074,2018.5,topo,topoI,0.25
8074,2018.5,topo,gyrase,0.25
8074,2018.5,RNAP,RNAP,1.0
8074,2018.5,mRNA,tetA,28.0
8074,2018.5,mRNA,Raspberry,2.0
8074,2018.5,mRNA,mKalama1,3.0
8075,2018.75,topo,topoI,0.25
8075,2018.75,topo,gyrase,0.25
8075,2018.75,RNAP,RNAP,1.0
8075,2018.75,mRNA,tetA,28.0
8075,2018.75,mRNA,Raspberry,2.0
8075,2018.75,mRNA,mKalama1,3.0
8076,2019.0,topo,topoI,0.25
8076,2019.0,topo,gyrase,0.25
8076,2019.0,RNAP,RNAP,1.0
8076,2019.0,mRNA,tetA,28.0
8076,2019.0,mRNA,Raspberry,2.0
8076,2019.0,mRNA,mKalama1,3.0
8077,2019.25,topo,topoI,0.25
8077,2019.25,topo,gyrase,0.25
8077,2019.25,RNAP,RNAP,1.0
8077,2019.25,mRNA,tetA,28.0
8077,2019.25,mRNA,Raspberry,2.0
8077,2019.25,mRNA,mKalama1,3.0
8078,2019.5,topo,topoI,0.25
8078,2019.5,topo,gyrase,0.25
8078,2019.5,RNAP,RNAP,1.0
8078,2019.5,mRNA,tetA,28.0
8078,2019.5,mRNA,Raspberry,2.0
8078,2019.5,mRNA,mKalama1,3.0
8079,2019.75,topo,topoI,0.25
8079,2019.75,topo,gyrase,0.25
8079,2019.75,RNAP,RNAP,1.0
8079,2019.75,mRNA,tetA,28.0
8079,2019.75,mRNA,Raspberry,2.0
8079,2019.75,mRNA,mKalama1,3.0
8080,2020.0,topo,topoI,0.25
8080,2020.0,topo,gyrase,0.25
8080,2020.0,RNAP,RNAP,1.0
8080,2020.0,mRNA,tetA,28.0
8080,2020.0,mRNA,Raspberry,2.0
8080,2020.0,mRNA,mKalama1,3.0
8081,2020.25,topo,topoI,0.25
8081,2020.25,topo,gyrase,0.25
8081,2020.25,RNAP,RNAP,1.0
8081,2020.25,mRNA,tetA,28.0
8081,2020.25,mRNA,Raspberry,2.0
8081,2020.25,mRNA,mKalama1,3.0
8082,2020.5,topo,topoI,0.25
8082,2020.5,topo,gyrase,0.25
8082,2020.5,RNAP,RNAP,1.0
8082,2020.5,mRNA,tetA,28.0
8082,2020.5,mRNA,Raspberry,2.0
8082,2020.5,mRNA,mKalama1,3.0
8083,2020.75,topo,topoI,0.25
8083,2020.75,topo,gyrase,0.25
8083,2020.75,RNAP,RNAP,1.0
8083,2020.75,mRNA,tetA,28.0
8083,2020.75,mRNA,Raspberry,2.0
8083,2020.75,mRNA,mKalama1,3.0
8084,2021.0,topo,topoI,0.25
8084,2021.0,topo,gyrase,0.25
8084,2021.0,RNAP,RNAP,1.0
8084,2021.0,mRNA,tetA,28.0
8084,2021.0,mRNA,Raspberry,2.0
8084,2021.0,mRNA,mKalama1,3.0
8085,2021.25,topo,topoI,0.25
8085,2021.25,topo,gyrase,0.25
8085,2021.25,RNAP,RNAP,1.0
8085,2021.25,mRNA,tetA,28.0
8085,2021.25,mRNA,Raspberry,2.0
8085,2021.25,mRNA,mKalama1,3.0
8086,2021.5,topo,topoI,0.25
8086,2021.5,topo,gyrase,0.25
8086,2021.5,RNAP,RNAP,1.0
8086,2021.5,mRNA,tetA,28.0
8086,2021.5,mRNA,Raspberry,2.0
8086,2021.5,mRNA,mKalama1,3.0
8087,2021.75,topo,topoI,0.25
8087,2021.75,topo,gyrase,0.25
8087,2021.75,RNAP,RNAP,1.0
8087,2021.75,mRNA,tetA,28.0
8087,2021.75,mRNA,Raspberry,2.0
8087,2021.75,mRNA,mKalama1,3.0
8088,2022.0,topo,topoI,0.25
8088,2022.0,topo,gyrase,0.25
8088,2022.0,RNAP,RNAP,1.0
8088,2022.0,mRNA,tetA,28.0
8088,2022.0,mRNA,Raspberry,2.0
8088,2022.0,mRNA,mKalama1,3.0
8089,2022.25,topo,topoI,0.25
8089,2022.25,topo,gyrase,0.25
8089,2022.25,RNAP,RNAP,1.0
8089,2022.25,mRNA,tetA,28.0
8089,2022.25,mRNA,Raspberry,2.0
8089,2022.25,mRNA,mKalama1,3.0
8090,2022.5,topo,topoI,0.25
8090,2022.5,topo,gyrase,0.25
8090,2022.5,RNAP,RNAP,1.0
8090,2022.5,mRNA,tetA,28.0
8090,2022.5,mRNA,Raspberry,2.0
8090,2022.5,mRNA,mKalama1,3.0
8091,2022.75,topo,topoI,0.25
8091,2022.75,topo,gyrase,0.25
8091,2022.75,RNAP,RNAP,1.0
8091,2022.75,mRNA,tetA,28.0
8091,2022.75,mRNA,Raspberry,2.0
8091,2022.75,mRNA,mKalama1,3.0
8092,2023.0,topo,topoI,0.25
8092,2023.0,topo,gyrase,0.25
8092,2023.0,RNAP,RNAP,1.0
8092,2023.0,mRNA,tetA,28.0
8092,2023.0,mRNA,Raspberry,2.0
8092,2023.0,mRNA,mKalama1,3.0
8093,2023.25,topo,topoI,0.25
8093,2023.25,topo,gyrase,0.25
8093,2023.25,RNAP,RNAP,1.0
8093,2023.25,mRNA,tetA,28.0
8093,2023.25,mRNA,Raspberry,2.0
8093,2023.25,mRNA,mKalama1,3.0
8094,2023.5,topo,topoI,0.25
8094,2023.5,topo,gyrase,0.25
8094,2023.5,RNAP,RNAP,1.0
8094,2023.5,mRNA,tetA,28.0
8094,2023.5,mRNA,Raspberry,2.0
8094,2023.5,mRNA,mKalama1,3.0
8095,2023.75,topo,topoI,0.25
8095,2023.75,topo,gyrase,0.25
8095,2023.75,RNAP,RNAP,1.0
8095,2023.75,mRNA,tetA,28.0
8095,2023.75,mRNA,Raspberry,2.0
8095,2023.75,mRNA,mKalama1,3.0
8096,2024.0,topo,topoI,0.25
8096,2024.0,topo,gyrase,0.25
8096,2024.0,RNAP,RNAP,1.0
8096,2024.0,mRNA,tetA,28.0
8096,2024.0,mRNA,Raspberry,2.0
8096,2024.0,mRNA,mKalama1,3.0
8097,2024.25,topo,topoI,0.25
8097,2024.25,topo,gyrase,0.25
8097,2024.25,RNAP,RNAP,1.0
8097,2024.25,mRNA,tetA,28.0
8097,2024.25,mRNA,Raspberry,2.0
8097,2024.25,mRNA,mKalama1,3.0
8098,2024.5,topo,topoI,0.25
8098,2024.5,topo,gyrase,0.25
8098,2024.5,RNAP,RNAP,1.0
8098,2024.5,mRNA,tetA,28.0
8098,2024.5,mRNA,Raspberry,2.0
8098,2024.5,mRNA,mKalama1,3.0
8099,2024.75,topo,topoI,0.25
8099,2024.75,topo,gyrase,0.25
8099,2024.75,RNAP,RNAP,1.0
8099,2024.75,mRNA,tetA,28.0
8099,2024.75,mRNA,Raspberry,2.0
8099,2024.75,mRNA,mKalama1,3.0
8100,2025.0,topo,topoI,0.25
8100,2025.0,topo,gyrase,0.25
8100,2025.0,RNAP,RNAP,1.0
8100,2025.0,mRNA,tetA,28.0
8100,2025.0,mRNA,Raspberry,2.0
8100,2025.0,mRNA,mKalama1,3.0
8101,2025.25,topo,topoI,0.25
8101,2025.25,topo,gyrase,0.25
8101,2025.25,RNAP,RNAP,1.0
8101,2025.25,mRNA,tetA,28.0
8101,2025.25,mRNA,Raspberry,2.0
8101,2025.25,mRNA,mKalama1,3.0
8102,2025.5,topo,topoI,0.25
8102,2025.5,topo,gyrase,0.25
8102,2025.5,RNAP,RNAP,1.0
8102,2025.5,mRNA,tetA,28.0
8102,2025.5,mRNA,Raspberry,2.0
8102,2025.5,mRNA,mKalama1,3.0
8103,2025.75,topo,topoI,0.25
8103,2025.75,topo,gyrase,0.25
8103,2025.75,RNAP,RNAP,1.0
8103,2025.75,mRNA,tetA,28.0
8103,2025.75,mRNA,Raspberry,2.0
8103,2025.75,mRNA,mKalama1,3.0
8104,2026.0,topo,topoI,0.25
8104,2026.0,topo,gyrase,0.25
8104,2026.0,RNAP,RNAP,1.0
8104,2026.0,mRNA,tetA,28.0
8104,2026.0,mRNA,Raspberry,2.0
8104,2026.0,mRNA,mKalama1,3.0
8105,2026.25,topo,topoI,0.25
8105,2026.25,topo,gyrase,0.25
8105,2026.25,RNAP,RNAP,1.0
8105,2026.25,mRNA,tetA,28.0
8105,2026.25,mRNA,Raspberry,2.0
8105,2026.25,mRNA,mKalama1,3.0
8106,2026.5,topo,topoI,0.25
8106,2026.5,topo,gyrase,0.25
8106,2026.5,RNAP,RNAP,1.0
8106,2026.5,mRNA,tetA,28.0
8106,2026.5,mRNA,Raspberry,2.0
8106,2026.5,mRNA,mKalama1,3.0
8107,2026.75,topo,topoI,0.25
8107,2026.75,topo,gyrase,0.25
8107,2026.75,RNAP,RNAP,1.0
8107,2026.75,mRNA,tetA,28.0
8107,2026.75,mRNA,Raspberry,2.0
8107,2026.75,mRNA,mKalama1,3.0
8108,2027.0,topo,topoI,0.25
8108,2027.0,topo,gyrase,0.25
8108,2027.0,RNAP,RNAP,1.0
8108,2027.0,mRNA,tetA,28.0
8108,2027.0,mRNA,Raspberry,2.0
8108,2027.0,mRNA,mKalama1,3.0
8109,2027.25,topo,topoI,0.25
8109,2027.25,topo,gyrase,0.25
8109,2027.25,RNAP,RNAP,1.0
8109,2027.25,mRNA,tetA,28.0
8109,2027.25,mRNA,Raspberry,2.0
8109,2027.25,mRNA,mKalama1,3.0
8110,2027.5,topo,topoI,0.25
8110,2027.5,topo,gyrase,0.25
8110,2027.5,RNAP,RNAP,1.0
8110,2027.5,mRNA,tetA,28.0
8110,2027.5,mRNA,Raspberry,2.0
8110,2027.5,mRNA,mKalama1,3.0
8111,2027.75,topo,topoI,0.25
8111,2027.75,topo,gyrase,0.25
8111,2027.75,RNAP,RNAP,1.0
8111,2027.75,mRNA,tetA,28.0
8111,2027.75,mRNA,Raspberry,2.0
8111,2027.75,mRNA,mKalama1,3.0
8112,2028.0,topo,topoI,0.25
8112,2028.0,topo,gyrase,0.25
8112,2028.0,RNAP,RNAP,1.0
8112,2028.0,mRNA,tetA,28.0
8112,2028.0,mRNA,Raspberry,2.0
8112,2028.0,mRNA,mKalama1,3.0
8113,2028.25,topo,topoI,0.25
8113,2028.25,topo,gyrase,0.25
8113,2028.25,RNAP,RNAP,1.0
8113,2028.25,mRNA,tetA,28.0
8113,2028.25,mRNA,Raspberry,2.0
8113,2028.25,mRNA,mKalama1,3.0
8114,2028.5,topo,topoI,0.25
8114,2028.5,topo,gyrase,0.25
8114,2028.5,RNAP,RNAP,1.0
8114,2028.5,mRNA,tetA,28.0
8114,2028.5,mRNA,Raspberry,2.0
8114,2028.5,mRNA,mKalama1,3.0
8115,2028.75,topo,topoI,0.25
8115,2028.75,topo,gyrase,0.25
8115,2028.75,RNAP,RNAP,1.0
8115,2028.75,mRNA,tetA,28.0
8115,2028.75,mRNA,Raspberry,2.0
8115,2028.75,mRNA,mKalama1,3.0
8116,2029.0,topo,topoI,0.25
8116,2029.0,topo,gyrase,0.25
8116,2029.0,RNAP,RNAP,1.0
8116,2029.0,mRNA,tetA,28.0
8116,2029.0,mRNA,Raspberry,2.0
8116,2029.0,mRNA,mKalama1,3.0
8117,2029.25,topo,topoI,0.25
8117,2029.25,topo,gyrase,0.25
8117,2029.25,RNAP,RNAP,1.0
8117,2029.25,mRNA,tetA,28.0
8117,2029.25,mRNA,Raspberry,2.0
8117,2029.25,mRNA,mKalama1,3.0
8118,2029.5,topo,topoI,0.25
8118,2029.5,topo,gyrase,0.25
8118,2029.5,RNAP,RNAP,1.0
8118,2029.5,mRNA,tetA,28.0
8118,2029.5,mRNA,Raspberry,2.0
8118,2029.5,mRNA,mKalama1,3.0
8119,2029.75,topo,topoI,0.25
8119,2029.75,topo,gyrase,0.25
8119,2029.75,RNAP,RNAP,1.0
8119,2029.75,mRNA,tetA,28.0
8119,2029.75,mRNA,Raspberry,2.0
8119,2029.75,mRNA,mKalama1,3.0
8120,2030.0,topo,topoI,0.25
8120,2030.0,topo,gyrase,0.25
8120,2030.0,RNAP,RNAP,1.0
8120,2030.0,mRNA,tetA,28.0
8120,2030.0,mRNA,Raspberry,2.0
8120,2030.0,mRNA,mKalama1,3.0
8121,2030.25,topo,topoI,0.25
8121,2030.25,topo,gyrase,0.25
8121,2030.25,RNAP,RNAP,1.0
8121,2030.25,mRNA,tetA,28.0
8121,2030.25,mRNA,Raspberry,2.0
8121,2030.25,mRNA,mKalama1,3.0
8122,2030.5,topo,topoI,0.25
8122,2030.5,topo,gyrase,0.25
8122,2030.5,RNAP,RNAP,1.0
8122,2030.5,mRNA,tetA,28.0
8122,2030.5,mRNA,Raspberry,2.0
8122,2030.5,mRNA,mKalama1,3.0
8123,2030.75,topo,topoI,0.25
8123,2030.75,topo,gyrase,0.25
8123,2030.75,RNAP,RNAP,1.0
8123,2030.75,mRNA,tetA,28.0
8123,2030.75,mRNA,Raspberry,2.0
8123,2030.75,mRNA,mKalama1,3.0
8124,2031.0,topo,topoI,0.25
8124,2031.0,topo,gyrase,0.25
8124,2031.0,RNAP,RNAP,1.0
8124,2031.0,mRNA,tetA,28.0
8124,2031.0,mRNA,Raspberry,2.0
8124,2031.0,mRNA,mKalama1,3.0
8125,2031.25,topo,topoI,0.25
8125,2031.25,topo,gyrase,0.25
8125,2031.25,RNAP,RNAP,1.0
8125,2031.25,mRNA,tetA,28.0
8125,2031.25,mRNA,Raspberry,2.0
8125,2031.25,mRNA,mKalama1,3.0
8126,2031.5,topo,topoI,0.25
8126,2031.5,topo,gyrase,0.25
8126,2031.5,RNAP,RNAP,1.0
8126,2031.5,mRNA,tetA,28.0
8126,2031.5,mRNA,Raspberry,2.0
8126,2031.5,mRNA,mKalama1,3.0
8127,2031.75,topo,topoI,0.25
8127,2031.75,topo,gyrase,0.25
8127,2031.75,RNAP,RNAP,1.0
8127,2031.75,mRNA,tetA,28.0
8127,2031.75,mRNA,Raspberry,2.0
8127,2031.75,mRNA,mKalama1,3.0
8128,2032.0,topo,topoI,0.25
8128,2032.0,topo,gyrase,0.25
8128,2032.0,RNAP,RNAP,1.0
8128,2032.0,mRNA,tetA,28.0
8128,2032.0,mRNA,Raspberry,2.0
8128,2032.0,mRNA,mKalama1,3.0
8129,2032.25,topo,topoI,0.25
8129,2032.25,topo,gyrase,0.25
8129,2032.25,RNAP,RNAP,1.0
8129,2032.25,mRNA,tetA,28.0
8129,2032.25,mRNA,Raspberry,2.0
8129,2032.25,mRNA,mKalama1,3.0
8130,2032.5,topo,topoI,0.25
8130,2032.5,topo,gyrase,0.25
8130,2032.5,RNAP,RNAP,1.0
8130,2032.5,mRNA,tetA,28.0
8130,2032.5,mRNA,Raspberry,2.0
8130,2032.5,mRNA,mKalama1,3.0
8131,2032.75,topo,topoI,0.25
8131,2032.75,topo,gyrase,0.25
8131,2032.75,RNAP,RNAP,1.0
8131,2032.75,mRNA,tetA,28.0
8131,2032.75,mRNA,Raspberry,2.0
8131,2032.75,mRNA,mKalama1,3.0
8132,2033.0,topo,topoI,0.25
8132,2033.0,topo,gyrase,0.25
8132,2033.0,RNAP,RNAP,1.0
8132,2033.0,mRNA,tetA,28.0
8132,2033.0,mRNA,Raspberry,2.0
8132,2033.0,mRNA,mKalama1,3.0
8133,2033.25,topo,topoI,0.25
8133,2033.25,topo,gyrase,0.25
8133,2033.25,RNAP,RNAP,1.0
8133,2033.25,mRNA,tetA,28.0
8133,2033.25,mRNA,Raspberry,2.0
8133,2033.25,mRNA,mKalama1,3.0
8134,2033.5,topo,topoI,0.25
8134,2033.5,topo,gyrase,0.25
8134,2033.5,RNAP,RNAP,1.0
8134,2033.5,mRNA,tetA,28.0
8134,2033.5,mRNA,Raspberry,2.0
8134,2033.5,mRNA,mKalama1,3.0
8135,2033.75,topo,topoI,0.25
8135,2033.75,topo,gyrase,0.25
8135,2033.75,RNAP,RNAP,1.0
8135,2033.75,mRNA,tetA,28.0
8135,2033.75,mRNA,Raspberry,2.0
8135,2033.75,mRNA,mKalama1,3.0
8136,2034.0,topo,topoI,0.25
8136,2034.0,topo,gyrase,0.25
8136,2034.0,RNAP,RNAP,1.0
8136,2034.0,mRNA,tetA,28.0
8136,2034.0,mRNA,Raspberry,2.0
8136,2034.0,mRNA,mKalama1,3.0
8137,2034.25,topo,topoI,0.25
8137,2034.25,topo,gyrase,0.25
8137,2034.25,RNAP,RNAP,1.0
8137,2034.25,mRNA,tetA,28.0
8137,2034.25,mRNA,Raspberry,2.0
8137,2034.25,mRNA,mKalama1,3.0
8138,2034.5,topo,topoI,0.25
8138,2034.5,topo,gyrase,0.25
8138,2034.5,RNAP,RNAP,1.0
8138,2034.5,mRNA,tetA,28.0
8138,2034.5,mRNA,Raspberry,2.0
8138,2034.5,mRNA,mKalama1,3.0
8139,2034.75,topo,topoI,0.25
8139,2034.75,topo,gyrase,0.25
8139,2034.75,RNAP,RNAP,1.0
8139,2034.75,mRNA,tetA,28.0
8139,2034.75,mRNA,Raspberry,2.0
8139,2034.75,mRNA,mKalama1,3.0
8140,2035.0,topo,topoI,0.25
8140,2035.0,topo,gyrase,0.25
8140,2035.0,RNAP,RNAP,1.0
8140,2035.0,mRNA,tetA,28.0
8140,2035.0,mRNA,Raspberry,2.0
8140,2035.0,mRNA,mKalama1,3.0
8141,2035.25,topo,topoI,0.25
8141,2035.25,topo,gyrase,0.25
8141,2035.25,RNAP,RNAP,1.0
8141,2035.25,mRNA,tetA,28.0
8141,2035.25,mRNA,Raspberry,2.0
8141,2035.25,mRNA,mKalama1,3.0
8142,2035.5,topo,topoI,0.25
8142,2035.5,topo,gyrase,0.25
8142,2035.5,RNAP,RNAP,1.0
8142,2035.5,mRNA,tetA,28.0
8142,2035.5,mRNA,Raspberry,2.0
8142,2035.5,mRNA,mKalama1,3.0
8143,2035.75,topo,topoI,0.25
8143,2035.75,topo,gyrase,0.25
8143,2035.75,RNAP,RNAP,1.0
8143,2035.75,mRNA,tetA,28.0
8143,2035.75,mRNA,Raspberry,2.0
8143,2035.75,mRNA,mKalama1,3.0
8144,2036.0,topo,topoI,0.25
8144,2036.0,topo,gyrase,0.25
8144,2036.0,RNAP,RNAP,1.0
8144,2036.0,mRNA,tetA,28.0
8144,2036.0,mRNA,Raspberry,2.0
8144,2036.0,mRNA,mKalama1,3.0
8145,2036.25,topo,topoI,0.25
8145,2036.25,topo,gyrase,0.25
8145,2036.25,RNAP,RNAP,1.0
8145,2036.25,mRNA,tetA,28.0
8145,2036.25,mRNA,Raspberry,2.0
8145,2036.25,mRNA,mKalama1,3.0
8146,2036.5,topo,topoI,0.25
8146,2036.5,topo,gyrase,0.25
8146,2036.5,RNAP,RNAP,1.0
8146,2036.5,mRNA,tetA,28.0
8146,2036.5,mRNA,Raspberry,2.0
8146,2036.5,mRNA,mKalama1,3.0
8147,2036.75,topo,topoI,0.25
8147,2036.75,topo,gyrase,0.25
8147,2036.75,RNAP,RNAP,1.0
8147,2036.75,mRNA,tetA,28.0
8147,2036.75,mRNA,Raspberry,2.0
8147,2036.75,mRNA,mKalama1,3.0
8148,2037.0,topo,topoI,0.25
8148,2037.0,topo,gyrase,0.25
8148,2037.0,RNAP,RNAP,1.0
8148,2037.0,mRNA,tetA,28.0
8148,2037.0,mRNA,Raspberry,2.0
8148,2037.0,mRNA,mKalama1,3.0
8149,2037.25,topo,topoI,0.25
8149,2037.25,topo,gyrase,0.25
8149,2037.25,RNAP,RNAP,1.0
8149,2037.25,mRNA,tetA,28.0
8149,2037.25,mRNA,Raspberry,2.0
8149,2037.25,mRNA,mKalama1,3.0
8150,2037.5,topo,topoI,0.25
8150,2037.5,topo,gyrase,0.25
8150,2037.5,RNAP,RNAP,1.0
8150,2037.5,mRNA,tetA,28.0
8150,2037.5,mRNA,Raspberry,2.0
8150,2037.5,mRNA,mKalama1,3.0
8151,2037.75,topo,topoI,0.25
8151,2037.75,topo,gyrase,0.25
8151,2037.75,RNAP,RNAP,1.0
8151,2037.75,mRNA,tetA,28.0
8151,2037.75,mRNA,Raspberry,2.0
8151,2037.75,mRNA,mKalama1,3.0
8152,2038.0,topo,topoI,0.25
8152,2038.0,topo,gyrase,0.25
8152,2038.0,RNAP,RNAP,1.0
8152,2038.0,mRNA,tetA,28.0
8152,2038.0,mRNA,Raspberry,2.0
8152,2038.0,mRNA,mKalama1,3.0
8153,2038.25,topo,topoI,0.25
8153,2038.25,topo,gyrase,0.25
8153,2038.25,RNAP,RNAP,1.0
8153,2038.25,mRNA,tetA,28.0
8153,2038.25,mRNA,Raspberry,2.0
8153,2038.25,mRNA,mKalama1,3.0
8154,2038.5,topo,topoI,0.25
8154,2038.5,topo,gyrase,0.25
8154,2038.5,RNAP,RNAP,1.0
8154,2038.5,mRNA,tetA,28.0
8154,2038.5,mRNA,Raspberry,2.0
8154,2038.5,mRNA,mKalama1,3.0
8155,2038.75,topo,topoI,0.25
8155,2038.75,topo,gyrase,0.25
8155,2038.75,RNAP,RNAP,1.0
8155,2038.75,mRNA,tetA,28.0
8155,2038.75,mRNA,Raspberry,2.0
8155,2038.75,mRNA,mKalama1,3.0
8156,2039.0,topo,topoI,0.25
8156,2039.0,topo,gyrase,0.25
8156,2039.0,RNAP,RNAP,1.0
8156,2039.0,mRNA,tetA,28.0
8156,2039.0,mRNA,Raspberry,2.0
8156,2039.0,mRNA,mKalama1,3.0
8157,2039.25,topo,topoI,0.25
8157,2039.25,topo,gyrase,0.25
8157,2039.25,RNAP,RNAP,1.0
8157,2039.25,mRNA,tetA,28.0
8157,2039.25,mRNA,Raspberry,2.0
8157,2039.25,mRNA,mKalama1,3.0
8158,2039.5,topo,topoI,0.25
8158,2039.5,topo,gyrase,0.25
8158,2039.5,RNAP,RNAP,1.0
8158,2039.5,mRNA,tetA,28.0
8158,2039.5,mRNA,Raspberry,2.0
8158,2039.5,mRNA,mKalama1,3.0
8159,2039.75,topo,topoI,0.25
8159,2039.75,topo,gyrase,0.25
8159,2039.75,RNAP,RNAP,1.0
8159,2039.75,mRNA,tetA,28.0
8159,2039.75,mRNA,Raspberry,2.0
8159,2039.75,mRNA,mKalama1,3.0
8160,2040.0,topo,topoI,0.25
8160,2040.0,topo,gyrase,0.25
8160,2040.0,RNAP,RNAP,1.0
8160,2040.0,mRNA,tetA,28.0
8160,2040.0,mRNA,Raspberry,2.0
8160,2040.0,mRNA,mKalama1,3.0
8161,2040.25,topo,topoI,0.25
8161,2040.25,topo,gyrase,0.25
8161,2040.25,RNAP,RNAP,1.0
8161,2040.25,mRNA,tetA,28.0
8161,2040.25,mRNA,Raspberry,2.0
8161,2040.25,mRNA,mKalama1,3.0
8162,2040.5,topo,topoI,0.25
8162,2040.5,topo,gyrase,0.25
8162,2040.5,RNAP,RNAP,1.0
8162,2040.5,mRNA,tetA,28.0
8162,2040.5,mRNA,Raspberry,2.0
8162,2040.5,mRNA,mKalama1,3.0
8163,2040.75,topo,topoI,0.25
8163,2040.75,topo,gyrase,0.25
8163,2040.75,RNAP,RNAP,1.0
8163,2040.75,mRNA,tetA,28.0
8163,2040.75,mRNA,Raspberry,2.0
8163,2040.75,mRNA,mKalama1,3.0
8164,2041.0,topo,topoI,0.25
8164,2041.0,topo,gyrase,0.25
8164,2041.0,RNAP,RNAP,1.0
8164,2041.0,mRNA,tetA,28.0
8164,2041.0,mRNA,Raspberry,2.0
8164,2041.0,mRNA,mKalama1,3.0
8165,2041.25,topo,topoI,0.25
8165,2041.25,topo,gyrase,0.25
8165,2041.25,RNAP,RNAP,1.0
8165,2041.25,mRNA,tetA,28.0
8165,2041.25,mRNA,Raspberry,2.0
8165,2041.25,mRNA,mKalama1,3.0
8166,2041.5,topo,topoI,0.25
8166,2041.5,topo,gyrase,0.25
8166,2041.5,RNAP,RNAP,1.0
8166,2041.5,mRNA,tetA,28.0
8166,2041.5,mRNA,Raspberry,2.0
8166,2041.5,mRNA,mKalama1,3.0
8167,2041.75,topo,topoI,0.25
8167,2041.75,topo,gyrase,0.25
8167,2041.75,RNAP,RNAP,1.0
8167,2041.75,mRNA,tetA,28.0
8167,2041.75,mRNA,Raspberry,2.0
8167,2041.75,mRNA,mKalama1,3.0
8168,2042.0,topo,topoI,0.25
8168,2042.0,topo,gyrase,0.25
8168,2042.0,RNAP,RNAP,1.0
8168,2042.0,mRNA,tetA,28.0
8168,2042.0,mRNA,Raspberry,2.0
8168,2042.0,mRNA,mKalama1,3.0
8169,2042.25,topo,topoI,0.25
8169,2042.25,topo,gyrase,0.25
8169,2042.25,RNAP,RNAP,1.0
8169,2042.25,mRNA,tetA,28.0
8169,2042.25,mRNA,Raspberry,2.0
8169,2042.25,mRNA,mKalama1,3.0
8170,2042.5,topo,topoI,0.25
8170,2042.5,topo,gyrase,0.25
8170,2042.5,RNAP,RNAP,1.0
8170,2042.5,mRNA,tetA,28.0
8170,2042.5,mRNA,Raspberry,2.0
8170,2042.5,mRNA,mKalama1,3.0
8171,2042.75,topo,topoI,0.25
8171,2042.75,topo,gyrase,0.25
8171,2042.75,RNAP,RNAP,1.0
8171,2042.75,mRNA,tetA,28.0
8171,2042.75,mRNA,Raspberry,2.0
8171,2042.75,mRNA,mKalama1,3.0
8172,2043.0,topo,topoI,0.25
8172,2043.0,topo,gyrase,0.25
8172,2043.0,RNAP,RNAP,1.0
8172,2043.0,mRNA,tetA,28.0
8172,2043.0,mRNA,Raspberry,2.0
8172,2043.0,mRNA,mKalama1,3.0
8173,2043.25,topo,topoI,0.25
8173,2043.25,topo,gyrase,0.25
8173,2043.25,RNAP,RNAP,1.0
8173,2043.25,mRNA,tetA,28.0
8173,2043.25,mRNA,Raspberry,2.0
8173,2043.25,mRNA,mKalama1,3.0
8174,2043.5,topo,topoI,0.25
8174,2043.5,topo,gyrase,0.25
8174,2043.5,RNAP,RNAP,1.0
8174,2043.5,mRNA,tetA,28.0
8174,2043.5,mRNA,Raspberry,2.0
8174,2043.5,mRNA,mKalama1,3.0
8175,2043.75,topo,topoI,0.25
8175,2043.75,topo,gyrase,0.25
8175,2043.75,RNAP,RNAP,1.0
8175,2043.75,mRNA,tetA,28.0
8175,2043.75,mRNA,Raspberry,2.0
8175,2043.75,mRNA,mKalama1,3.0
8176,2044.0,topo,topoI,0.25
8176,2044.0,topo,gyrase,0.25
8176,2044.0,RNAP,RNAP,1.0
8176,2044.0,mRNA,tetA,28.0
8176,2044.0,mRNA,Raspberry,2.0
8176,2044.0,mRNA,mKalama1,3.0
8177,2044.25,topo,topoI,0.25
8177,2044.25,topo,gyrase,0.25
8177,2044.25,RNAP,RNAP,1.0
8177,2044.25,mRNA,tetA,28.0
8177,2044.25,mRNA,Raspberry,2.0
8177,2044.25,mRNA,mKalama1,3.0
8178,2044.5,topo,topoI,0.25
8178,2044.5,topo,gyrase,0.25
8178,2044.5,RNAP,RNAP,1.0
8178,2044.5,mRNA,tetA,28.0
8178,2044.5,mRNA,Raspberry,2.0
8178,2044.5,mRNA,mKalama1,3.0
8179,2044.75,topo,topoI,0.25
8179,2044.75,topo,gyrase,0.25
8179,2044.75,RNAP,RNAP,1.0
8179,2044.75,mRNA,tetA,28.0
8179,2044.75,mRNA,Raspberry,2.0
8179,2044.75,mRNA,mKalama1,3.0
8180,2045.0,topo,topoI,0.25
8180,2045.0,topo,gyrase,0.25
8180,2045.0,RNAP,RNAP,1.0
8180,2045.0,mRNA,tetA,28.0
8180,2045.0,mRNA,Raspberry,2.0
8180,2045.0,mRNA,mKalama1,3.0
8181,2045.25,topo,topoI,0.25
8181,2045.25,topo,gyrase,0.25
8181,2045.25,RNAP,RNAP,1.0
8181,2045.25,mRNA,tetA,28.0
8181,2045.25,mRNA,Raspberry,2.0
8181,2045.25,mRNA,mKalama1,3.0
8182,2045.5,topo,topoI,0.25
8182,2045.5,topo,gyrase,0.25
8182,2045.5,RNAP,RNAP,1.0
8182,2045.5,mRNA,tetA,28.0
8182,2045.5,mRNA,Raspberry,2.0
8182,2045.5,mRNA,mKalama1,3.0
8183,2045.75,topo,topoI,0.25
8183,2045.75,topo,gyrase,0.25
8183,2045.75,RNAP,RNAP,1.0
8183,2045.75,mRNA,tetA,28.0
8183,2045.75,mRNA,Raspberry,2.0
8183,2045.75,mRNA,mKalama1,3.0
8184,2046.0,topo,topoI,0.25
8184,2046.0,topo,gyrase,0.25
8184,2046.0,RNAP,RNAP,1.0
8184,2046.0,mRNA,tetA,28.0
8184,2046.0,mRNA,Raspberry,2.0
8184,2046.0,mRNA,mKalama1,3.0
8185,2046.25,topo,topoI,0.25
8185,2046.25,topo,gyrase,0.25
8185,2046.25,RNAP,RNAP,1.0
8185,2046.25,mRNA,tetA,28.0
8185,2046.25,mRNA,Raspberry,2.0
8185,2046.25,mRNA,mKalama1,3.0
8186,2046.5,topo,topoI,0.25
8186,2046.5,topo,gyrase,0.25
8186,2046.5,RNAP,RNAP,1.0
8186,2046.5,mRNA,tetA,28.0
8186,2046.5,mRNA,Raspberry,2.0
8186,2046.5,mRNA,mKalama1,3.0
8187,2046.75,topo,topoI,0.25
8187,2046.75,topo,gyrase,0.25
8187,2046.75,RNAP,RNAP,1.0
8187,2046.75,mRNA,tetA,28.0
8187,2046.75,mRNA,Raspberry,2.0
8187,2046.75,mRNA,mKalama1,3.0
8188,2047.0,topo,topoI,0.25
8188,2047.0,topo,gyrase,0.25
8188,2047.0,RNAP,RNAP,1.0
8188,2047.0,mRNA,tetA,28.0
8188,2047.0,mRNA,Raspberry,2.0
8188,2047.0,mRNA,mKalama1,3.0
8189,2047.25,topo,topoI,0.25
8189,2047.25,topo,gyrase,0.25
8189,2047.25,RNAP,RNAP,1.0
8189,2047.25,mRNA,tetA,28.0
8189,2047.25,mRNA,Raspberry,2.0
8189,2047.25,mRNA,mKalama1,3.0
8190,2047.5,topo,topoI,0.25
8190,2047.5,topo,gyrase,0.25
8190,2047.5,RNAP,RNAP,1.0
8190,2047.5,mRNA,tetA,28.0
8190,2047.5,mRNA,Raspberry,2.0
8190,2047.5,mRNA,mKalama1,3.0
8191,2047.75,topo,topoI,0.25
8191,2047.75,topo,gyrase,0.25
8191,2047.75,RNAP,RNAP,1.0
8191,2047.75,mRNA,tetA,28.0
8191,2047.75,mRNA,Raspberry,2.0
8191,2047.75,mRNA,mKalama1,3.0
8192,2048.0,topo,topoI,0.25
8192,2048.0,topo,gyrase,0.25
8192,2048.0,RNAP,RNAP,1.0
8192,2048.0,mRNA,tetA,28.0
8192,2048.0,mRNA,Raspberry,2.0
8192,2048.0,mRNA,mKalama1,3.0
8193,2048.25,topo,topoI,0.25
8193,2048.25,topo,gyrase,0.25
8193,2048.25,RNAP,RNAP,1.0
8193,2048.25,mRNA,tetA,28.0
8193,2048.25,mRNA,Raspberry,2.0
8193,2048.25,mRNA,mKalama1,3.0
8194,2048.5,topo,topoI,0.25
8194,2048.5,topo,gyrase,0.25
8194,2048.5,RNAP,RNAP,1.0
8194,2048.5,mRNA,tetA,28.0
8194,2048.5,mRNA,Raspberry,2.0
8194,2048.5,mRNA,mKalama1,3.0
8195,2048.75,topo,topoI,0.25
8195,2048.75,topo,gyrase,0.25
8195,2048.75,RNAP,RNAP,1.0
8195,2048.75,mRNA,tetA,28.0
8195,2048.75,mRNA,Raspberry,2.0
8195,2048.75,mRNA,mKalama1,3.0
8196,2049.0,topo,topoI,0.25
8196,2049.0,topo,gyrase,0.25
8196,2049.0,RNAP,RNAP,1.0
8196,2049.0,mRNA,tetA,28.0
8196,2049.0,mRNA,Raspberry,2.0
8196,2049.0,mRNA,mKalama1,3.0
8197,2049.25,topo,topoI,0.25
8197,2049.25,topo,gyrase,0.25
8197,2049.25,RNAP,RNAP,1.0
8197,2049.25,mRNA,tetA,28.0
8197,2049.25,mRNA,Raspberry,2.0
8197,2049.25,mRNA,mKalama1,3.0
8198,2049.5,topo,topoI,0.25
8198,2049.5,topo,gyrase,0.25
8198,2049.5,RNAP,RNAP,1.0
8198,2049.5,mRNA,tetA,28.0
8198,2049.5,mRNA,Raspberry,2.0
8198,2049.5,mRNA,mKalama1,3.0
8199,2049.75,topo,topoI,0.25
8199,2049.75,topo,gyrase,0.25
8199,2049.75,RNAP,RNAP,1.0
8199,2049.75,mRNA,tetA,28.0
8199,2049.75,mRNA,Raspberry,2.0
8199,2049.75,mRNA,mKalama1,3.0
8200,2050.0,topo,topoI,0.25
8200,2050.0,topo,gyrase,0.25
8200,2050.0,RNAP,RNAP,1.0
8200,2050.0,mRNA,tetA,28.0
8200,2050.0,mRNA,Raspberry,2.0
8200,2050.0,mRNA,mKalama1,3.0
8201,2050.25,topo,topoI,0.25
8201,2050.25,topo,gyrase,0.25
8201,2050.25,RNAP,RNAP,1.0
8201,2050.25,mRNA,tetA,28.0
8201,2050.25,mRNA,Raspberry,2.0
8201,2050.25,mRNA,mKalama1,3.0
8202,2050.5,topo,topoI,0.25
8202,2050.5,topo,gyrase,0.25
8202,2050.5,RNAP,RNAP,1.0
8202,2050.5,mRNA,tetA,28.0
8202,2050.5,mRNA,Raspberry,2.0
8202,2050.5,mRNA,mKalama1,3.0
8203,2050.75,topo,topoI,0.25
8203,2050.75,topo,gyrase,0.25
8203,2050.75,RNAP,RNAP,1.0
8203,2050.75,mRNA,tetA,28.0
8203,2050.75,mRNA,Raspberry,2.0
8203,2050.75,mRNA,mKalama1,3.0
8204,2051.0,topo,topoI,0.25
8204,2051.0,topo,gyrase,0.25
8204,2051.0,RNAP,RNAP,1.0
8204,2051.0,mRNA,tetA,28.0
8204,2051.0,mRNA,Raspberry,2.0
8204,2051.0,mRNA,mKalama1,3.0
8205,2051.25,topo,topoI,0.25
8205,2051.25,topo,gyrase,0.25
8205,2051.25,RNAP,RNAP,1.0
8205,2051.25,mRNA,tetA,28.0
8205,2051.25,mRNA,Raspberry,2.0
8205,2051.25,mRNA,mKalama1,3.0
8206,2051.5,topo,topoI,0.25
8206,2051.5,topo,gyrase,0.25
8206,2051.5,RNAP,RNAP,1.0
8206,2051.5,mRNA,tetA,28.0
8206,2051.5,mRNA,Raspberry,2.0
8206,2051.5,mRNA,mKalama1,3.0
8207,2051.75,topo,topoI,0.25
8207,2051.75,topo,gyrase,0.25
8207,2051.75,RNAP,RNAP,1.0
8207,2051.75,mRNA,tetA,28.0
8207,2051.75,mRNA,Raspberry,2.0
8207,2051.75,mRNA,mKalama1,3.0
8208,2052.0,topo,topoI,0.25
8208,2052.0,topo,gyrase,0.25
8208,2052.0,RNAP,RNAP,1.0
8208,2052.0,mRNA,tetA,28.0
8208,2052.0,mRNA,Raspberry,2.0
8208,2052.0,mRNA,mKalama1,3.0
8209,2052.25,topo,topoI,0.25
8209,2052.25,topo,gyrase,0.25
8209,2052.25,RNAP,RNAP,1.0
8209,2052.25,mRNA,tetA,28.0
8209,2052.25,mRNA,Raspberry,2.0
8209,2052.25,mRNA,mKalama1,3.0
8210,2052.5,topo,topoI,0.25
8210,2052.5,topo,gyrase,0.25
8210,2052.5,RNAP,RNAP,1.0
8210,2052.5,mRNA,tetA,28.0
8210,2052.5,mRNA,Raspberry,2.0
8210,2052.5,mRNA,mKalama1,3.0
8211,2052.75,topo,topoI,0.25
8211,2052.75,topo,gyrase,0.25
8211,2052.75,RNAP,RNAP,1.0
8211,2052.75,mRNA,tetA,28.0
8211,2052.75,mRNA,Raspberry,2.0
8211,2052.75,mRNA,mKalama1,3.0
8212,2053.0,topo,topoI,0.25
8212,2053.0,topo,gyrase,0.25
8212,2053.0,RNAP,RNAP,1.0
8212,2053.0,mRNA,tetA,28.0
8212,2053.0,mRNA,Raspberry,2.0
8212,2053.0,mRNA,mKalama1,3.0
8213,2053.25,topo,topoI,0.25
8213,2053.25,topo,gyrase,0.25
8213,2053.25,RNAP,RNAP,1.0
8213,2053.25,mRNA,tetA,28.0
8213,2053.25,mRNA,Raspberry,2.0
8213,2053.25,mRNA,mKalama1,3.0
8214,2053.5,topo,topoI,0.25
8214,2053.5,topo,gyrase,0.25
8214,2053.5,RNAP,RNAP,1.0
8214,2053.5,mRNA,tetA,28.0
8214,2053.5,mRNA,Raspberry,2.0
8214,2053.5,mRNA,mKalama1,3.0
8215,2053.75,topo,topoI,0.25
8215,2053.75,topo,gyrase,0.25
8215,2053.75,RNAP,RNAP,1.0
8215,2053.75,mRNA,tetA,28.0
8215,2053.75,mRNA,Raspberry,2.0
8215,2053.75,mRNA,mKalama1,3.0
8216,2054.0,topo,topoI,0.25
8216,2054.0,topo,gyrase,0.25
8216,2054.0,RNAP,RNAP,1.0
8216,2054.0,mRNA,tetA,28.0
8216,2054.0,mRNA,Raspberry,2.0
8216,2054.0,mRNA,mKalama1,3.0
8217,2054.25,topo,topoI,0.25
8217,2054.25,topo,gyrase,0.25
8217,2054.25,RNAP,RNAP,1.0
8217,2054.25,mRNA,tetA,28.0
8217,2054.25,mRNA,Raspberry,2.0
8217,2054.25,mRNA,mKalama1,3.0
8218,2054.5,topo,topoI,0.25
8218,2054.5,topo,gyrase,0.25
8218,2054.5,RNAP,RNAP,1.0
8218,2054.5,mRNA,tetA,28.0
8218,2054.5,mRNA,Raspberry,2.0
8218,2054.5,mRNA,mKalama1,3.0
8219,2054.75,topo,topoI,0.25
8219,2054.75,topo,gyrase,0.25
8219,2054.75,RNAP,RNAP,1.0
8219,2054.75,mRNA,tetA,28.0
8219,2054.75,mRNA,Raspberry,2.0
8219,2054.75,mRNA,mKalama1,3.0
8220,2055.0,topo,topoI,0.25
8220,2055.0,topo,gyrase,0.25
8220,2055.0,RNAP,RNAP,1.0
8220,2055.0,mRNA,tetA,28.0
8220,2055.0,mRNA,Raspberry,2.0
8220,2055.0,mRNA,mKalama1,3.0
8221,2055.25,topo,topoI,0.25
8221,2055.25,topo,gyrase,0.25
8221,2055.25,RNAP,RNAP,1.0
8221,2055.25,mRNA,tetA,28.0
8221,2055.25,mRNA,Raspberry,2.0
8221,2055.25,mRNA,mKalama1,3.0
8222,2055.5,topo,topoI,0.25
8222,2055.5,topo,gyrase,0.25
8222,2055.5,RNAP,RNAP,1.0
8222,2055.5,mRNA,tetA,28.0
8222,2055.5,mRNA,Raspberry,2.0
8222,2055.5,mRNA,mKalama1,3.0
8223,2055.75,topo,topoI,0.25
8223,2055.75,topo,gyrase,0.25
8223,2055.75,RNAP,RNAP,1.0
8223,2055.75,mRNA,tetA,28.0
8223,2055.75,mRNA,Raspberry,2.0
8223,2055.75,mRNA,mKalama1,3.0
8224,2056.0,topo,topoI,0.25
8224,2056.0,topo,gyrase,0.25
8224,2056.0,RNAP,RNAP,1.0
8224,2056.0,mRNA,tetA,28.0
8224,2056.0,mRNA,Raspberry,2.0
8224,2056.0,mRNA,mKalama1,3.0
8225,2056.25,topo,topoI,0.25
8225,2056.25,topo,gyrase,0.25
8225,2056.25,RNAP,RNAP,1.0
8225,2056.25,mRNA,tetA,28.0
8225,2056.25,mRNA,Raspberry,2.0
8225,2056.25,mRNA,mKalama1,3.0
8226,2056.5,topo,topoI,0.25
8226,2056.5,topo,gyrase,0.25
8226,2056.5,RNAP,RNAP,1.0
8226,2056.5,mRNA,tetA,28.0
8226,2056.5,mRNA,Raspberry,2.0
8226,2056.5,mRNA,mKalama1,3.0
8227,2056.75,topo,topoI,0.25
8227,2056.75,topo,gyrase,0.25
8227,2056.75,RNAP,RNAP,1.0
8227,2056.75,mRNA,tetA,28.0
8227,2056.75,mRNA,Raspberry,2.0
8227,2056.75,mRNA,mKalama1,3.0
8228,2057.0,topo,topoI,0.25
8228,2057.0,topo,gyrase,0.25
8228,2057.0,RNAP,RNAP,1.0
8228,2057.0,mRNA,tetA,28.0
8228,2057.0,mRNA,Raspberry,2.0
8228,2057.0,mRNA,mKalama1,3.0
8229,2057.25,topo,topoI,0.25
8229,2057.25,topo,gyrase,0.25
8229,2057.25,RNAP,RNAP,1.0
8229,2057.25,mRNA,tetA,28.0
8229,2057.25,mRNA,Raspberry,2.0
8229,2057.25,mRNA,mKalama1,3.0
8230,2057.5,topo,topoI,0.25
8230,2057.5,topo,gyrase,0.25
8230,2057.5,RNAP,RNAP,1.0
8230,2057.5,mRNA,tetA,28.0
8230,2057.5,mRNA,Raspberry,2.0
8230,2057.5,mRNA,mKalama1,3.0
8231,2057.75,topo,topoI,0.25
8231,2057.75,topo,gyrase,0.25
8231,2057.75,RNAP,RNAP,1.0
8231,2057.75,mRNA,tetA,28.0
8231,2057.75,mRNA,Raspberry,2.0
8231,2057.75,mRNA,mKalama1,3.0
8232,2058.0,topo,topoI,0.25
8232,2058.0,topo,gyrase,0.25
8232,2058.0,RNAP,RNAP,1.0
8232,2058.0,mRNA,tetA,28.0
8232,2058.0,mRNA,Raspberry,2.0
8232,2058.0,mRNA,mKalama1,3.0
8233,2058.25,topo,topoI,0.25
8233,2058.25,topo,gyrase,0.25
8233,2058.25,RNAP,RNAP,1.0
8233,2058.25,mRNA,tetA,28.0
8233,2058.25,mRNA,Raspberry,2.0
8233,2058.25,mRNA,mKalama1,3.0
8234,2058.5,topo,topoI,0.25
8234,2058.5,topo,gyrase,0.25
8234,2058.5,RNAP,RNAP,1.0
8234,2058.5,mRNA,tetA,28.0
8234,2058.5,mRNA,Raspberry,2.0
8234,2058.5,mRNA,mKalama1,3.0
8235,2058.75,topo,topoI,0.25
8235,2058.75,topo,gyrase,0.25
8235,2058.75,RNAP,RNAP,1.0
8235,2058.75,mRNA,tetA,28.0
8235,2058.75,mRNA,Raspberry,2.0
8235,2058.75,mRNA,mKalama1,3.0
8236,2059.0,topo,topoI,0.25
8236,2059.0,topo,gyrase,0.25
8236,2059.0,RNAP,RNAP,1.0
8236,2059.0,mRNA,tetA,28.0
8236,2059.0,mRNA,Raspberry,2.0
8236,2059.0,mRNA,mKalama1,3.0
8237,2059.25,topo,topoI,0.25
8237,2059.25,topo,gyrase,0.25
8237,2059.25,RNAP,RNAP,1.0
8237,2059.25,mRNA,tetA,28.0
8237,2059.25,mRNA,Raspberry,2.0
8237,2059.25,mRNA,mKalama1,3.0
8238,2059.5,topo,topoI,0.25
8238,2059.5,topo,gyrase,0.25
8238,2059.5,RNAP,RNAP,1.0
8238,2059.5,mRNA,tetA,28.0
8238,2059.5,mRNA,Raspberry,2.0
8238,2059.5,mRNA,mKalama1,3.0
8239,2059.75,topo,topoI,0.25
8239,2059.75,topo,gyrase,0.25
8239,2059.75,RNAP,RNAP,1.0
8239,2059.75,mRNA,tetA,28.0
8239,2059.75,mRNA,Raspberry,2.0
8239,2059.75,mRNA,mKalama1,3.0
8240,2060.0,topo,topoI,0.25
8240,2060.0,topo,gyrase,0.25
8240,2060.0,RNAP,RNAP,1.0
8240,2060.0,mRNA,tetA,28.0
8240,2060.0,mRNA,Raspberry,2.0
8240,2060.0,mRNA,mKalama1,3.0
8241,2060.25,topo,topoI,0.25
8241,2060.25,topo,gyrase,0.25
8241,2060.25,RNAP,RNAP,1.0
8241,2060.25,mRNA,tetA,28.0
8241,2060.25,mRNA,Raspberry,2.0
8241,2060.25,mRNA,mKalama1,3.0
8242,2060.5,topo,topoI,0.25
8242,2060.5,topo,gyrase,0.25
8242,2060.5,RNAP,RNAP,1.0
8242,2060.5,mRNA,tetA,28.0
8242,2060.5,mRNA,Raspberry,2.0
8242,2060.5,mRNA,mKalama1,3.0
8243,2060.75,topo,topoI,0.25
8243,2060.75,topo,gyrase,0.25
8243,2060.75,RNAP,RNAP,1.0
8243,2060.75,mRNA,tetA,28.0
8243,2060.75,mRNA,Raspberry,2.0
8243,2060.75,mRNA,mKalama1,3.0
8244,2061.0,topo,topoI,0.25
8244,2061.0,topo,gyrase,0.25
8244,2061.0,RNAP,RNAP,1.0
8244,2061.0,mRNA,tetA,28.0
8244,2061.0,mRNA,Raspberry,2.0
8244,2061.0,mRNA,mKalama1,3.0
8245,2061.25,topo,topoI,0.25
8245,2061.25,topo,gyrase,0.25
8245,2061.25,RNAP,RNAP,1.0
8245,2061.25,mRNA,tetA,28.0
8245,2061.25,mRNA,Raspberry,2.0
8245,2061.25,mRNA,mKalama1,3.0
8246,2061.5,topo,topoI,0.25
8246,2061.5,topo,gyrase,0.25
8246,2061.5,RNAP,RNAP,1.0
8246,2061.5,mRNA,tetA,28.0
8246,2061.5,mRNA,Raspberry,2.0
8246,2061.5,mRNA,mKalama1,3.0
8247,2061.75,topo,topoI,0.25
8247,2061.75,topo,gyrase,0.25
8247,2061.75,RNAP,RNAP,1.0
8247,2061.75,mRNA,tetA,28.0
8247,2061.75,mRNA,Raspberry,2.0
8247,2061.75,mRNA,mKalama1,3.0
8248,2062.0,topo,topoI,0.25
8248,2062.0,topo,gyrase,0.25
8248,2062.0,RNAP,RNAP,1.0
8248,2062.0,mRNA,tetA,28.0
8248,2062.0,mRNA,Raspberry,2.0
8248,2062.0,mRNA,mKalama1,3.0
8249,2062.25,topo,topoI,0.25
8249,2062.25,topo,gyrase,0.25
8249,2062.25,RNAP,RNAP,1.0
8249,2062.25,mRNA,tetA,28.0
8249,2062.25,mRNA,Raspberry,2.0
8249,2062.25,mRNA,mKalama1,3.0
8250,2062.5,topo,topoI,0.25
8250,2062.5,topo,gyrase,0.25
8250,2062.5,RNAP,RNAP,1.0
8250,2062.5,mRNA,tetA,28.0
8250,2062.5,mRNA,Raspberry,2.0
8250,2062.5,mRNA,mKalama1,3.0
8251,2062.75,topo,topoI,0.25
8251,2062.75,topo,gyrase,0.25
8251,2062.75,RNAP,RNAP,1.0
8251,2062.75,mRNA,tetA,28.0
8251,2062.75,mRNA,Raspberry,2.0
8251,2062.75,mRNA,mKalama1,3.0
8252,2063.0,topo,topoI,0.25
8252,2063.0,topo,gyrase,0.25
8252,2063.0,RNAP,RNAP,1.0
8252,2063.0,mRNA,tetA,28.0
8252,2063.0,mRNA,Raspberry,2.0
8252,2063.0,mRNA,mKalama1,3.0
8253,2063.25,topo,topoI,0.25
8253,2063.25,topo,gyrase,0.25
8253,2063.25,RNAP,RNAP,1.0
8253,2063.25,mRNA,tetA,28.0
8253,2063.25,mRNA,Raspberry,2.0
8253,2063.25,mRNA,mKalama1,3.0
8254,2063.5,topo,topoI,0.25
8254,2063.5,topo,gyrase,0.25
8254,2063.5,RNAP,RNAP,1.0
8254,2063.5,mRNA,tetA,28.0
8254,2063.5,mRNA,Raspberry,2.0
8254,2063.5,mRNA,mKalama1,3.0
8255,2063.75,topo,topoI,0.25
8255,2063.75,topo,gyrase,0.25
8255,2063.75,RNAP,RNAP,1.0
8255,2063.75,mRNA,tetA,28.0
8255,2063.75,mRNA,Raspberry,2.0
8255,2063.75,mRNA,mKalama1,3.0
8256,2064.0,topo,topoI,0.25
8256,2064.0,topo,gyrase,0.25
8256,2064.0,RNAP,RNAP,1.0
8256,2064.0,mRNA,tetA,28.0
8256,2064.0,mRNA,Raspberry,2.0
8256,2064.0,mRNA,mKalama1,3.0
8257,2064.25,topo,topoI,0.25
8257,2064.25,topo,gyrase,0.25
8257,2064.25,RNAP,RNAP,1.0
8257,2064.25,mRNA,tetA,28.0
8257,2064.25,mRNA,Raspberry,2.0
8257,2064.25,mRNA,mKalama1,3.0
8258,2064.5,topo,topoI,0.25
8258,2064.5,topo,gyrase,0.25
8258,2064.5,RNAP,RNAP,1.0
8258,2064.5,mRNA,tetA,28.0
8258,2064.5,mRNA,Raspberry,2.0
8258,2064.5,mRNA,mKalama1,3.0
8259,2064.75,topo,topoI,0.25
8259,2064.75,topo,gyrase,0.25
8259,2064.75,RNAP,RNAP,1.0
8259,2064.75,mRNA,tetA,28.0
8259,2064.75,mRNA,Raspberry,2.0
8259,2064.75,mRNA,mKalama1,3.0
8260,2065.0,topo,topoI,0.25
8260,2065.0,topo,gyrase,0.25
8260,2065.0,RNAP,RNAP,1.0
8260,2065.0,mRNA,tetA,28.0
8260,2065.0,mRNA,Raspberry,2.0
8260,2065.0,mRNA,mKalama1,3.0
8261,2065.25,topo,topoI,0.25
8261,2065.25,topo,gyrase,0.25
8261,2065.25,RNAP,RNAP,1.0
8261,2065.25,mRNA,tetA,28.0
8261,2065.25,mRNA,Raspberry,2.0
8261,2065.25,mRNA,mKalama1,3.0
8262,2065.5,topo,topoI,0.25
8262,2065.5,topo,gyrase,0.25
8262,2065.5,RNAP,RNAP,1.0
8262,2065.5,mRNA,tetA,28.0
8262,2065.5,mRNA,Raspberry,2.0
8262,2065.5,mRNA,mKalama1,3.0
8263,2065.75,topo,topoI,0.25
8263,2065.75,topo,gyrase,0.25
8263,2065.75,RNAP,RNAP,1.0
8263,2065.75,mRNA,tetA,28.0
8263,2065.75,mRNA,Raspberry,2.0
8263,2065.75,mRNA,mKalama1,3.0
8264,2066.0,topo,topoI,0.25
8264,2066.0,topo,gyrase,0.25
8264,2066.0,RNAP,RNAP,1.0
8264,2066.0,mRNA,tetA,28.0
8264,2066.0,mRNA,Raspberry,2.0
8264,2066.0,mRNA,mKalama1,3.0
8265,2066.25,topo,topoI,0.25
8265,2066.25,topo,gyrase,0.25
8265,2066.25,RNAP,RNAP,1.0
8265,2066.25,mRNA,tetA,28.0
8265,2066.25,mRNA,Raspberry,2.0
8265,2066.25,mRNA,mKalama1,3.0
8266,2066.5,topo,topoI,0.25
8266,2066.5,topo,gyrase,0.25
8266,2066.5,RNAP,RNAP,1.0
8266,2066.5,mRNA,tetA,28.0
8266,2066.5,mRNA,Raspberry,2.0
8266,2066.5,mRNA,mKalama1,3.0
8267,2066.75,topo,topoI,0.25
8267,2066.75,topo,gyrase,0.25
8267,2066.75,RNAP,RNAP,1.0
8267,2066.75,mRNA,tetA,28.0
8267,2066.75,mRNA,Raspberry,2.0
8267,2066.75,mRNA,mKalama1,3.0
8268,2067.0,topo,topoI,0.25
8268,2067.0,topo,gyrase,0.25
8268,2067.0,RNAP,RNAP,1.0
8268,2067.0,mRNA,tetA,28.0
8268,2067.0,mRNA,Raspberry,2.0
8268,2067.0,mRNA,mKalama1,3.0
8269,2067.25,topo,topoI,0.25
8269,2067.25,topo,gyrase,0.25
8269,2067.25,RNAP,RNAP,1.0
8269,2067.25,mRNA,tetA,28.0
8269,2067.25,mRNA,Raspberry,2.0
8269,2067.25,mRNA,mKalama1,3.0
8270,2067.5,topo,topoI,0.25
8270,2067.5,topo,gyrase,0.25
8270,2067.5,RNAP,RNAP,1.0
8270,2067.5,mRNA,tetA,28.0
8270,2067.5,mRNA,Raspberry,2.0
8270,2067.5,mRNA,mKalama1,3.0
8271,2067.75,topo,topoI,0.25
8271,2067.75,topo,gyrase,0.25
8271,2067.75,RNAP,RNAP,1.0
8271,2067.75,mRNA,tetA,28.0
8271,2067.75,mRNA,Raspberry,2.0
8271,2067.75,mRNA,mKalama1,3.0
8272,2068.0,topo,topoI,0.25
8272,2068.0,topo,gyrase,0.25
8272,2068.0,RNAP,RNAP,1.0
8272,2068.0,mRNA,tetA,28.0
8272,2068.0,mRNA,Raspberry,2.0
8272,2068.0,mRNA,mKalama1,3.0
8273,2068.25,topo,topoI,0.25
8273,2068.25,topo,gyrase,0.25
8273,2068.25,RNAP,RNAP,1.0
8273,2068.25,mRNA,tetA,28.0
8273,2068.25,mRNA,Raspberry,2.0
8273,2068.25,mRNA,mKalama1,3.0
8274,2068.5,topo,topoI,0.25
8274,2068.5,topo,gyrase,0.25
8274,2068.5,RNAP,RNAP,1.0
8274,2068.5,mRNA,tetA,28.0
8274,2068.5,mRNA,Raspberry,2.0
8274,2068.5,mRNA,mKalama1,3.0
8275,2068.75,topo,topoI,0.25
8275,2068.75,topo,gyrase,0.25
8275,2068.75,RNAP,RNAP,1.0
8275,2068.75,mRNA,tetA,28.0
8275,2068.75,mRNA,Raspberry,2.0
8275,2068.75,mRNA,mKalama1,3.0
8276,2069.0,topo,topoI,0.25
8276,2069.0,topo,gyrase,0.25
8276,2069.0,RNAP,RNAP,1.0
8276,2069.0,mRNA,tetA,28.0
8276,2069.0,mRNA,Raspberry,2.0
8276,2069.0,mRNA,mKalama1,3.0
8277,2069.25,topo,topoI,0.25
8277,2069.25,topo,gyrase,0.25
8277,2069.25,RNAP,RNAP,1.0
8277,2069.25,mRNA,tetA,28.0
8277,2069.25,mRNA,Raspberry,2.0
8277,2069.25,mRNA,mKalama1,3.0
8278,2069.5,topo,topoI,0.25
8278,2069.5,topo,gyrase,0.25
8278,2069.5,RNAP,RNAP,1.0
8278,2069.5,mRNA,tetA,28.0
8278,2069.5,mRNA,Raspberry,2.0
8278,2069.5,mRNA,mKalama1,3.0
8279,2069.75,topo,topoI,0.25
8279,2069.75,topo,gyrase,0.25
8279,2069.75,RNAP,RNAP,1.0
8279,2069.75,mRNA,tetA,28.0
8279,2069.75,mRNA,Raspberry,2.0
8279,2069.75,mRNA,mKalama1,3.0
8280,2070.0,topo,topoI,0.25
8280,2070.0,topo,gyrase,0.25
8280,2070.0,RNAP,RNAP,1.0
8280,2070.0,mRNA,tetA,28.0
8280,2070.0,mRNA,Raspberry,2.0
8280,2070.0,mRNA,mKalama1,3.0
8281,2070.25,topo,topoI,0.25
8281,2070.25,topo,gyrase,0.25
8281,2070.25,RNAP,RNAP,1.0
8281,2070.25,mRNA,tetA,28.0
8281,2070.25,mRNA,Raspberry,2.0
8281,2070.25,mRNA,mKalama1,3.0
8282,2070.5,topo,topoI,0.25
8282,2070.5,topo,gyrase,0.25
8282,2070.5,RNAP,RNAP,1.0
8282,2070.5,mRNA,tetA,28.0
8282,2070.5,mRNA,Raspberry,2.0
8282,2070.5,mRNA,mKalama1,3.0
8283,2070.75,topo,topoI,0.25
8283,2070.75,topo,gyrase,0.25
8283,2070.75,RNAP,RNAP,1.0
8283,2070.75,mRNA,tetA,28.0
8283,2070.75,mRNA,Raspberry,2.0
8283,2070.75,mRNA,mKalama1,3.0
8284,2071.0,topo,topoI,0.25
8284,2071.0,topo,gyrase,0.25
8284,2071.0,RNAP,RNAP,1.0
8284,2071.0,mRNA,tetA,28.0
8284,2071.0,mRNA,Raspberry,2.0
8284,2071.0,mRNA,mKalama1,3.0
8285,2071.25,topo,topoI,0.25
8285,2071.25,topo,gyrase,0.25
8285,2071.25,RNAP,RNAP,1.0
8285,2071.25,mRNA,tetA,28.0
8285,2071.25,mRNA,Raspberry,2.0
8285,2071.25,mRNA,mKalama1,3.0
8286,2071.5,topo,topoI,0.25
8286,2071.5,topo,gyrase,0.25
8286,2071.5,RNAP,RNAP,1.0
8286,2071.5,mRNA,tetA,28.0
8286,2071.5,mRNA,Raspberry,2.0
8286,2071.5,mRNA,mKalama1,3.0
8287,2071.75,topo,topoI,0.25
8287,2071.75,topo,gyrase,0.25
8287,2071.75,RNAP,RNAP,1.0
8287,2071.75,mRNA,tetA,28.0
8287,2071.75,mRNA,Raspberry,2.0
8287,2071.75,mRNA,mKalama1,3.0
8288,2072.0,topo,topoI,0.25
8288,2072.0,topo,gyrase,0.25
8288,2072.0,RNAP,RNAP,1.0
8288,2072.0,mRNA,tetA,28.0
8288,2072.0,mRNA,Raspberry,2.0
8288,2072.0,mRNA,mKalama1,3.0
8289,2072.25,topo,topoI,0.25
8289,2072.25,topo,gyrase,0.25
8289,2072.25,RNAP,RNAP,1.0
8289,2072.25,mRNA,tetA,28.0
8289,2072.25,mRNA,Raspberry,2.0
8289,2072.25,mRNA,mKalama1,3.0
8290,2072.5,topo,topoI,0.25
8290,2072.5,topo,gyrase,0.25
8290,2072.5,RNAP,RNAP,1.0
8290,2072.5,mRNA,tetA,28.0
8290,2072.5,mRNA,Raspberry,2.0
8290,2072.5,mRNA,mKalama1,3.0
8291,2072.75,topo,topoI,0.25
8291,2072.75,topo,gyrase,0.25
8291,2072.75,RNAP,RNAP,1.0
8291,2072.75,mRNA,tetA,28.0
8291,2072.75,mRNA,Raspberry,2.0
8291,2072.75,mRNA,mKalama1,3.0
8292,2073.0,topo,topoI,0.25
8292,2073.0,topo,gyrase,0.25
8292,2073.0,RNAP,RNAP,1.0
8292,2073.0,mRNA,tetA,28.0
8292,2073.0,mRNA,Raspberry,2.0
8292,2073.0,mRNA,mKalama1,3.0
8293,2073.25,topo,topoI,0.25
8293,2073.25,topo,gyrase,0.25
8293,2073.25,RNAP,RNAP,1.0
8293,2073.25,mRNA,tetA,28.0
8293,2073.25,mRNA,Raspberry,2.0
8293,2073.25,mRNA,mKalama1,3.0
8294,2073.5,topo,topoI,0.25
8294,2073.5,topo,gyrase,0.25
8294,2073.5,RNAP,RNAP,1.0
8294,2073.5,mRNA,tetA,28.0
8294,2073.5,mRNA,Raspberry,2.0
8294,2073.5,mRNA,mKalama1,3.0
8295,2073.75,topo,topoI,0.25
8295,2073.75,topo,gyrase,0.25
8295,2073.75,RNAP,RNAP,1.0
8295,2073.75,mRNA,tetA,28.0
8295,2073.75,mRNA,Raspberry,2.0
8295,2073.75,mRNA,mKalama1,3.0
8296,2074.0,topo,topoI,0.25
8296,2074.0,topo,gyrase,0.25
8296,2074.0,RNAP,RNAP,1.0
8296,2074.0,mRNA,tetA,28.0
8296,2074.0,mRNA,Raspberry,2.0
8296,2074.0,mRNA,mKalama1,3.0
8297,2074.25,topo,topoI,0.25
8297,2074.25,topo,gyrase,0.25
8297,2074.25,RNAP,RNAP,1.0
8297,2074.25,mRNA,tetA,28.0
8297,2074.25,mRNA,Raspberry,2.0
8297,2074.25,mRNA,mKalama1,3.0
8298,2074.5,topo,topoI,0.25
8298,2074.5,topo,gyrase,0.25
8298,2074.5,RNAP,RNAP,1.0
8298,2074.5,mRNA,tetA,28.0
8298,2074.5,mRNA,Raspberry,2.0
8298,2074.5,mRNA,mKalama1,3.0
8299,2074.75,topo,topoI,0.25
8299,2074.75,topo,gyrase,0.25
8299,2074.75,RNAP,RNAP,1.0
8299,2074.75,mRNA,tetA,28.0
8299,2074.75,mRNA,Raspberry,2.0
8299,2074.75,mRNA,mKalama1,3.0
8300,2075.0,topo,topoI,0.25
8300,2075.0,topo,gyrase,0.25
8300,2075.0,RNAP,RNAP,1.0
8300,2075.0,mRNA,tetA,28.0
8300,2075.0,mRNA,Raspberry,2.0
8300,2075.0,mRNA,mKalama1,3.0
8301,2075.25,topo,topoI,0.25
8301,2075.25,topo,gyrase,0.25
8301,2075.25,RNAP,RNAP,1.0
8301,2075.25,mRNA,tetA,28.0
8301,2075.25,mRNA,Raspberry,2.0
8301,2075.25,mRNA,mKalama1,3.0
8302,2075.5,topo,topoI,0.25
8302,2075.5,topo,gyrase,0.25
8302,2075.5,RNAP,RNAP,1.0
8302,2075.5,mRNA,tetA,28.0
8302,2075.5,mRNA,Raspberry,2.0
8302,2075.5,mRNA,mKalama1,3.0
8303,2075.75,topo,topoI,0.25
8303,2075.75,topo,gyrase,0.25
8303,2075.75,RNAP,RNAP,1.0
8303,2075.75,mRNA,tetA,28.0
8303,2075.75,mRNA,Raspberry,2.0
8303,2075.75,mRNA,mKalama1,3.0
8304,2076.0,topo,topoI,0.25
8304,2076.0,topo,gyrase,0.25
8304,2076.0,RNAP,RNAP,1.0
8304,2076.0,mRNA,tetA,28.0
8304,2076.0,mRNA,Raspberry,2.0
8304,2076.0,mRNA,mKalama1,3.0
8305,2076.25,topo,topoI,0.25
8305,2076.25,topo,gyrase,0.25
8305,2076.25,RNAP,RNAP,1.0
8305,2076.25,mRNA,tetA,28.0
8305,2076.25,mRNA,Raspberry,2.0
8305,2076.25,mRNA,mKalama1,3.0
8306,2076.5,topo,topoI,0.25
8306,2076.5,topo,gyrase,0.25
8306,2076.5,RNAP,RNAP,1.0
8306,2076.5,mRNA,tetA,28.0
8306,2076.5,mRNA,Raspberry,2.0
8306,2076.5,mRNA,mKalama1,3.0
8307,2076.75,topo,topoI,0.25
8307,2076.75,topo,gyrase,0.25
8307,2076.75,RNAP,RNAP,1.0
8307,2076.75,mRNA,tetA,28.0
8307,2076.75,mRNA,Raspberry,2.0
8307,2076.75,mRNA,mKalama1,3.0
8308,2077.0,topo,topoI,0.25
8308,2077.0,topo,gyrase,0.25
8308,2077.0,RNAP,RNAP,1.0
8308,2077.0,mRNA,tetA,28.0
8308,2077.0,mRNA,Raspberry,2.0
8308,2077.0,mRNA,mKalama1,3.0
8309,2077.25,topo,topoI,0.25
8309,2077.25,topo,gyrase,0.25
8309,2077.25,RNAP,RNAP,1.0
8309,2077.25,mRNA,tetA,28.0
8309,2077.25,mRNA,Raspberry,2.0
8309,2077.25,mRNA,mKalama1,3.0
8310,2077.5,topo,topoI,0.25
8310,2077.5,topo,gyrase,0.25
8310,2077.5,RNAP,RNAP,1.0
8310,2077.5,mRNA,tetA,28.0
8310,2077.5,mRNA,Raspberry,2.0
8310,2077.5,mRNA,mKalama1,3.0
8311,2077.75,topo,topoI,0.25
8311,2077.75,topo,gyrase,0.25
8311,2077.75,RNAP,RNAP,1.0
8311,2077.75,mRNA,tetA,28.0
8311,2077.75,mRNA,Raspberry,2.0
8311,2077.75,mRNA,mKalama1,3.0
8312,2078.0,topo,topoI,0.25
8312,2078.0,topo,gyrase,0.25
8312,2078.0,RNAP,RNAP,1.0
8312,2078.0,mRNA,tetA,28.0
8312,2078.0,mRNA,Raspberry,2.0
8312,2078.0,mRNA,mKalama1,3.0
8313,2078.25,topo,topoI,0.25
8313,2078.25,topo,gyrase,0.25
8313,2078.25,RNAP,RNAP,1.0
8313,2078.25,mRNA,tetA,28.0
8313,2078.25,mRNA,Raspberry,2.0
8313,2078.25,mRNA,mKalama1,3.0
8314,2078.5,topo,topoI,0.25
8314,2078.5,topo,gyrase,0.25
8314,2078.5,RNAP,RNAP,1.0
8314,2078.5,mRNA,tetA,28.0
8314,2078.5,mRNA,Raspberry,2.0
8314,2078.5,mRNA,mKalama1,3.0
8315,2078.75,topo,topoI,0.25
8315,2078.75,topo,gyrase,0.25
8315,2078.75,RNAP,RNAP,1.0
8315,2078.75,mRNA,tetA,28.0
8315,2078.75,mRNA,Raspberry,2.0
8315,2078.75,mRNA,mKalama1,3.0
8316,2079.0,topo,topoI,0.25
8316,2079.0,topo,gyrase,0.25
8316,2079.0,RNAP,RNAP,1.0
8316,2079.0,mRNA,tetA,28.0
8316,2079.0,mRNA,Raspberry,2.0
8316,2079.0,mRNA,mKalama1,3.0
8317,2079.25,topo,topoI,0.25
8317,2079.25,topo,gyrase,0.25
8317,2079.25,RNAP,RNAP,1.0
8317,2079.25,mRNA,tetA,28.0
8317,2079.25,mRNA,Raspberry,2.0
8317,2079.25,mRNA,mKalama1,3.0
8318,2079.5,topo,topoI,0.25
8318,2079.5,topo,gyrase,0.25
8318,2079.5,RNAP,RNAP,1.0
8318,2079.5,mRNA,tetA,28.0
8318,2079.5,mRNA,Raspberry,2.0
8318,2079.5,mRNA,mKalama1,3.0
8319,2079.75,topo,topoI,0.25
8319,2079.75,topo,gyrase,0.25
8319,2079.75,RNAP,RNAP,1.0
8319,2079.75,mRNA,tetA,28.0
8319,2079.75,mRNA,Raspberry,2.0
8319,2079.75,mRNA,mKalama1,3.0
8320,2080.0,topo,topoI,0.25
8320,2080.0,topo,gyrase,0.25
8320,2080.0,RNAP,RNAP,1.0
8320,2080.0,mRNA,tetA,28.0
8320,2080.0,mRNA,Raspberry,2.0
8320,2080.0,mRNA,mKalama1,3.0
8321,2080.25,topo,topoI,0.25
8321,2080.25,topo,gyrase,0.25
8321,2080.25,RNAP,RNAP,1.0
8321,2080.25,mRNA,tetA,28.0
8321,2080.25,mRNA,Raspberry,2.0
8321,2080.25,mRNA,mKalama1,3.0
8322,2080.5,topo,topoI,0.25
8322,2080.5,topo,gyrase,0.25
8322,2080.5,RNAP,RNAP,1.0
8322,2080.5,mRNA,tetA,28.0
8322,2080.5,mRNA,Raspberry,2.0
8322,2080.5,mRNA,mKalama1,3.0
8323,2080.75,topo,topoI,0.25
8323,2080.75,topo,gyrase,0.25
8323,2080.75,RNAP,RNAP,1.0
8323,2080.75,mRNA,tetA,28.0
8323,2080.75,mRNA,Raspberry,2.0
8323,2080.75,mRNA,mKalama1,3.0
8324,2081.0,topo,topoI,0.25
8324,2081.0,topo,gyrase,0.25
8324,2081.0,RNAP,RNAP,1.0
8324,2081.0,mRNA,tetA,28.0
8324,2081.0,mRNA,Raspberry,2.0
8324,2081.0,mRNA,mKalama1,3.0
8325,2081.25,topo,topoI,0.25
8325,2081.25,topo,gyrase,0.25
8325,2081.25,RNAP,RNAP,1.0
8325,2081.25,mRNA,tetA,28.0
8325,2081.25,mRNA,Raspberry,2.0
8325,2081.25,mRNA,mKalama1,3.0
8326,2081.5,topo,topoI,0.25
8326,2081.5,topo,gyrase,0.25
8326,2081.5,RNAP,RNAP,1.0
8326,2081.5,mRNA,tetA,28.0
8326,2081.5,mRNA,Raspberry,2.0
8326,2081.5,mRNA,mKalama1,3.0
8327,2081.75,topo,topoI,0.25
8327,2081.75,topo,gyrase,0.25
8327,2081.75,RNAP,RNAP,1.0
8327,2081.75,mRNA,tetA,28.0
8327,2081.75,mRNA,Raspberry,2.0
8327,2081.75,mRNA,mKalama1,3.0
8328,2082.0,topo,topoI,0.25
8328,2082.0,topo,gyrase,0.25
8328,2082.0,RNAP,RNAP,1.0
8328,2082.0,mRNA,tetA,28.0
8328,2082.0,mRNA,Raspberry,2.0
8328,2082.0,mRNA,mKalama1,3.0
8329,2082.25,topo,topoI,0.25
8329,2082.25,topo,gyrase,0.25
8329,2082.25,RNAP,RNAP,1.0
8329,2082.25,mRNA,tetA,28.0
8329,2082.25,mRNA,Raspberry,2.0
8329,2082.25,mRNA,mKalama1,3.0
8330,2082.5,topo,topoI,0.25
8330,2082.5,topo,gyrase,0.25
8330,2082.5,RNAP,RNAP,1.0
8330,2082.5,mRNA,tetA,28.0
8330,2082.5,mRNA,Raspberry,2.0
8330,2082.5,mRNA,mKalama1,3.0
8331,2082.75,topo,topoI,0.25
8331,2082.75,topo,gyrase,0.25
8331,2082.75,RNAP,RNAP,1.0
8331,2082.75,mRNA,tetA,28.0
8331,2082.75,mRNA,Raspberry,2.0
8331,2082.75,mRNA,mKalama1,3.0
8332,2083.0,topo,topoI,0.25
8332,2083.0,topo,gyrase,0.25
8332,2083.0,RNAP,RNAP,1.0
8332,2083.0,mRNA,tetA,28.0
8332,2083.0,mRNA,Raspberry,2.0
8332,2083.0,mRNA,mKalama1,3.0
8333,2083.25,topo,topoI,0.25
8333,2083.25,topo,gyrase,0.25
8333,2083.25,RNAP,RNAP,1.0
8333,2083.25,mRNA,tetA,28.0
8333,2083.25,mRNA,Raspberry,2.0
8333,2083.25,mRNA,mKalama1,3.0
8334,2083.5,topo,topoI,0.25
8334,2083.5,topo,gyrase,0.25
8334,2083.5,RNAP,RNAP,1.0
8334,2083.5,mRNA,tetA,28.0
8334,2083.5,mRNA,Raspberry,2.0
8334,2083.5,mRNA,mKalama1,3.0
8335,2083.75,topo,topoI,0.25
8335,2083.75,topo,gyrase,0.25
8335,2083.75,RNAP,RNAP,1.0
8335,2083.75,mRNA,tetA,28.0
8335,2083.75,mRNA,Raspberry,2.0
8335,2083.75,mRNA,mKalama1,3.0
8336,2084.0,topo,topoI,0.25
8336,2084.0,topo,gyrase,0.25
8336,2084.0,RNAP,RNAP,1.0
8336,2084.0,mRNA,tetA,28.0
8336,2084.0,mRNA,Raspberry,2.0
8336,2084.0,mRNA,mKalama1,3.0
8337,2084.25,topo,topoI,0.25
8337,2084.25,topo,gyrase,0.25
8337,2084.25,RNAP,RNAP,1.0
8337,2084.25,mRNA,tetA,28.0
8337,2084.25,mRNA,Raspberry,2.0
8337,2084.25,mRNA,mKalama1,3.0
8338,2084.5,topo,topoI,0.25
8338,2084.5,topo,gyrase,0.25
8338,2084.5,RNAP,RNAP,1.0
8338,2084.5,mRNA,tetA,28.0
8338,2084.5,mRNA,Raspberry,2.0
8338,2084.5,mRNA,mKalama1,3.0
8339,2084.75,topo,topoI,0.25
8339,2084.75,topo,gyrase,0.25
8339,2084.75,RNAP,RNAP,1.0
8339,2084.75,mRNA,tetA,28.0
8339,2084.75,mRNA,Raspberry,2.0
8339,2084.75,mRNA,mKalama1,3.0
8340,2085.0,topo,topoI,0.25
8340,2085.0,topo,gyrase,0.25
8340,2085.0,RNAP,RNAP,1.0
8340,2085.0,mRNA,tetA,28.0
8340,2085.0,mRNA,Raspberry,2.0
8340,2085.0,mRNA,mKalama1,3.0
8341,2085.25,topo,topoI,0.25
8341,2085.25,topo,gyrase,0.25
8341,2085.25,RNAP,RNAP,1.0
8341,2085.25,mRNA,tetA,28.0
8341,2085.25,mRNA,Raspberry,2.0
8341,2085.25,mRNA,mKalama1,3.0
8342,2085.5,topo,topoI,0.25
8342,2085.5,topo,gyrase,0.25
8342,2085.5,RNAP,RNAP,1.0
8342,2085.5,mRNA,tetA,28.0
8342,2085.5,mRNA,Raspberry,2.0
8342,2085.5,mRNA,mKalama1,3.0
8343,2085.75,topo,topoI,0.25
8343,2085.75,topo,gyrase,0.25
8343,2085.75,RNAP,RNAP,1.0
8343,2085.75,mRNA,tetA,28.0
8343,2085.75,mRNA,Raspberry,2.0
8343,2085.75,mRNA,mKalama1,3.0
8344,2086.0,topo,topoI,0.25
8344,2086.0,topo,gyrase,0.25
8344,2086.0,RNAP,RNAP,1.0
8344,2086.0,mRNA,tetA,28.0
8344,2086.0,mRNA,Raspberry,2.0
8344,2086.0,mRNA,mKalama1,3.0
8345,2086.25,topo,topoI,0.25
8345,2086.25,topo,gyrase,0.25
8345,2086.25,RNAP,RNAP,1.0
8345,2086.25,mRNA,tetA,28.0
8345,2086.25,mRNA,Raspberry,2.0
8345,2086.25,mRNA,mKalama1,3.0
8346,2086.5,topo,topoI,0.25
8346,2086.5,topo,gyrase,0.25
8346,2086.5,RNAP,RNAP,1.0
8346,2086.5,mRNA,tetA,28.0
8346,2086.5,mRNA,Raspberry,2.0
8346,2086.5,mRNA,mKalama1,3.0
8347,2086.75,topo,topoI,0.25
8347,2086.75,topo,gyrase,0.25
8347,2086.75,RNAP,RNAP,1.0
8347,2086.75,mRNA,tetA,28.0
8347,2086.75,mRNA,Raspberry,2.0
8347,2086.75,mRNA,mKalama1,3.0
8348,2087.0,topo,topoI,0.25
8348,2087.0,topo,gyrase,0.25
8348,2087.0,RNAP,RNAP,1.0
8348,2087.0,mRNA,tetA,28.0
8348,2087.0,mRNA,Raspberry,2.0
8348,2087.0,mRNA,mKalama1,3.0
8349,2087.25,topo,topoI,0.25
8349,2087.25,topo,gyrase,0.25
8349,2087.25,RNAP,RNAP,1.0
8349,2087.25,mRNA,tetA,28.0
8349,2087.25,mRNA,Raspberry,2.0
8349,2087.25,mRNA,mKalama1,3.0
8350,2087.5,topo,topoI,0.25
8350,2087.5,topo,gyrase,0.25
8350,2087.5,RNAP,RNAP,1.0
8350,2087.5,mRNA,tetA,28.0
8350,2087.5,mRNA,Raspberry,2.0
8350,2087.5,mRNA,mKalama1,3.0
8351,2087.75,topo,topoI,0.25
8351,2087.75,topo,gyrase,0.25
8351,2087.75,RNAP,RNAP,1.0
8351,2087.75,mRNA,tetA,28.0
8351,2087.75,mRNA,Raspberry,2.0
8351,2087.75,mRNA,mKalama1,3.0
8352,2088.0,topo,topoI,0.25
8352,2088.0,topo,gyrase,0.25
8352,2088.0,RNAP,RNAP,1.0
8352,2088.0,mRNA,tetA,28.0
8352,2088.0,mRNA,Raspberry,2.0
8352,2088.0,mRNA,mKalama1,3.0
8353,2088.25,topo,topoI,0.25
8353,2088.25,topo,gyrase,0.25
8353,2088.25,RNAP,RNAP,1.0
8353,2088.25,mRNA,tetA,28.0
8353,2088.25,mRNA,Raspberry,2.0
8353,2088.25,mRNA,mKalama1,3.0
8354,2088.5,topo,topoI,0.25
8354,2088.5,topo,gyrase,0.25
8354,2088.5,RNAP,RNAP,1.0
8354,2088.5,mRNA,tetA,28.0
8354,2088.5,mRNA,Raspberry,2.0
8354,2088.5,mRNA,mKalama1,3.0
8355,2088.75,topo,topoI,0.25
8355,2088.75,topo,gyrase,0.25
8355,2088.75,RNAP,RNAP,1.0
8355,2088.75,mRNA,tetA,28.0
8355,2088.75,mRNA,Raspberry,2.0
8355,2088.75,mRNA,mKalama1,3.0
8356,2089.0,topo,topoI,0.25
8356,2089.0,topo,gyrase,0.25
8356,2089.0,RNAP,RNAP,1.0
8356,2089.0,mRNA,tetA,28.0
8356,2089.0,mRNA,Raspberry,2.0
8356,2089.0,mRNA,mKalama1,3.0
8357,2089.25,topo,topoI,0.25
8357,2089.25,topo,gyrase,0.25
8357,2089.25,RNAP,RNAP,1.0
8357,2089.25,mRNA,tetA,28.0
8357,2089.25,mRNA,Raspberry,2.0
8357,2089.25,mRNA,mKalama1,3.0
8358,2089.5,topo,topoI,0.25
8358,2089.5,topo,gyrase,0.25
8358,2089.5,RNAP,RNAP,1.0
8358,2089.5,mRNA,tetA,28.0
8358,2089.5,mRNA,Raspberry,2.0
8358,2089.5,mRNA,mKalama1,3.0
8359,2089.75,topo,topoI,0.25
8359,2089.75,topo,gyrase,0.25
8359,2089.75,RNAP,RNAP,1.0
8359,2089.75,mRNA,tetA,28.0
8359,2089.75,mRNA,Raspberry,2.0
8359,2089.75,mRNA,mKalama1,3.0
8360,2090.0,topo,topoI,0.25
8360,2090.0,topo,gyrase,0.25
8360,2090.0,RNAP,RNAP,1.0
8360,2090.0,mRNA,tetA,28.0
8360,2090.0,mRNA,Raspberry,2.0
8360,2090.0,mRNA,mKalama1,3.0
8361,2090.25,topo,topoI,0.25
8361,2090.25,topo,gyrase,0.25
8361,2090.25,RNAP,RNAP,1.0
8361,2090.25,mRNA,tetA,28.0
8361,2090.25,mRNA,Raspberry,2.0
8361,2090.25,mRNA,mKalama1,3.0
8362,2090.5,topo,topoI,0.25
8362,2090.5,topo,gyrase,0.25
8362,2090.5,RNAP,RNAP,1.0
8362,2090.5,mRNA,tetA,28.0
8362,2090.5,mRNA,Raspberry,2.0
8362,2090.5,mRNA,mKalama1,3.0
8363,2090.75,topo,topoI,0.25
8363,2090.75,topo,gyrase,0.25
8363,2090.75,RNAP,RNAP,1.0
8363,2090.75,mRNA,tetA,28.0
8363,2090.75,mRNA,Raspberry,2.0
8363,2090.75,mRNA,mKalama1,3.0
8364,2091.0,topo,topoI,0.25
8364,2091.0,topo,gyrase,0.25
8364,2091.0,RNAP,RNAP,1.0
8364,2091.0,mRNA,tetA,28.0
8364,2091.0,mRNA,Raspberry,2.0
8364,2091.0,mRNA,mKalama1,3.0
8365,2091.25,topo,topoI,0.25
8365,2091.25,topo,gyrase,0.25
8365,2091.25,RNAP,RNAP,1.0
8365,2091.25,mRNA,tetA,28.0
8365,2091.25,mRNA,Raspberry,2.0
8365,2091.25,mRNA,mKalama1,3.0
8366,2091.5,topo,topoI,0.25
8366,2091.5,topo,gyrase,0.25
8366,2091.5,RNAP,RNAP,1.0
8366,2091.5,mRNA,tetA,28.0
8366,2091.5,mRNA,Raspberry,2.0
8366,2091.5,mRNA,mKalama1,3.0
8367,2091.75,topo,topoI,0.25
8367,2091.75,topo,gyrase,0.25
8367,2091.75,RNAP,RNAP,1.0
8367,2091.75,mRNA,tetA,28.0
8367,2091.75,mRNA,Raspberry,2.0
8367,2091.75,mRNA,mKalama1,3.0
8368,2092.0,topo,topoI,0.25
8368,2092.0,topo,gyrase,0.25
8368,2092.0,RNAP,RNAP,1.0
8368,2092.0,mRNA,tetA,28.0
8368,2092.0,mRNA,Raspberry,2.0
8368,2092.0,mRNA,mKalama1,3.0
8369,2092.25,topo,topoI,0.25
8369,2092.25,topo,gyrase,0.25
8369,2092.25,RNAP,RNAP,1.0
8369,2092.25,mRNA,tetA,28.0
8369,2092.25,mRNA,Raspberry,2.0
8369,2092.25,mRNA,mKalama1,3.0
8370,2092.5,topo,topoI,0.25
8370,2092.5,topo,gyrase,0.25
8370,2092.5,RNAP,RNAP,1.0
8370,2092.5,mRNA,tetA,28.0
8370,2092.5,mRNA,Raspberry,2.0
8370,2092.5,mRNA,mKalama1,3.0
8371,2092.75,topo,topoI,0.25
8371,2092.75,topo,gyrase,0.25
8371,2092.75,RNAP,RNAP,1.0
8371,2092.75,mRNA,tetA,28.0
8371,2092.75,mRNA,Raspberry,2.0
8371,2092.75,mRNA,mKalama1,3.0
8372,2093.0,topo,topoI,0.25
8372,2093.0,topo,gyrase,0.25
8372,2093.0,RNAP,RNAP,1.0
8372,2093.0,mRNA,tetA,28.0
8372,2093.0,mRNA,Raspberry,2.0
8372,2093.0,mRNA,mKalama1,3.0
8373,2093.25,topo,topoI,0.25
8373,2093.25,topo,gyrase,0.25
8373,2093.25,RNAP,RNAP,1.0
8373,2093.25,mRNA,tetA,28.0
8373,2093.25,mRNA,Raspberry,2.0
8373,2093.25,mRNA,mKalama1,3.0
8374,2093.5,topo,topoI,0.25
8374,2093.5,topo,gyrase,0.25
8374,2093.5,RNAP,RNAP,1.0
8374,2093.5,mRNA,tetA,28.0
8374,2093.5,mRNA,Raspberry,2.0
8374,2093.5,mRNA,mKalama1,3.0
8375,2093.75,topo,topoI,0.25
8375,2093.75,topo,gyrase,0.25
8375,2093.75,RNAP,RNAP,1.0
8375,2093.75,mRNA,tetA,28.0
8375,2093.75,mRNA,Raspberry,2.0
8375,2093.75,mRNA,mKalama1,3.0
8376,2094.0,topo,topoI,0.25
8376,2094.0,topo,gyrase,0.25
8376,2094.0,RNAP,RNAP,1.0
8376,2094.0,mRNA,tetA,28.0
8376,2094.0,mRNA,Raspberry,2.0
8376,2094.0,mRNA,mKalama1,3.0
8377,2094.25,topo,topoI,0.25
8377,2094.25,topo,gyrase,0.25
8377,2094.25,RNAP,RNAP,1.0
8377,2094.25,mRNA,tetA,28.0
8377,2094.25,mRNA,Raspberry,2.0
8377,2094.25,mRNA,mKalama1,3.0
8378,2094.5,topo,topoI,0.25
8378,2094.5,topo,gyrase,0.25
8378,2094.5,RNAP,RNAP,1.0
8378,2094.5,mRNA,tetA,28.0
8378,2094.5,mRNA,Raspberry,2.0
8378,2094.5,mRNA,mKalama1,3.0
8379,2094.75,topo,topoI,0.25
8379,2094.75,topo,gyrase,0.25
8379,2094.75,RNAP,RNAP,1.0
8379,2094.75,mRNA,tetA,28.0
8379,2094.75,mRNA,Raspberry,2.0
8379,2094.75,mRNA,mKalama1,3.0
8380,2095.0,topo,topoI,0.25
8380,2095.0,topo,gyrase,0.25
8380,2095.0,RNAP,RNAP,1.0
8380,2095.0,mRNA,tetA,28.0
8380,2095.0,mRNA,Raspberry,2.0
8380,2095.0,mRNA,mKalama1,3.0
8381,2095.25,topo,topoI,0.25
8381,2095.25,topo,gyrase,0.25
8381,2095.25,RNAP,RNAP,1.0
8381,2095.25,mRNA,tetA,28.0
8381,2095.25,mRNA,Raspberry,2.0
8381,2095.25,mRNA,mKalama1,3.0
8382,2095.5,topo,topoI,0.25
8382,2095.5,topo,gyrase,0.25
8382,2095.5,RNAP,RNAP,1.0
8382,2095.5,mRNA,tetA,28.0
8382,2095.5,mRNA,Raspberry,2.0
8382,2095.5,mRNA,mKalama1,3.0
8383,2095.75,topo,topoI,0.25
8383,2095.75,topo,gyrase,0.25
8383,2095.75,RNAP,RNAP,1.0
8383,2095.75,mRNA,tetA,28.0
8383,2095.75,mRNA,Raspberry,2.0
8383,2095.75,mRNA,mKalama1,3.0
8384,2096.0,topo,topoI,0.25
8384,2096.0,topo,gyrase,0.25
8384,2096.0,RNAP,RNAP,1.0
8384,2096.0,mRNA,tetA,28.0
8384,2096.0,mRNA,Raspberry,2.0
8384,2096.0,mRNA,mKalama1,3.0
8385,2096.25,topo,topoI,0.25
8385,2096.25,topo,gyrase,0.25
8385,2096.25,RNAP,RNAP,1.0
8385,2096.25,mRNA,tetA,28.0
8385,2096.25,mRNA,Raspberry,2.0
8385,2096.25,mRNA,mKalama1,3.0
8386,2096.5,topo,topoI,0.25
8386,2096.5,topo,gyrase,0.25
8386,2096.5,RNAP,RNAP,1.0
8386,2096.5,mRNA,tetA,28.0
8386,2096.5,mRNA,Raspberry,2.0
8386,2096.5,mRNA,mKalama1,3.0
8387,2096.75,topo,topoI,0.25
8387,2096.75,topo,gyrase,0.25
8387,2096.75,RNAP,RNAP,1.0
8387,2096.75,mRNA,tetA,28.0
8387,2096.75,mRNA,Raspberry,2.0
8387,2096.75,mRNA,mKalama1,3.0
8388,2097.0,topo,topoI,0.25
8388,2097.0,topo,gyrase,0.25
8388,2097.0,RNAP,RNAP,1.0
8388,2097.0,mRNA,tetA,28.0
8388,2097.0,mRNA,Raspberry,2.0
8388,2097.0,mRNA,mKalama1,3.0
8389,2097.25,topo,topoI,0.25
8389,2097.25,topo,gyrase,0.25
8389,2097.25,RNAP,RNAP,1.0
8389,2097.25,mRNA,tetA,28.0
8389,2097.25,mRNA,Raspberry,2.0
8389,2097.25,mRNA,mKalama1,3.0
8390,2097.5,topo,topoI,0.25
8390,2097.5,topo,gyrase,0.25
8390,2097.5,RNAP,RNAP,1.0
8390,2097.5,mRNA,tetA,28.0
8390,2097.5,mRNA,Raspberry,2.0
8390,2097.5,mRNA,mKalama1,3.0
8391,2097.75,topo,topoI,0.25
8391,2097.75,topo,gyrase,0.25
8391,2097.75,RNAP,RNAP,1.0
8391,2097.75,mRNA,tetA,28.0
8391,2097.75,mRNA,Raspberry,2.0
8391,2097.75,mRNA,mKalama1,3.0
8392,2098.0,topo,topoI,0.25
8392,2098.0,topo,gyrase,0.25
8392,2098.0,RNAP,RNAP,1.0
8392,2098.0,mRNA,tetA,28.0
8392,2098.0,mRNA,Raspberry,2.0
8392,2098.0,mRNA,mKalama1,3.0
8393,2098.25,topo,topoI,0.25
8393,2098.25,topo,gyrase,0.25
8393,2098.25,RNAP,RNAP,1.0
8393,2098.25,mRNA,tetA,28.0
8393,2098.25,mRNA,Raspberry,2.0
8393,2098.25,mRNA,mKalama1,3.0
8394,2098.5,topo,topoI,0.25
8394,2098.5,topo,gyrase,0.25
8394,2098.5,RNAP,RNAP,1.0
8394,2098.5,mRNA,tetA,28.0
8394,2098.5,mRNA,Raspberry,2.0
8394,2098.5,mRNA,mKalama1,3.0
8395,2098.75,topo,topoI,0.25
8395,2098.75,topo,gyrase,0.25
8395,2098.75,RNAP,RNAP,1.0
8395,2098.75,mRNA,tetA,28.0
8395,2098.75,mRNA,Raspberry,2.0
8395,2098.75,mRNA,mKalama1,3.0
8396,2099.0,topo,topoI,0.25
8396,2099.0,topo,gyrase,0.25
8396,2099.0,RNAP,RNAP,1.0
8396,2099.0,mRNA,tetA,28.0
8396,2099.0,mRNA,Raspberry,2.0
8396,2099.0,mRNA,mKalama1,3.0
8397,2099.25,topo,topoI,0.25
8397,2099.25,topo,gyrase,0.25
8397,2099.25,RNAP,RNAP,1.0
8397,2099.25,mRNA,tetA,28.0
8397,2099.25,mRNA,Raspberry,2.0
8397,2099.25,mRNA,mKalama1,3.0
8398,2099.5,topo,topoI,0.25
8398,2099.5,topo,gyrase,0.25
8398,2099.5,RNAP,RNAP,1.0
8398,2099.5,mRNA,tetA,28.0
8398,2099.5,mRNA,Raspberry,2.0
8398,2099.5,mRNA,mKalama1,3.0
8399,2099.75,topo,topoI,0.25
8399,2099.75,topo,gyrase,0.25
8399,2099.75,RNAP,RNAP,1.0
8399,2099.75,mRNA,tetA,28.0
8399,2099.75,mRNA,Raspberry,2.0
8399,2099.75,mRNA,mKalama1,3.0
8400,2100.0,topo,topoI,0.25
8400,2100.0,topo,gyrase,0.25
8400,2100.0,RNAP,RNAP,1.0
8400,2100.0,mRNA,tetA,28.0
8400,2100.0,mRNA,Raspberry,2.0
8400,2100.0,mRNA,mKalama1,3.0
8401,2100.25,topo,topoI,0.25
8401,2100.25,topo,gyrase,0.25
8401,2100.25,RNAP,RNAP,1.0
8401,2100.25,mRNA,tetA,28.0
8401,2100.25,mRNA,Raspberry,2.0
8401,2100.25,mRNA,mKalama1,3.0
8402,2100.5,topo,topoI,0.25
8402,2100.5,topo,gyrase,0.25
8402,2100.5,RNAP,RNAP,1.0
8402,2100.5,mRNA,tetA,28.0
8402,2100.5,mRNA,Raspberry,2.0
8402,2100.5,mRNA,mKalama1,3.0
8403,2100.75,topo,topoI,0.25
8403,2100.75,topo,gyrase,0.25
8403,2100.75,RNAP,RNAP,1.0
8403,2100.75,mRNA,tetA,28.0
8403,2100.75,mRNA,Raspberry,2.0
8403,2100.75,mRNA,mKalama1,3.0
8404,2101.0,topo,topoI,0.25
8404,2101.0,topo,gyrase,0.25
8404,2101.0,RNAP,RNAP,1.0
8404,2101.0,mRNA,tetA,28.0
8404,2101.0,mRNA,Raspberry,2.0
8404,2101.0,mRNA,mKalama1,3.0
8405,2101.25,topo,topoI,0.25
8405,2101.25,topo,gyrase,0.25
8405,2101.25,RNAP,RNAP,1.0
8405,2101.25,mRNA,tetA,28.0
8405,2101.25,mRNA,Raspberry,2.0
8405,2101.25,mRNA,mKalama1,3.0
8406,2101.5,topo,topoI,0.25
8406,2101.5,topo,gyrase,0.25
8406,2101.5,RNAP,RNAP,1.0
8406,2101.5,mRNA,tetA,28.0
8406,2101.5,mRNA,Raspberry,2.0
8406,2101.5,mRNA,mKalama1,3.0
8407,2101.75,topo,topoI,0.25
8407,2101.75,topo,gyrase,0.25
8407,2101.75,RNAP,RNAP,1.0
8407,2101.75,mRNA,tetA,28.0
8407,2101.75,mRNA,Raspberry,2.0
8407,2101.75,mRNA,mKalama1,3.0
8408,2102.0,topo,topoI,0.25
8408,2102.0,topo,gyrase,0.25
8408,2102.0,RNAP,RNAP,1.0
8408,2102.0,mRNA,tetA,28.0
8408,2102.0,mRNA,Raspberry,2.0
8408,2102.0,mRNA,mKalama1,3.0
8409,2102.25,topo,topoI,0.25
8409,2102.25,topo,gyrase,0.25
8409,2102.25,RNAP,RNAP,1.0
8409,2102.25,mRNA,tetA,28.0
8409,2102.25,mRNA,Raspberry,2.0
8409,2102.25,mRNA,mKalama1,3.0
8410,2102.5,topo,topoI,0.25
8410,2102.5,topo,gyrase,0.25
8410,2102.5,RNAP,RNAP,1.0
8410,2102.5,mRNA,tetA,28.0
8410,2102.5,mRNA,Raspberry,2.0
8410,2102.5,mRNA,mKalama1,3.0
8411,2102.75,topo,topoI,0.25
8411,2102.75,topo,gyrase,0.25
8411,2102.75,RNAP,RNAP,1.0
8411,2102.75,mRNA,tetA,28.0
8411,2102.75,mRNA,Raspberry,2.0
8411,2102.75,mRNA,mKalama1,3.0
8412,2103.0,topo,topoI,0.25
8412,2103.0,topo,gyrase,0.25
8412,2103.0,RNAP,RNAP,1.0
8412,2103.0,mRNA,tetA,28.0
8412,2103.0,mRNA,Raspberry,2.0
8412,2103.0,mRNA,mKalama1,3.0
8413,2103.25,topo,topoI,0.25
8413,2103.25,topo,gyrase,0.25
8413,2103.25,RNAP,RNAP,1.0
8413,2103.25,mRNA,tetA,28.0
8413,2103.25,mRNA,Raspberry,2.0
8413,2103.25,mRNA,mKalama1,3.0
8414,2103.5,topo,topoI,0.25
8414,2103.5,topo,gyrase,0.25
8414,2103.5,RNAP,RNAP,1.0
8414,2103.5,mRNA,tetA,28.0
8414,2103.5,mRNA,Raspberry,2.0
8414,2103.5,mRNA,mKalama1,3.0
8415,2103.75,topo,topoI,0.25
8415,2103.75,topo,gyrase,0.25
8415,2103.75,RNAP,RNAP,1.0
8415,2103.75,mRNA,tetA,28.0
8415,2103.75,mRNA,Raspberry,2.0
8415,2103.75,mRNA,mKalama1,3.0
8416,2104.0,topo,topoI,0.25
8416,2104.0,topo,gyrase,0.25
8416,2104.0,RNAP,RNAP,1.0
8416,2104.0,mRNA,tetA,28.0
8416,2104.0,mRNA,Raspberry,2.0
8416,2104.0,mRNA,mKalama1,3.0
8417,2104.25,topo,topoI,0.25
8417,2104.25,topo,gyrase,0.25
8417,2104.25,RNAP,RNAP,1.0
8417,2104.25,mRNA,tetA,28.0
8417,2104.25,mRNA,Raspberry,2.0
8417,2104.25,mRNA,mKalama1,3.0
8418,2104.5,topo,topoI,0.25
8418,2104.5,topo,gyrase,0.25
8418,2104.5,RNAP,RNAP,1.0
8418,2104.5,mRNA,tetA,28.0
8418,2104.5,mRNA,Raspberry,2.0
8418,2104.5,mRNA,mKalama1,3.0
8419,2104.75,topo,topoI,0.25
8419,2104.75,topo,gyrase,0.25
8419,2104.75,RNAP,RNAP,1.0
8419,2104.75,mRNA,tetA,28.0
8419,2104.75,mRNA,Raspberry,2.0
8419,2104.75,mRNA,mKalama1,3.0
8420,2105.0,topo,topoI,0.25
8420,2105.0,topo,gyrase,0.25
8420,2105.0,RNAP,RNAP,1.0
8420,2105.0,mRNA,tetA,28.0
8420,2105.0,mRNA,Raspberry,2.0
8420,2105.0,mRNA,mKalama1,3.0
8421,2105.25,topo,topoI,0.25
8421,2105.25,topo,gyrase,0.25
8421,2105.25,RNAP,RNAP,1.0
8421,2105.25,mRNA,tetA,28.0
8421,2105.25,mRNA,Raspberry,2.0
8421,2105.25,mRNA,mKalama1,3.0
8422,2105.5,topo,topoI,0.25
8422,2105.5,topo,gyrase,0.25
8422,2105.5,RNAP,RNAP,1.0
8422,2105.5,mRNA,tetA,28.0
8422,2105.5,mRNA,Raspberry,2.0
8422,2105.5,mRNA,mKalama1,3.0
8423,2105.75,topo,topoI,0.25
8423,2105.75,topo,gyrase,0.25
8423,2105.75,RNAP,RNAP,1.0
8423,2105.75,mRNA,tetA,28.0
8423,2105.75,mRNA,Raspberry,2.0
8423,2105.75,mRNA,mKalama1,3.0
8424,2106.0,topo,topoI,0.25
8424,2106.0,topo,gyrase,0.25
8424,2106.0,RNAP,RNAP,1.0
8424,2106.0,mRNA,tetA,28.0
8424,2106.0,mRNA,Raspberry,2.0
8424,2106.0,mRNA,mKalama1,3.0
8425,2106.25,topo,topoI,0.25
8425,2106.25,topo,gyrase,0.25
8425,2106.25,RNAP,RNAP,1.0
8425,2106.25,mRNA,tetA,28.0
8425,2106.25,mRNA,Raspberry,2.0
8425,2106.25,mRNA,mKalama1,3.0
8426,2106.5,topo,topoI,0.25
8426,2106.5,topo,gyrase,0.25
8426,2106.5,RNAP,RNAP,1.0
8426,2106.5,mRNA,tetA,28.0
8426,2106.5,mRNA,Raspberry,2.0
8426,2106.5,mRNA,mKalama1,3.0
8427,2106.75,topo,topoI,0.25
8427,2106.75,topo,gyrase,0.25
8427,2106.75,RNAP,RNAP,1.0
8427,2106.75,mRNA,tetA,28.0
8427,2106.75,mRNA,Raspberry,2.0
8427,2106.75,mRNA,mKalama1,3.0
8428,2107.0,topo,topoI,0.25
8428,2107.0,topo,gyrase,0.25
8428,2107.0,RNAP,RNAP,1.0
8428,2107.0,mRNA,tetA,28.0
8428,2107.0,mRNA,Raspberry,2.0
8428,2107.0,mRNA,mKalama1,3.0
8429,2107.25,topo,topoI,0.25
8429,2107.25,topo,gyrase,0.25
8429,2107.25,RNAP,RNAP,1.0
8429,2107.25,mRNA,tetA,28.0
8429,2107.25,mRNA,Raspberry,2.0
8429,2107.25,mRNA,mKalama1,3.0
8430,2107.5,topo,topoI,0.25
8430,2107.5,topo,gyrase,0.25
8430,2107.5,RNAP,RNAP,1.0
8430,2107.5,mRNA,tetA,28.0
8430,2107.5,mRNA,Raspberry,2.0
8430,2107.5,mRNA,mKalama1,3.0
8431,2107.75,topo,topoI,0.25
8431,2107.75,topo,gyrase,0.25
8431,2107.75,RNAP,RNAP,1.0
8431,2107.75,mRNA,tetA,28.0
8431,2107.75,mRNA,Raspberry,2.0
8431,2107.75,mRNA,mKalama1,3.0
8432,2108.0,topo,topoI,0.25
8432,2108.0,topo,gyrase,0.25
8432,2108.0,RNAP,RNAP,1.0
8432,2108.0,mRNA,tetA,28.0
8432,2108.0,mRNA,Raspberry,2.0
8432,2108.0,mRNA,mKalama1,3.0
8433,2108.25,topo,topoI,0.25
8433,2108.25,topo,gyrase,0.25
8433,2108.25,RNAP,RNAP,1.0
8433,2108.25,mRNA,tetA,28.0
8433,2108.25,mRNA,Raspberry,2.0
8433,2108.25,mRNA,mKalama1,3.0
8434,2108.5,topo,topoI,0.25
8434,2108.5,topo,gyrase,0.25
8434,2108.5,RNAP,RNAP,1.0
8434,2108.5,mRNA,tetA,28.0
8434,2108.5,mRNA,Raspberry,2.0
8434,2108.5,mRNA,mKalama1,3.0
8435,2108.75,topo,topoI,0.25
8435,2108.75,topo,gyrase,0.25
8435,2108.75,RNAP,RNAP,1.0
8435,2108.75,mRNA,tetA,28.0
8435,2108.75,mRNA,Raspberry,2.0
8435,2108.75,mRNA,mKalama1,3.0
8436,2109.0,topo,topoI,0.25
8436,2109.0,topo,gyrase,0.25
8436,2109.0,RNAP,RNAP,1.0
8436,2109.0,mRNA,tetA,29.0
8436,2109.0,mRNA,Raspberry,2.0
8436,2109.0,mRNA,mKalama1,3.0
8437,2109.25,topo,topoI,0.25
8437,2109.25,topo,gyrase,0.25
8437,2109.25,RNAP,RNAP,1.0
8437,2109.25,mRNA,tetA,29.0
8437,2109.25,mRNA,Raspberry,2.0
8437,2109.25,mRNA,mKalama1,3.0
8438,2109.5,topo,topoI,0.25
8438,2109.5,topo,gyrase,0.25
8438,2109.5,RNAP,RNAP,1.0
8438,2109.5,mRNA,tetA,29.0
8438,2109.5,mRNA,Raspberry,2.0
8438,2109.5,mRNA,mKalama1,3.0
8439,2109.75,topo,topoI,0.25
8439,2109.75,topo,gyrase,0.25
8439,2109.75,RNAP,RNAP,1.0
8439,2109.75,mRNA,tetA,29.0
8439,2109.75,mRNA,Raspberry,2.0
8439,2109.75,mRNA,mKalama1,3.0
8440,2110.0,topo,topoI,0.25
8440,2110.0,topo,gyrase,0.25
8440,2110.0,RNAP,RNAP,1.0
8440,2110.0,mRNA,tetA,29.0
8440,2110.0,mRNA,Raspberry,2.0
8440,2110.0,mRNA,mKalama1,3.0
8441,2110.25,topo,topoI,0.25
8441,2110.25,topo,gyrase,0.25
8441,2110.25,RNAP,RNAP,1.0
8441,2110.25,mRNA,tetA,29.0
8441,2110.25,mRNA,Raspberry,2.0
8441,2110.25,mRNA,mKalama1,3.0
8442,2110.5,topo,topoI,0.25
8442,2110.5,topo,gyrase,0.25
8442,2110.5,RNAP,RNAP,1.0
8442,2110.5,mRNA,tetA,29.0
8442,2110.5,mRNA,Raspberry,2.0
8442,2110.5,mRNA,mKalama1,3.0
8443,2110.75,topo,topoI,0.25
8443,2110.75,topo,gyrase,0.25
8443,2110.75,RNAP,RNAP,1.0
8443,2110.75,mRNA,tetA,29.0
8443,2110.75,mRNA,Raspberry,2.0
8443,2110.75,mRNA,mKalama1,3.0
8444,2111.0,topo,topoI,0.25
8444,2111.0,topo,gyrase,0.25
8444,2111.0,RNAP,RNAP,1.0
8444,2111.0,mRNA,tetA,29.0
8444,2111.0,mRNA,Raspberry,2.0
8444,2111.0,mRNA,mKalama1,3.0
8445,2111.25,topo,topoI,0.25
8445,2111.25,topo,gyrase,0.25
8445,2111.25,RNAP,RNAP,1.0
8445,2111.25,mRNA,tetA,29.0
8445,2111.25,mRNA,Raspberry,2.0
8445,2111.25,mRNA,mKalama1,3.0
8446,2111.5,topo,topoI,0.25
8446,2111.5,topo,gyrase,0.25
8446,2111.5,RNAP,RNAP,1.0
8446,2111.5,mRNA,tetA,29.0
8446,2111.5,mRNA,Raspberry,2.0
8446,2111.5,mRNA,mKalama1,3.0
8447,2111.75,topo,topoI,0.25
8447,2111.75,topo,gyrase,0.25
8447,2111.75,RNAP,RNAP,1.0
8447,2111.75,mRNA,tetA,29.0
8447,2111.75,mRNA,Raspberry,2.0
8447,2111.75,mRNA,mKalama1,3.0
8448,2112.0,topo,topoI,0.25
8448,2112.0,topo,gyrase,0.25
8448,2112.0,RNAP,RNAP,1.0
8448,2112.0,mRNA,tetA,29.0
8448,2112.0,mRNA,Raspberry,2.0
8448,2112.0,mRNA,mKalama1,3.0
8449,2112.25,topo,topoI,0.25
8449,2112.25,topo,gyrase,0.25
8449,2112.25,RNAP,RNAP,1.0
8449,2112.25,mRNA,tetA,29.0
8449,2112.25,mRNA,Raspberry,2.0
8449,2112.25,mRNA,mKalama1,3.0
8450,2112.5,topo,topoI,0.25
8450,2112.5,topo,gyrase,0.25
8450,2112.5,RNAP,RNAP,1.0
8450,2112.5,mRNA,tetA,29.0
8450,2112.5,mRNA,Raspberry,2.0
8450,2112.5,mRNA,mKalama1,3.0
8451,2112.75,topo,topoI,0.25
8451,2112.75,topo,gyrase,0.25
8451,2112.75,RNAP,RNAP,1.0
8451,2112.75,mRNA,tetA,29.0
8451,2112.75,mRNA,Raspberry,2.0
8451,2112.75,mRNA,mKalama1,3.0
8452,2113.0,topo,topoI,0.25
8452,2113.0,topo,gyrase,0.25
8452,2113.0,RNAP,RNAP,1.0
8452,2113.0,mRNA,tetA,29.0
8452,2113.0,mRNA,Raspberry,2.0
8452,2113.0,mRNA,mKalama1,3.0
8453,2113.25,topo,topoI,0.25
8453,2113.25,topo,gyrase,0.25
8453,2113.25,RNAP,RNAP,1.0
8453,2113.25,mRNA,tetA,29.0
8453,2113.25,mRNA,Raspberry,2.0
8453,2113.25,mRNA,mKalama1,3.0
8454,2113.5,topo,topoI,0.25
8454,2113.5,topo,gyrase,0.25
8454,2113.5,RNAP,RNAP,1.0
8454,2113.5,mRNA,tetA,29.0
8454,2113.5,mRNA,Raspberry,2.0
8454,2113.5,mRNA,mKalama1,3.0
8455,2113.75,topo,topoI,0.25
8455,2113.75,topo,gyrase,0.25
8455,2113.75,RNAP,RNAP,1.0
8455,2113.75,mRNA,tetA,29.0
8455,2113.75,mRNA,Raspberry,2.0
8455,2113.75,mRNA,mKalama1,3.0
8456,2114.0,topo,topoI,0.25
8456,2114.0,topo,gyrase,0.25
8456,2114.0,RNAP,RNAP,1.0
8456,2114.0,mRNA,tetA,29.0
8456,2114.0,mRNA,Raspberry,2.0
8456,2114.0,mRNA,mKalama1,3.0
8457,2114.25,topo,topoI,0.25
8457,2114.25,topo,gyrase,0.25
8457,2114.25,RNAP,RNAP,1.0
8457,2114.25,mRNA,tetA,29.0
8457,2114.25,mRNA,Raspberry,2.0
8457,2114.25,mRNA,mKalama1,3.0
8458,2114.5,topo,topoI,0.25
8458,2114.5,topo,gyrase,0.25
8458,2114.5,RNAP,RNAP,1.0
8458,2114.5,mRNA,tetA,29.0
8458,2114.5,mRNA,Raspberry,2.0
8458,2114.5,mRNA,mKalama1,3.0
8459,2114.75,topo,topoI,0.25
8459,2114.75,topo,gyrase,0.25
8459,2114.75,RNAP,RNAP,1.0
8459,2114.75,mRNA,tetA,29.0
8459,2114.75,mRNA,Raspberry,2.0
8459,2114.75,mRNA,mKalama1,3.0
8460,2115.0,topo,topoI,0.25
8460,2115.0,topo,gyrase,0.25
8460,2115.0,RNAP,RNAP,1.0
8460,2115.0,mRNA,tetA,29.0
8460,2115.0,mRNA,Raspberry,2.0
8460,2115.0,mRNA,mKalama1,3.0
8461,2115.25,topo,topoI,0.25
8461,2115.25,topo,gyrase,0.25
8461,2115.25,RNAP,RNAP,1.0
8461,2115.25,mRNA,tetA,29.0
8461,2115.25,mRNA,Raspberry,2.0
8461,2115.25,mRNA,mKalama1,3.0
8462,2115.5,topo,topoI,0.25
8462,2115.5,topo,gyrase,0.25
8462,2115.5,RNAP,RNAP,1.0
8462,2115.5,mRNA,tetA,29.0
8462,2115.5,mRNA,Raspberry,2.0
8462,2115.5,mRNA,mKalama1,3.0
8463,2115.75,topo,topoI,0.25
8463,2115.75,topo,gyrase,0.25
8463,2115.75,RNAP,RNAP,1.0
8463,2115.75,mRNA,tetA,29.0
8463,2115.75,mRNA,Raspberry,2.0
8463,2115.75,mRNA,mKalama1,3.0
8464,2116.0,topo,topoI,0.25
8464,2116.0,topo,gyrase,0.25
8464,2116.0,RNAP,RNAP,1.0
8464,2116.0,mRNA,tetA,29.0
8464,2116.0,mRNA,Raspberry,2.0
8464,2116.0,mRNA,mKalama1,3.0
8465,2116.25,topo,topoI,0.25
8465,2116.25,topo,gyrase,0.25
8465,2116.25,RNAP,RNAP,1.0
8465,2116.25,mRNA,tetA,29.0
8465,2116.25,mRNA,Raspberry,2.0
8465,2116.25,mRNA,mKalama1,3.0
8466,2116.5,topo,topoI,0.25
8466,2116.5,topo,gyrase,0.25
8466,2116.5,RNAP,RNAP,1.0
8466,2116.5,mRNA,tetA,29.0
8466,2116.5,mRNA,Raspberry,2.0
8466,2116.5,mRNA,mKalama1,3.0
8467,2116.75,topo,topoI,0.25
8467,2116.75,topo,gyrase,0.25
8467,2116.75,RNAP,RNAP,1.0
8467,2116.75,mRNA,tetA,29.0
8467,2116.75,mRNA,Raspberry,2.0
8467,2116.75,mRNA,mKalama1,3.0
8468,2117.0,topo,topoI,0.25
8468,2117.0,topo,gyrase,0.25
8468,2117.0,RNAP,RNAP,1.0
8468,2117.0,mRNA,tetA,29.0
8468,2117.0,mRNA,Raspberry,2.0
8468,2117.0,mRNA,mKalama1,3.0
8469,2117.25,topo,topoI,0.25
8469,2117.25,topo,gyrase,0.25
8469,2117.25,RNAP,RNAP,1.0
8469,2117.25,mRNA,tetA,29.0
8469,2117.25,mRNA,Raspberry,2.0
8469,2117.25,mRNA,mKalama1,3.0
8470,2117.5,topo,topoI,0.25
8470,2117.5,topo,gyrase,0.25
8470,2117.5,RNAP,RNAP,1.0
8470,2117.5,mRNA,tetA,29.0
8470,2117.5,mRNA,Raspberry,2.0
8470,2117.5,mRNA,mKalama1,3.0
8471,2117.75,topo,topoI,0.25
8471,2117.75,topo,gyrase,0.25
8471,2117.75,RNAP,RNAP,1.0
8471,2117.75,mRNA,tetA,29.0
8471,2117.75,mRNA,Raspberry,2.0
8471,2117.75,mRNA,mKalama1,3.0
8472,2118.0,topo,topoI,0.25
8472,2118.0,topo,gyrase,0.25
8472,2118.0,RNAP,RNAP,1.0
8472,2118.0,mRNA,tetA,29.0
8472,2118.0,mRNA,Raspberry,2.0
8472,2118.0,mRNA,mKalama1,3.0
8473,2118.25,topo,topoI,0.25
8473,2118.25,topo,gyrase,0.25
8473,2118.25,RNAP,RNAP,1.0
8473,2118.25,mRNA,tetA,29.0
8473,2118.25,mRNA,Raspberry,2.0
8473,2118.25,mRNA,mKalama1,3.0
8474,2118.5,topo,topoI,0.25
8474,2118.5,topo,gyrase,0.25
8474,2118.5,RNAP,RNAP,1.0
8474,2118.5,mRNA,tetA,29.0
8474,2118.5,mRNA,Raspberry,2.0
8474,2118.5,mRNA,mKalama1,3.0
8475,2118.75,topo,topoI,0.25
8475,2118.75,topo,gyrase,0.25
8475,2118.75,RNAP,RNAP,1.0
8475,2118.75,mRNA,tetA,29.0
8475,2118.75,mRNA,Raspberry,2.0
8475,2118.75,mRNA,mKalama1,3.0
8476,2119.0,topo,topoI,0.25
8476,2119.0,topo,gyrase,0.25
8476,2119.0,RNAP,RNAP,1.0
8476,2119.0,mRNA,tetA,29.0
8476,2119.0,mRNA,Raspberry,2.0
8476,2119.0,mRNA,mKalama1,3.0
8477,2119.25,topo,topoI,0.25
8477,2119.25,topo,gyrase,0.25
8477,2119.25,RNAP,RNAP,1.0
8477,2119.25,mRNA,tetA,29.0
8477,2119.25,mRNA,Raspberry,2.0
8477,2119.25,mRNA,mKalama1,3.0
8478,2119.5,topo,topoI,0.25
8478,2119.5,topo,gyrase,0.25
8478,2119.5,RNAP,RNAP,1.0
8478,2119.5,mRNA,tetA,29.0
8478,2119.5,mRNA,Raspberry,2.0
8478,2119.5,mRNA,mKalama1,3.0
8479,2119.75,topo,topoI,0.25
8479,2119.75,topo,gyrase,0.25
8479,2119.75,RNAP,RNAP,1.0
8479,2119.75,mRNA,tetA,29.0
8479,2119.75,mRNA,Raspberry,2.0
8479,2119.75,mRNA,mKalama1,3.0
8480,2120.0,topo,topoI,0.25
8480,2120.0,topo,gyrase,0.25
8480,2120.0,RNAP,RNAP,1.0
8480,2120.0,mRNA,tetA,29.0
8480,2120.0,mRNA,Raspberry,2.0
8480,2120.0,mRNA,mKalama1,3.0
8481,2120.25,topo,topoI,0.25
8481,2120.25,topo,gyrase,0.25
8481,2120.25,RNAP,RNAP,1.0
8481,2120.25,mRNA,tetA,29.0
8481,2120.25,mRNA,Raspberry,2.0
8481,2120.25,mRNA,mKalama1,3.0
8482,2120.5,topo,topoI,0.25
8482,2120.5,topo,gyrase,0.25
8482,2120.5,RNAP,RNAP,1.0
8482,2120.5,mRNA,tetA,29.0
8482,2120.5,mRNA,Raspberry,2.0
8482,2120.5,mRNA,mKalama1,3.0
8483,2120.75,topo,topoI,0.25
8483,2120.75,topo,gyrase,0.25
8483,2120.75,RNAP,RNAP,1.0
8483,2120.75,mRNA,tetA,29.0
8483,2120.75,mRNA,Raspberry,2.0
8483,2120.75,mRNA,mKalama1,3.0
8484,2121.0,topo,topoI,0.25
8484,2121.0,topo,gyrase,0.25
8484,2121.0,RNAP,RNAP,1.0
8484,2121.0,mRNA,tetA,29.0
8484,2121.0,mRNA,Raspberry,2.0
8484,2121.0,mRNA,mKalama1,3.0
8485,2121.25,topo,topoI,0.25
8485,2121.25,topo,gyrase,0.25
8485,2121.25,RNAP,RNAP,1.0
8485,2121.25,mRNA,tetA,29.0
8485,2121.25,mRNA,Raspberry,2.0
8485,2121.25,mRNA,mKalama1,3.0
8486,2121.5,topo,topoI,0.25
8486,2121.5,topo,gyrase,0.25
8486,2121.5,RNAP,RNAP,1.0
8486,2121.5,mRNA,tetA,29.0
8486,2121.5,mRNA,Raspberry,2.0
8486,2121.5,mRNA,mKalama1,3.0
8487,2121.75,topo,topoI,0.25
8487,2121.75,topo,gyrase,0.25
8487,2121.75,RNAP,RNAP,1.0
8487,2121.75,mRNA,tetA,29.0
8487,2121.75,mRNA,Raspberry,2.0
8487,2121.75,mRNA,mKalama1,3.0
8488,2122.0,topo,topoI,0.25
8488,2122.0,topo,gyrase,0.25
8488,2122.0,RNAP,RNAP,1.0
8488,2122.0,mRNA,tetA,29.0
8488,2122.0,mRNA,Raspberry,2.0
8488,2122.0,mRNA,mKalama1,3.0
8489,2122.25,topo,topoI,0.25
8489,2122.25,topo,gyrase,0.25
8489,2122.25,RNAP,RNAP,1.0
8489,2122.25,mRNA,tetA,29.0
8489,2122.25,mRNA,Raspberry,2.0
8489,2122.25,mRNA,mKalama1,3.0
8490,2122.5,topo,topoI,0.25
8490,2122.5,topo,gyrase,0.25
8490,2122.5,RNAP,RNAP,1.0
8490,2122.5,mRNA,tetA,29.0
8490,2122.5,mRNA,Raspberry,2.0
8490,2122.5,mRNA,mKalama1,3.0
8491,2122.75,topo,topoI,0.25
8491,2122.75,topo,gyrase,0.25
8491,2122.75,RNAP,RNAP,1.0
8491,2122.75,mRNA,tetA,29.0
8491,2122.75,mRNA,Raspberry,2.0
8491,2122.75,mRNA,mKalama1,3.0
8492,2123.0,topo,topoI,0.25
8492,2123.0,topo,gyrase,0.25
8492,2123.0,RNAP,RNAP,1.0
8492,2123.0,mRNA,tetA,29.0
8492,2123.0,mRNA,Raspberry,2.0
8492,2123.0,mRNA,mKalama1,3.0
8493,2123.25,topo,topoI,0.25
8493,2123.25,topo,gyrase,0.25
8493,2123.25,RNAP,RNAP,1.0
8493,2123.25,mRNA,tetA,29.0
8493,2123.25,mRNA,Raspberry,2.0
8493,2123.25,mRNA,mKalama1,3.0
8494,2123.5,topo,topoI,0.25
8494,2123.5,topo,gyrase,0.25
8494,2123.5,RNAP,RNAP,1.0
8494,2123.5,mRNA,tetA,29.0
8494,2123.5,mRNA,Raspberry,2.0
8494,2123.5,mRNA,mKalama1,3.0
8495,2123.75,topo,topoI,0.25
8495,2123.75,topo,gyrase,0.25
8495,2123.75,RNAP,RNAP,1.0
8495,2123.75,mRNA,tetA,29.0
8495,2123.75,mRNA,Raspberry,2.0
8495,2123.75,mRNA,mKalama1,3.0
8496,2124.0,topo,topoI,0.25
8496,2124.0,topo,gyrase,0.25
8496,2124.0,RNAP,RNAP,1.0
8496,2124.0,mRNA,tetA,29.0
8496,2124.0,mRNA,Raspberry,2.0
8496,2124.0,mRNA,mKalama1,3.0
8497,2124.25,topo,topoI,0.25
8497,2124.25,topo,gyrase,0.25
8497,2124.25,RNAP,RNAP,1.0
8497,2124.25,mRNA,tetA,29.0
8497,2124.25,mRNA,Raspberry,2.0
8497,2124.25,mRNA,mKalama1,3.0
8498,2124.5,topo,topoI,0.25
8498,2124.5,topo,gyrase,0.25
8498,2124.5,RNAP,RNAP,1.0
8498,2124.5,mRNA,tetA,29.0
8498,2124.5,mRNA,Raspberry,2.0
8498,2124.5,mRNA,mKalama1,3.0
8499,2124.75,topo,topoI,0.25
8499,2124.75,topo,gyrase,0.25
8499,2124.75,RNAP,RNAP,1.0
8499,2124.75,mRNA,tetA,29.0
8499,2124.75,mRNA,Raspberry,2.0
8499,2124.75,mRNA,mKalama1,3.0
8500,2125.0,topo,topoI,0.25
8500,2125.0,topo,gyrase,0.25
8500,2125.0,RNAP,RNAP,1.0
8500,2125.0,mRNA,tetA,29.0
8500,2125.0,mRNA,Raspberry,2.0
8500,2125.0,mRNA,mKalama1,3.0
8501,2125.25,topo,topoI,0.25
8501,2125.25,topo,gyrase,0.25
8501,2125.25,RNAP,RNAP,1.0
8501,2125.25,mRNA,tetA,29.0
8501,2125.25,mRNA,Raspberry,2.0
8501,2125.25,mRNA,mKalama1,3.0
8502,2125.5,topo,topoI,0.25
8502,2125.5,topo,gyrase,0.25
8502,2125.5,RNAP,RNAP,1.0
8502,2125.5,mRNA,tetA,29.0
8502,2125.5,mRNA,Raspberry,2.0
8502,2125.5,mRNA,mKalama1,3.0
8503,2125.75,topo,topoI,0.25
8503,2125.75,topo,gyrase,0.25
8503,2125.75,RNAP,RNAP,1.0
8503,2125.75,mRNA,tetA,29.0
8503,2125.75,mRNA,Raspberry,2.0
8503,2125.75,mRNA,mKalama1,3.0
8504,2126.0,topo,topoI,0.25
8504,2126.0,topo,gyrase,0.25
8504,2126.0,RNAP,RNAP,1.0
8504,2126.0,mRNA,tetA,29.0
8504,2126.0,mRNA,Raspberry,2.0
8504,2126.0,mRNA,mKalama1,3.0
8505,2126.25,topo,topoI,0.25
8505,2126.25,topo,gyrase,0.25
8505,2126.25,RNAP,RNAP,1.0
8505,2126.25,mRNA,tetA,29.0
8505,2126.25,mRNA,Raspberry,2.0
8505,2126.25,mRNA,mKalama1,3.0
8506,2126.5,topo,topoI,0.25
8506,2126.5,topo,gyrase,0.25
8506,2126.5,RNAP,RNAP,1.0
8506,2126.5,mRNA,tetA,29.0
8506,2126.5,mRNA,Raspberry,2.0
8506,2126.5,mRNA,mKalama1,3.0
8507,2126.75,topo,topoI,0.25
8507,2126.75,topo,gyrase,0.25
8507,2126.75,RNAP,RNAP,1.0
8507,2126.75,mRNA,tetA,29.0
8507,2126.75,mRNA,Raspberry,2.0
8507,2126.75,mRNA,mKalama1,3.0
8508,2127.0,topo,topoI,0.25
8508,2127.0,topo,gyrase,0.25
8508,2127.0,RNAP,RNAP,1.0
8508,2127.0,mRNA,tetA,29.0
8508,2127.0,mRNA,Raspberry,2.0
8508,2127.0,mRNA,mKalama1,3.0
8509,2127.25,topo,topoI,0.25
8509,2127.25,topo,gyrase,0.25
8509,2127.25,RNAP,RNAP,1.0
8509,2127.25,mRNA,tetA,29.0
8509,2127.25,mRNA,Raspberry,2.0
8509,2127.25,mRNA,mKalama1,3.0
8510,2127.5,topo,topoI,0.25
8510,2127.5,topo,gyrase,0.25
8510,2127.5,RNAP,RNAP,1.0
8510,2127.5,mRNA,tetA,29.0
8510,2127.5,mRNA,Raspberry,2.0
8510,2127.5,mRNA,mKalama1,3.0
8511,2127.75,topo,topoI,0.25
8511,2127.75,topo,gyrase,0.25
8511,2127.75,RNAP,RNAP,1.0
8511,2127.75,mRNA,tetA,29.0
8511,2127.75,mRNA,Raspberry,2.0
8511,2127.75,mRNA,mKalama1,3.0
8512,2128.0,topo,topoI,0.25
8512,2128.0,topo,gyrase,0.25
8512,2128.0,RNAP,RNAP,1.0
8512,2128.0,mRNA,tetA,29.0
8512,2128.0,mRNA,Raspberry,2.0
8512,2128.0,mRNA,mKalama1,3.0
8513,2128.25,topo,topoI,0.25
8513,2128.25,topo,gyrase,0.25
8513,2128.25,RNAP,RNAP,1.0
8513,2128.25,mRNA,tetA,29.0
8513,2128.25,mRNA,Raspberry,2.0
8513,2128.25,mRNA,mKalama1,3.0
8514,2128.5,topo,topoI,0.25
8514,2128.5,topo,gyrase,0.25
8514,2128.5,RNAP,RNAP,1.0
8514,2128.5,mRNA,tetA,29.0
8514,2128.5,mRNA,Raspberry,2.0
8514,2128.5,mRNA,mKalama1,3.0
8515,2128.75,topo,topoI,0.25
8515,2128.75,topo,gyrase,0.25
8515,2128.75,RNAP,RNAP,1.0
8515,2128.75,mRNA,tetA,29.0
8515,2128.75,mRNA,Raspberry,2.0
8515,2128.75,mRNA,mKalama1,3.0
8516,2129.0,topo,topoI,0.25
8516,2129.0,topo,gyrase,0.25
8516,2129.0,RNAP,RNAP,1.0
8516,2129.0,mRNA,tetA,29.0
8516,2129.0,mRNA,Raspberry,2.0
8516,2129.0,mRNA,mKalama1,3.0
8517,2129.25,topo,topoI,0.25
8517,2129.25,topo,gyrase,0.25
8517,2129.25,RNAP,RNAP,1.0
8517,2129.25,mRNA,tetA,29.0
8517,2129.25,mRNA,Raspberry,2.0
8517,2129.25,mRNA,mKalama1,3.0
8518,2129.5,topo,topoI,0.25
8518,2129.5,topo,gyrase,0.25
8518,2129.5,RNAP,RNAP,1.0
8518,2129.5,mRNA,tetA,29.0
8518,2129.5,mRNA,Raspberry,2.0
8518,2129.5,mRNA,mKalama1,3.0
8519,2129.75,topo,topoI,0.25
8519,2129.75,topo,gyrase,0.25
8519,2129.75,RNAP,RNAP,1.0
8519,2129.75,mRNA,tetA,29.0
8519,2129.75,mRNA,Raspberry,2.0
8519,2129.75,mRNA,mKalama1,3.0
8520,2130.0,topo,topoI,0.25
8520,2130.0,topo,gyrase,0.25
8520,2130.0,RNAP,RNAP,1.0
8520,2130.0,mRNA,tetA,29.0
8520,2130.0,mRNA,Raspberry,2.0
8520,2130.0,mRNA,mKalama1,3.0
8521,2130.25,topo,topoI,0.25
8521,2130.25,topo,gyrase,0.25
8521,2130.25,RNAP,RNAP,1.0
8521,2130.25,mRNA,tetA,29.0
8521,2130.25,mRNA,Raspberry,2.0
8521,2130.25,mRNA,mKalama1,3.0
8522,2130.5,topo,topoI,0.25
8522,2130.5,topo,gyrase,0.25
8522,2130.5,RNAP,RNAP,1.0
8522,2130.5,mRNA,tetA,29.0
8522,2130.5,mRNA,Raspberry,2.0
8522,2130.5,mRNA,mKalama1,3.0
8523,2130.75,topo,topoI,0.25
8523,2130.75,topo,gyrase,0.25
8523,2130.75,RNAP,RNAP,1.0
8523,2130.75,mRNA,tetA,29.0
8523,2130.75,mRNA,Raspberry,2.0
8523,2130.75,mRNA,mKalama1,3.0
8524,2131.0,topo,topoI,0.25
8524,2131.0,topo,gyrase,0.25
8524,2131.0,RNAP,RNAP,1.0
8524,2131.0,mRNA,tetA,29.0
8524,2131.0,mRNA,Raspberry,2.0
8524,2131.0,mRNA,mKalama1,3.0
8525,2131.25,topo,topoI,0.25
8525,2131.25,topo,gyrase,0.25
8525,2131.25,RNAP,RNAP,1.0
8525,2131.25,mRNA,tetA,29.0
8525,2131.25,mRNA,Raspberry,2.0
8525,2131.25,mRNA,mKalama1,3.0
8526,2131.5,topo,topoI,0.25
8526,2131.5,topo,gyrase,0.25
8526,2131.5,RNAP,RNAP,1.0
8526,2131.5,mRNA,tetA,29.0
8526,2131.5,mRNA,Raspberry,2.0
8526,2131.5,mRNA,mKalama1,3.0
8527,2131.75,topo,topoI,0.25
8527,2131.75,topo,gyrase,0.25
8527,2131.75,RNAP,RNAP,1.0
8527,2131.75,mRNA,tetA,29.0
8527,2131.75,mRNA,Raspberry,2.0
8527,2131.75,mRNA,mKalama1,3.0
8528,2132.0,topo,topoI,0.25
8528,2132.0,topo,gyrase,0.25
8528,2132.0,RNAP,RNAP,1.0
8528,2132.0,mRNA,tetA,29.0
8528,2132.0,mRNA,Raspberry,2.0
8528,2132.0,mRNA,mKalama1,3.0
8529,2132.25,topo,topoI,0.25
8529,2132.25,topo,gyrase,0.25
8529,2132.25,RNAP,RNAP,1.0
8529,2132.25,mRNA,tetA,29.0
8529,2132.25,mRNA,Raspberry,2.0
8529,2132.25,mRNA,mKalama1,3.0
8530,2132.5,topo,topoI,0.25
8530,2132.5,topo,gyrase,0.25
8530,2132.5,RNAP,RNAP,1.0
8530,2132.5,mRNA,tetA,29.0
8530,2132.5,mRNA,Raspberry,2.0
8530,2132.5,mRNA,mKalama1,3.0
8531,2132.75,topo,topoI,0.25
8531,2132.75,topo,gyrase,0.25
8531,2132.75,RNAP,RNAP,1.0
8531,2132.75,mRNA,tetA,29.0
8531,2132.75,mRNA,Raspberry,2.0
8531,2132.75,mRNA,mKalama1,3.0
8532,2133.0,topo,topoI,0.25
8532,2133.0,topo,gyrase,0.25
8532,2133.0,RNAP,RNAP,1.0
8532,2133.0,mRNA,tetA,29.0
8532,2133.0,mRNA,Raspberry,2.0
8532,2133.0,mRNA,mKalama1,3.0
8533,2133.25,topo,topoI,0.25
8533,2133.25,topo,gyrase,0.25
8533,2133.25,RNAP,RNAP,1.0
8533,2133.25,mRNA,tetA,29.0
8533,2133.25,mRNA,Raspberry,2.0
8533,2133.25,mRNA,mKalama1,3.0
8534,2133.5,topo,topoI,0.25
8534,2133.5,topo,gyrase,0.25
8534,2133.5,RNAP,RNAP,1.0
8534,2133.5,mRNA,tetA,29.0
8534,2133.5,mRNA,Raspberry,2.0
8534,2133.5,mRNA,mKalama1,3.0
8535,2133.75,topo,topoI,0.25
8535,2133.75,topo,gyrase,0.25
8535,2133.75,RNAP,RNAP,1.0
8535,2133.75,mRNA,tetA,29.0
8535,2133.75,mRNA,Raspberry,2.0
8535,2133.75,mRNA,mKalama1,3.0
8536,2134.0,topo,topoI,0.25
8536,2134.0,topo,gyrase,0.25
8536,2134.0,RNAP,RNAP,1.0
8536,2134.0,mRNA,tetA,29.0
8536,2134.0,mRNA,Raspberry,2.0
8536,2134.0,mRNA,mKalama1,3.0
8537,2134.25,topo,topoI,0.25
8537,2134.25,topo,gyrase,0.25
8537,2134.25,RNAP,RNAP,1.0
8537,2134.25,mRNA,tetA,29.0
8537,2134.25,mRNA,Raspberry,2.0
8537,2134.25,mRNA,mKalama1,3.0
8538,2134.5,topo,topoI,0.25
8538,2134.5,topo,gyrase,0.25
8538,2134.5,RNAP,RNAP,1.0
8538,2134.5,mRNA,tetA,29.0
8538,2134.5,mRNA,Raspberry,2.0
8538,2134.5,mRNA,mKalama1,3.0
8539,2134.75,topo,topoI,0.25
8539,2134.75,topo,gyrase,0.25
8539,2134.75,RNAP,RNAP,1.0
8539,2134.75,mRNA,tetA,29.0
8539,2134.75,mRNA,Raspberry,2.0
8539,2134.75,mRNA,mKalama1,3.0
8540,2135.0,topo,topoI,0.25
8540,2135.0,topo,gyrase,0.25
8540,2135.0,RNAP,RNAP,1.0
8540,2135.0,mRNA,tetA,29.0
8540,2135.0,mRNA,Raspberry,2.0
8540,2135.0,mRNA,mKalama1,3.0
8541,2135.25,topo,topoI,0.25
8541,2135.25,topo,gyrase,0.25
8541,2135.25,RNAP,RNAP,1.0
8541,2135.25,mRNA,tetA,29.0
8541,2135.25,mRNA,Raspberry,2.0
8541,2135.25,mRNA,mKalama1,3.0
8542,2135.5,topo,topoI,0.25
8542,2135.5,topo,gyrase,0.25
8542,2135.5,RNAP,RNAP,1.0
8542,2135.5,mRNA,tetA,29.0
8542,2135.5,mRNA,Raspberry,2.0
8542,2135.5,mRNA,mKalama1,3.0
8543,2135.75,topo,topoI,0.25
8543,2135.75,topo,gyrase,0.25
8543,2135.75,RNAP,RNAP,1.0
8543,2135.75,mRNA,tetA,29.0
8543,2135.75,mRNA,Raspberry,2.0
8543,2135.75,mRNA,mKalama1,3.0
8544,2136.0,topo,topoI,0.25
8544,2136.0,topo,gyrase,0.25
8544,2136.0,RNAP,RNAP,1.0
8544,2136.0,mRNA,tetA,29.0
8544,2136.0,mRNA,Raspberry,2.0
8544,2136.0,mRNA,mKalama1,3.0
8545,2136.25,topo,topoI,0.25
8545,2136.25,topo,gyrase,0.25
8545,2136.25,RNAP,RNAP,1.0
8545,2136.25,mRNA,tetA,29.0
8545,2136.25,mRNA,Raspberry,2.0
8545,2136.25,mRNA,mKalama1,3.0
8546,2136.5,topo,topoI,0.25
8546,2136.5,topo,gyrase,0.25
8546,2136.5,RNAP,RNAP,1.0
8546,2136.5,mRNA,tetA,29.0
8546,2136.5,mRNA,Raspberry,2.0
8546,2136.5,mRNA,mKalama1,3.0
8547,2136.75,topo,topoI,0.25
8547,2136.75,topo,gyrase,0.25
8547,2136.75,RNAP,RNAP,1.0
8547,2136.75,mRNA,tetA,29.0
8547,2136.75,mRNA,Raspberry,2.0
8547,2136.75,mRNA,mKalama1,3.0
8548,2137.0,topo,topoI,0.25
8548,2137.0,topo,gyrase,0.25
8548,2137.0,RNAP,RNAP,1.0
8548,2137.0,mRNA,tetA,29.0
8548,2137.0,mRNA,Raspberry,2.0
8548,2137.0,mRNA,mKalama1,3.0
8549,2137.25,topo,topoI,0.25
8549,2137.25,topo,gyrase,0.25
8549,2137.25,RNAP,RNAP,1.0
8549,2137.25,mRNA,tetA,29.0
8549,2137.25,mRNA,Raspberry,2.0
8549,2137.25,mRNA,mKalama1,3.0
8550,2137.5,topo,topoI,0.25
8550,2137.5,topo,gyrase,0.25
8550,2137.5,RNAP,RNAP,1.0
8550,2137.5,mRNA,tetA,29.0
8550,2137.5,mRNA,Raspberry,2.0
8550,2137.5,mRNA,mKalama1,3.0
8551,2137.75,topo,topoI,0.25
8551,2137.75,topo,gyrase,0.25
8551,2137.75,RNAP,RNAP,1.0
8551,2137.75,mRNA,tetA,29.0
8551,2137.75,mRNA,Raspberry,2.0
8551,2137.75,mRNA,mKalama1,3.0
8552,2138.0,topo,topoI,0.25
8552,2138.0,topo,gyrase,0.25
8552,2138.0,RNAP,RNAP,1.0
8552,2138.0,mRNA,tetA,29.0
8552,2138.0,mRNA,Raspberry,2.0
8552,2138.0,mRNA,mKalama1,3.0
8553,2138.25,topo,topoI,0.25
8553,2138.25,topo,gyrase,0.25
8553,2138.25,RNAP,RNAP,1.0
8553,2138.25,mRNA,tetA,29.0
8553,2138.25,mRNA,Raspberry,2.0
8553,2138.25,mRNA,mKalama1,3.0
8554,2138.5,topo,topoI,0.25
8554,2138.5,topo,gyrase,0.25
8554,2138.5,RNAP,RNAP,1.0
8554,2138.5,mRNA,tetA,29.0
8554,2138.5,mRNA,Raspberry,2.0
8554,2138.5,mRNA,mKalama1,3.0
8555,2138.75,topo,topoI,0.25
8555,2138.75,topo,gyrase,0.25
8555,2138.75,RNAP,RNAP,1.0
8555,2138.75,mRNA,tetA,29.0
8555,2138.75,mRNA,Raspberry,2.0
8555,2138.75,mRNA,mKalama1,3.0
8556,2139.0,topo,topoI,0.25
8556,2139.0,topo,gyrase,0.25
8556,2139.0,RNAP,RNAP,1.0
8556,2139.0,mRNA,tetA,29.0
8556,2139.0,mRNA,Raspberry,2.0
8556,2139.0,mRNA,mKalama1,3.0
8557,2139.25,topo,topoI,0.25
8557,2139.25,topo,gyrase,0.25
8557,2139.25,RNAP,RNAP,1.0
8557,2139.25,mRNA,tetA,29.0
8557,2139.25,mRNA,Raspberry,2.0
8557,2139.25,mRNA,mKalama1,3.0
8558,2139.5,topo,topoI,0.25
8558,2139.5,topo,gyrase,0.25
8558,2139.5,RNAP,RNAP,1.0
8558,2139.5,mRNA,tetA,29.0
8558,2139.5,mRNA,Raspberry,2.0
8558,2139.5,mRNA,mKalama1,3.0
8559,2139.75,topo,topoI,0.25
8559,2139.75,topo,gyrase,0.25
8559,2139.75,RNAP,RNAP,1.0
8559,2139.75,mRNA,tetA,29.0
8559,2139.75,mRNA,Raspberry,2.0
8559,2139.75,mRNA,mKalama1,3.0
8560,2140.0,topo,topoI,0.25
8560,2140.0,topo,gyrase,0.25
8560,2140.0,RNAP,RNAP,1.0
8560,2140.0,mRNA,tetA,29.0
8560,2140.0,mRNA,Raspberry,2.0
8560,2140.0,mRNA,mKalama1,3.0
8561,2140.25,topo,topoI,0.25
8561,2140.25,topo,gyrase,0.25
8561,2140.25,RNAP,RNAP,1.0
8561,2140.25,mRNA,tetA,29.0
8561,2140.25,mRNA,Raspberry,2.0
8561,2140.25,mRNA,mKalama1,3.0
8562,2140.5,topo,topoI,0.25
8562,2140.5,topo,gyrase,0.25
8562,2140.5,RNAP,RNAP,1.0
8562,2140.5,mRNA,tetA,29.0
8562,2140.5,mRNA,Raspberry,2.0
8562,2140.5,mRNA,mKalama1,3.0
8563,2140.75,topo,topoI,0.25
8563,2140.75,topo,gyrase,0.25
8563,2140.75,RNAP,RNAP,1.0
8563,2140.75,mRNA,tetA,29.0
8563,2140.75,mRNA,Raspberry,2.0
8563,2140.75,mRNA,mKalama1,3.0
8564,2141.0,topo,topoI,0.25
8564,2141.0,topo,gyrase,0.25
8564,2141.0,RNAP,RNAP,1.0
8564,2141.0,mRNA,tetA,29.0
8564,2141.0,mRNA,Raspberry,2.0
8564,2141.0,mRNA,mKalama1,3.0
8565,2141.25,topo,topoI,0.25
8565,2141.25,topo,gyrase,0.25
8565,2141.25,RNAP,RNAP,1.0
8565,2141.25,mRNA,tetA,29.0
8565,2141.25,mRNA,Raspberry,2.0
8565,2141.25,mRNA,mKalama1,3.0
8566,2141.5,topo,topoI,0.25
8566,2141.5,topo,gyrase,0.25
8566,2141.5,RNAP,RNAP,1.0
8566,2141.5,mRNA,tetA,29.0
8566,2141.5,mRNA,Raspberry,2.0
8566,2141.5,mRNA,mKalama1,3.0
8567,2141.75,topo,topoI,0.25
8567,2141.75,topo,gyrase,0.25
8567,2141.75,RNAP,RNAP,1.0
8567,2141.75,mRNA,tetA,29.0
8567,2141.75,mRNA,Raspberry,2.0
8567,2141.75,mRNA,mKalama1,3.0
8568,2142.0,topo,topoI,0.25
8568,2142.0,topo,gyrase,0.25
8568,2142.0,RNAP,RNAP,1.0
8568,2142.0,mRNA,tetA,29.0
8568,2142.0,mRNA,Raspberry,2.0
8568,2142.0,mRNA,mKalama1,3.0
8569,2142.25,topo,topoI,0.25
8569,2142.25,topo,gyrase,0.25
8569,2142.25,RNAP,RNAP,1.0
8569,2142.25,mRNA,tetA,29.0
8569,2142.25,mRNA,Raspberry,2.0
8569,2142.25,mRNA,mKalama1,3.0
8570,2142.5,topo,topoI,0.25
8570,2142.5,topo,gyrase,0.25
8570,2142.5,RNAP,RNAP,1.0
8570,2142.5,mRNA,tetA,29.0
8570,2142.5,mRNA,Raspberry,2.0
8570,2142.5,mRNA,mKalama1,3.0
8571,2142.75,topo,topoI,0.25
8571,2142.75,topo,gyrase,0.25
8571,2142.75,RNAP,RNAP,1.0
8571,2142.75,mRNA,tetA,29.0
8571,2142.75,mRNA,Raspberry,2.0
8571,2142.75,mRNA,mKalama1,3.0
8572,2143.0,topo,topoI,0.25
8572,2143.0,topo,gyrase,0.25
8572,2143.0,RNAP,RNAP,1.0
8572,2143.0,mRNA,tetA,29.0
8572,2143.0,mRNA,Raspberry,2.0
8572,2143.0,mRNA,mKalama1,3.0
8573,2143.25,topo,topoI,0.25
8573,2143.25,topo,gyrase,0.25
8573,2143.25,RNAP,RNAP,1.0
8573,2143.25,mRNA,tetA,29.0
8573,2143.25,mRNA,Raspberry,2.0
8573,2143.25,mRNA,mKalama1,3.0
8574,2143.5,topo,topoI,0.25
8574,2143.5,topo,gyrase,0.25
8574,2143.5,RNAP,RNAP,1.0
8574,2143.5,mRNA,tetA,29.0
8574,2143.5,mRNA,Raspberry,2.0
8574,2143.5,mRNA,mKalama1,3.0
8575,2143.75,topo,topoI,0.25
8575,2143.75,topo,gyrase,0.25
8575,2143.75,RNAP,RNAP,1.0
8575,2143.75,mRNA,tetA,29.0
8575,2143.75,mRNA,Raspberry,2.0
8575,2143.75,mRNA,mKalama1,3.0
8576,2144.0,topo,topoI,0.25
8576,2144.0,topo,gyrase,0.25
8576,2144.0,RNAP,RNAP,1.0
8576,2144.0,mRNA,tetA,29.0
8576,2144.0,mRNA,Raspberry,2.0
8576,2144.0,mRNA,mKalama1,3.0
8577,2144.25,topo,topoI,0.25
8577,2144.25,topo,gyrase,0.25
8577,2144.25,RNAP,RNAP,1.0
8577,2144.25,mRNA,tetA,29.0
8577,2144.25,mRNA,Raspberry,2.0
8577,2144.25,mRNA,mKalama1,3.0
8578,2144.5,topo,topoI,0.25
8578,2144.5,topo,gyrase,0.25
8578,2144.5,RNAP,RNAP,1.0
8578,2144.5,mRNA,tetA,29.0
8578,2144.5,mRNA,Raspberry,2.0
8578,2144.5,mRNA,mKalama1,3.0
8579,2144.75,topo,topoI,0.25
8579,2144.75,topo,gyrase,0.25
8579,2144.75,RNAP,RNAP,1.0
8579,2144.75,mRNA,tetA,29.0
8579,2144.75,mRNA,Raspberry,2.0
8579,2144.75,mRNA,mKalama1,3.0
8580,2145.0,topo,topoI,0.25
8580,2145.0,topo,gyrase,0.25
8580,2145.0,RNAP,RNAP,1.0
8580,2145.0,mRNA,tetA,29.0
8580,2145.0,mRNA,Raspberry,2.0
8580,2145.0,mRNA,mKalama1,3.0
8581,2145.25,topo,topoI,0.25
8581,2145.25,topo,gyrase,0.25
8581,2145.25,RNAP,RNAP,1.0
8581,2145.25,mRNA,tetA,29.0
8581,2145.25,mRNA,Raspberry,2.0
8581,2145.25,mRNA,mKalama1,3.0
8582,2145.5,topo,topoI,0.25
8582,2145.5,topo,gyrase,0.25
8582,2145.5,RNAP,RNAP,1.0
8582,2145.5,mRNA,tetA,29.0
8582,2145.5,mRNA,Raspberry,2.0
8582,2145.5,mRNA,mKalama1,3.0
8583,2145.75,topo,topoI,0.25
8583,2145.75,topo,gyrase,0.25
8583,2145.75,RNAP,RNAP,1.0
8583,2145.75,mRNA,tetA,29.0
8583,2145.75,mRNA,Raspberry,2.0
8583,2145.75,mRNA,mKalama1,3.0
8584,2146.0,topo,topoI,0.25
8584,2146.0,topo,gyrase,0.25
8584,2146.0,RNAP,RNAP,1.0
8584,2146.0,mRNA,tetA,29.0
8584,2146.0,mRNA,Raspberry,2.0
8584,2146.0,mRNA,mKalama1,3.0
8585,2146.25,topo,topoI,0.25
8585,2146.25,topo,gyrase,0.25
8585,2146.25,RNAP,RNAP,1.0
8585,2146.25,mRNA,tetA,29.0
8585,2146.25,mRNA,Raspberry,2.0
8585,2146.25,mRNA,mKalama1,3.0
8586,2146.5,topo,topoI,0.25
8586,2146.5,topo,gyrase,0.25
8586,2146.5,RNAP,RNAP,1.0
8586,2146.5,mRNA,tetA,29.0
8586,2146.5,mRNA,Raspberry,2.0
8586,2146.5,mRNA,mKalama1,3.0
8587,2146.75,topo,topoI,0.25
8587,2146.75,topo,gyrase,0.25
8587,2146.75,RNAP,RNAP,1.0
8587,2146.75,mRNA,tetA,29.0
8587,2146.75,mRNA,Raspberry,2.0
8587,2146.75,mRNA,mKalama1,3.0
8588,2147.0,topo,topoI,0.25
8588,2147.0,topo,gyrase,0.25
8588,2147.0,RNAP,RNAP,1.0
8588,2147.0,mRNA,tetA,29.0
8588,2147.0,mRNA,Raspberry,2.0
8588,2147.0,mRNA,mKalama1,3.0
8589,2147.25,topo,topoI,0.25
8589,2147.25,topo,gyrase,0.25
8589,2147.25,RNAP,RNAP,1.0
8589,2147.25,mRNA,tetA,29.0
8589,2147.25,mRNA,Raspberry,2.0
8589,2147.25,mRNA,mKalama1,3.0
8590,2147.5,topo,topoI,0.25
8590,2147.5,topo,gyrase,0.25
8590,2147.5,RNAP,RNAP,1.0
8590,2147.5,mRNA,tetA,29.0
8590,2147.5,mRNA,Raspberry,2.0
8590,2147.5,mRNA,mKalama1,3.0
8591,2147.75,topo,topoI,0.25
8591,2147.75,topo,gyrase,0.25
8591,2147.75,RNAP,RNAP,1.0
8591,2147.75,mRNA,tetA,29.0
8591,2147.75,mRNA,Raspberry,2.0
8591,2147.75,mRNA,mKalama1,3.0
8592,2148.0,topo,topoI,0.25
8592,2148.0,topo,gyrase,0.25
8592,2148.0,RNAP,RNAP,1.0
8592,2148.0,mRNA,tetA,29.0
8592,2148.0,mRNA,Raspberry,2.0
8592,2148.0,mRNA,mKalama1,3.0
8593,2148.25,topo,topoI,0.25
8593,2148.25,topo,gyrase,0.25
8593,2148.25,RNAP,RNAP,1.0
8593,2148.25,mRNA,tetA,29.0
8593,2148.25,mRNA,Raspberry,2.0
8593,2148.25,mRNA,mKalama1,3.0
8594,2148.5,topo,topoI,0.25
8594,2148.5,topo,gyrase,0.25
8594,2148.5,RNAP,RNAP,1.0
8594,2148.5,mRNA,tetA,29.0
8594,2148.5,mRNA,Raspberry,2.0
8594,2148.5,mRNA,mKalama1,3.0
8595,2148.75,topo,topoI,0.25
8595,2148.75,topo,gyrase,0.25
8595,2148.75,RNAP,RNAP,1.0
8595,2148.75,mRNA,tetA,29.0
8595,2148.75,mRNA,Raspberry,2.0
8595,2148.75,mRNA,mKalama1,3.0
8596,2149.0,topo,topoI,0.25
8596,2149.0,topo,gyrase,0.25
8596,2149.0,RNAP,RNAP,1.0
8596,2149.0,mRNA,tetA,29.0
8596,2149.0,mRNA,Raspberry,2.0
8596,2149.0,mRNA,mKalama1,3.0
8597,2149.25,topo,topoI,0.25
8597,2149.25,topo,gyrase,0.25
8597,2149.25,RNAP,RNAP,1.0
8597,2149.25,mRNA,tetA,29.0
8597,2149.25,mRNA,Raspberry,2.0
8597,2149.25,mRNA,mKalama1,3.0
8598,2149.5,topo,topoI,0.25
8598,2149.5,topo,gyrase,0.25
8598,2149.5,RNAP,RNAP,1.0
8598,2149.5,mRNA,tetA,29.0
8598,2149.5,mRNA,Raspberry,2.0
8598,2149.5,mRNA,mKalama1,3.0
8599,2149.75,topo,topoI,0.25
8599,2149.75,topo,gyrase,0.25
8599,2149.75,RNAP,RNAP,1.0
8599,2149.75,mRNA,tetA,29.0
8599,2149.75,mRNA,Raspberry,2.0
8599,2149.75,mRNA,mKalama1,3.0
8600,2150.0,topo,topoI,0.25
8600,2150.0,topo,gyrase,0.25
8600,2150.0,RNAP,RNAP,1.0
8600,2150.0,mRNA,tetA,29.0
8600,2150.0,mRNA,Raspberry,2.0
8600,2150.0,mRNA,mKalama1,3.0
8601,2150.25,topo,topoI,0.25
8601,2150.25,topo,gyrase,0.25
8601,2150.25,RNAP,RNAP,1.0
8601,2150.25,mRNA,tetA,29.0
8601,2150.25,mRNA,Raspberry,2.0
8601,2150.25,mRNA,mKalama1,3.0
8602,2150.5,topo,topoI,0.25
8602,2150.5,topo,gyrase,0.25
8602,2150.5,RNAP,RNAP,1.0
8602,2150.5,mRNA,tetA,29.0
8602,2150.5,mRNA,Raspberry,2.0
8602,2150.5,mRNA,mKalama1,3.0
8603,2150.75,topo,topoI,0.25
8603,2150.75,topo,gyrase,0.25
8603,2150.75,RNAP,RNAP,1.0
8603,2150.75,mRNA,tetA,29.0
8603,2150.75,mRNA,Raspberry,2.0
8603,2150.75,mRNA,mKalama1,3.0
8604,2151.0,topo,topoI,0.25
8604,2151.0,topo,gyrase,0.25
8604,2151.0,RNAP,RNAP,1.0
8604,2151.0,mRNA,tetA,29.0
8604,2151.0,mRNA,Raspberry,2.0
8604,2151.0,mRNA,mKalama1,3.0
8605,2151.25,topo,topoI,0.25
8605,2151.25,topo,gyrase,0.25
8605,2151.25,RNAP,RNAP,1.0
8605,2151.25,mRNA,tetA,29.0
8605,2151.25,mRNA,Raspberry,2.0
8605,2151.25,mRNA,mKalama1,3.0
8606,2151.5,topo,topoI,0.25
8606,2151.5,topo,gyrase,0.25
8606,2151.5,RNAP,RNAP,1.0
8606,2151.5,mRNA,tetA,29.0
8606,2151.5,mRNA,Raspberry,2.0
8606,2151.5,mRNA,mKalama1,3.0
8607,2151.75,topo,topoI,0.25
8607,2151.75,topo,gyrase,0.25
8607,2151.75,RNAP,RNAP,1.0
8607,2151.75,mRNA,tetA,29.0
8607,2151.75,mRNA,Raspberry,2.0
8607,2151.75,mRNA,mKalama1,3.0
8608,2152.0,topo,topoI,0.25
8608,2152.0,topo,gyrase,0.25
8608,2152.0,RNAP,RNAP,1.0
8608,2152.0,mRNA,tetA,29.0
8608,2152.0,mRNA,Raspberry,2.0
8608,2152.0,mRNA,mKalama1,3.0
8609,2152.25,topo,topoI,0.25
8609,2152.25,topo,gyrase,0.25
8609,2152.25,RNAP,RNAP,1.0
8609,2152.25,mRNA,tetA,29.0
8609,2152.25,mRNA,Raspberry,2.0
8609,2152.25,mRNA,mKalama1,3.0
8610,2152.5,topo,topoI,0.25
8610,2152.5,topo,gyrase,0.25
8610,2152.5,RNAP,RNAP,1.0
8610,2152.5,mRNA,tetA,29.0
8610,2152.5,mRNA,Raspberry,2.0
8610,2152.5,mRNA,mKalama1,3.0
8611,2152.75,topo,topoI,0.25
8611,2152.75,topo,gyrase,0.25
8611,2152.75,RNAP,RNAP,1.0
8611,2152.75,mRNA,tetA,29.0
8611,2152.75,mRNA,Raspberry,2.0
8611,2152.75,mRNA,mKalama1,3.0
8612,2153.0,topo,topoI,0.25
8612,2153.0,topo,gyrase,0.25
8612,2153.0,RNAP,RNAP,1.0
8612,2153.0,mRNA,tetA,29.0
8612,2153.0,mRNA,Raspberry,2.0
8612,2153.0,mRNA,mKalama1,3.0
8613,2153.25,topo,topoI,0.25
8613,2153.25,topo,gyrase,0.25
8613,2153.25,RNAP,RNAP,1.0
8613,2153.25,mRNA,tetA,29.0
8613,2153.25,mRNA,Raspberry,2.0
8613,2153.25,mRNA,mKalama1,3.0
8614,2153.5,topo,topoI,0.25
8614,2153.5,topo,gyrase,0.25
8614,2153.5,RNAP,RNAP,1.0
8614,2153.5,mRNA,tetA,29.0
8614,2153.5,mRNA,Raspberry,2.0
8614,2153.5,mRNA,mKalama1,3.0
8615,2153.75,topo,topoI,0.25
8615,2153.75,topo,gyrase,0.25
8615,2153.75,RNAP,RNAP,1.0
8615,2153.75,mRNA,tetA,29.0
8615,2153.75,mRNA,Raspberry,2.0
8615,2153.75,mRNA,mKalama1,3.0
8616,2154.0,topo,topoI,0.25
8616,2154.0,topo,gyrase,0.25
8616,2154.0,RNAP,RNAP,1.0
8616,2154.0,mRNA,tetA,29.0
8616,2154.0,mRNA,Raspberry,2.0
8616,2154.0,mRNA,mKalama1,3.0
8617,2154.25,topo,topoI,0.25
8617,2154.25,topo,gyrase,0.25
8617,2154.25,RNAP,RNAP,1.0
8617,2154.25,mRNA,tetA,29.0
8617,2154.25,mRNA,Raspberry,2.0
8617,2154.25,mRNA,mKalama1,3.0
8618,2154.5,topo,topoI,0.25
8618,2154.5,topo,gyrase,0.25
8618,2154.5,RNAP,RNAP,1.0
8618,2154.5,mRNA,tetA,29.0
8618,2154.5,mRNA,Raspberry,2.0
8618,2154.5,mRNA,mKalama1,3.0
8619,2154.75,topo,topoI,0.25
8619,2154.75,topo,gyrase,0.25
8619,2154.75,RNAP,RNAP,1.0
8619,2154.75,mRNA,tetA,29.0
8619,2154.75,mRNA,Raspberry,2.0
8619,2154.75,mRNA,mKalama1,3.0
8620,2155.0,topo,topoI,0.25
8620,2155.0,topo,gyrase,0.25
8620,2155.0,RNAP,RNAP,1.0
8620,2155.0,mRNA,tetA,29.0
8620,2155.0,mRNA,Raspberry,2.0
8620,2155.0,mRNA,mKalama1,3.0
8621,2155.25,topo,topoI,0.25
8621,2155.25,topo,gyrase,0.25
8621,2155.25,RNAP,RNAP,1.0
8621,2155.25,mRNA,tetA,29.0
8621,2155.25,mRNA,Raspberry,2.0
8621,2155.25,mRNA,mKalama1,3.0
8622,2155.5,topo,topoI,0.25
8622,2155.5,topo,gyrase,0.25
8622,2155.5,RNAP,RNAP,1.0
8622,2155.5,mRNA,tetA,29.0
8622,2155.5,mRNA,Raspberry,2.0
8622,2155.5,mRNA,mKalama1,3.0
8623,2155.75,topo,topoI,0.25
8623,2155.75,topo,gyrase,0.25
8623,2155.75,RNAP,RNAP,1.0
8623,2155.75,mRNA,tetA,29.0
8623,2155.75,mRNA,Raspberry,2.0
8623,2155.75,mRNA,mKalama1,3.0
8624,2156.0,topo,topoI,0.25
8624,2156.0,topo,gyrase,0.25
8624,2156.0,RNAP,RNAP,1.0
8624,2156.0,mRNA,tetA,29.0
8624,2156.0,mRNA,Raspberry,2.0
8624,2156.0,mRNA,mKalama1,3.0
8625,2156.25,topo,topoI,0.25
8625,2156.25,topo,gyrase,0.25
8625,2156.25,RNAP,RNAP,1.0
8625,2156.25,mRNA,tetA,29.0
8625,2156.25,mRNA,Raspberry,2.0
8625,2156.25,mRNA,mKalama1,3.0
8626,2156.5,topo,topoI,0.25
8626,2156.5,topo,gyrase,0.25
8626,2156.5,RNAP,RNAP,1.0
8626,2156.5,mRNA,tetA,29.0
8626,2156.5,mRNA,Raspberry,2.0
8626,2156.5,mRNA,mKalama1,3.0
8627,2156.75,topo,topoI,0.25
8627,2156.75,topo,gyrase,0.25
8627,2156.75,RNAP,RNAP,1.0
8627,2156.75,mRNA,tetA,29.0
8627,2156.75,mRNA,Raspberry,2.0
8627,2156.75,mRNA,mKalama1,3.0
8628,2157.0,topo,topoI,0.25
8628,2157.0,topo,gyrase,0.25
8628,2157.0,RNAP,RNAP,1.0
8628,2157.0,mRNA,tetA,29.0
8628,2157.0,mRNA,Raspberry,2.0
8628,2157.0,mRNA,mKalama1,3.0
8629,2157.25,topo,topoI,0.25
8629,2157.25,topo,gyrase,0.25
8629,2157.25,RNAP,RNAP,1.0
8629,2157.25,mRNA,tetA,29.0
8629,2157.25,mRNA,Raspberry,2.0
8629,2157.25,mRNA,mKalama1,3.0
8630,2157.5,topo,topoI,0.25
8630,2157.5,topo,gyrase,0.25
8630,2157.5,RNAP,RNAP,1.0
8630,2157.5,mRNA,tetA,29.0
8630,2157.5,mRNA,Raspberry,2.0
8630,2157.5,mRNA,mKalama1,3.0
8631,2157.75,topo,topoI,0.25
8631,2157.75,topo,gyrase,0.25
8631,2157.75,RNAP,RNAP,1.0
8631,2157.75,mRNA,tetA,29.0
8631,2157.75,mRNA,Raspberry,2.0
8631,2157.75,mRNA,mKalama1,3.0
8632,2158.0,topo,topoI,0.25
8632,2158.0,topo,gyrase,0.25
8632,2158.0,RNAP,RNAP,1.0
8632,2158.0,mRNA,tetA,29.0
8632,2158.0,mRNA,Raspberry,2.0
8632,2158.0,mRNA,mKalama1,3.0
8633,2158.25,topo,topoI,0.25
8633,2158.25,topo,gyrase,0.25
8633,2158.25,RNAP,RNAP,1.0
8633,2158.25,mRNA,tetA,29.0
8633,2158.25,mRNA,Raspberry,2.0
8633,2158.25,mRNA,mKalama1,3.0
8634,2158.5,topo,topoI,0.25
8634,2158.5,topo,gyrase,0.25
8634,2158.5,RNAP,RNAP,1.0
8634,2158.5,mRNA,tetA,29.0
8634,2158.5,mRNA,Raspberry,2.0
8634,2158.5,mRNA,mKalama1,3.0
8635,2158.75,topo,topoI,0.25
8635,2158.75,topo,gyrase,0.25
8635,2158.75,RNAP,RNAP,1.0
8635,2158.75,mRNA,tetA,29.0
8635,2158.75,mRNA,Raspberry,2.0
8635,2158.75,mRNA,mKalama1,3.0
8636,2159.0,topo,topoI,0.25
8636,2159.0,topo,gyrase,0.25
8636,2159.0,RNAP,RNAP,1.0
8636,2159.0,mRNA,tetA,29.0
8636,2159.0,mRNA,Raspberry,2.0
8636,2159.0,mRNA,mKalama1,3.0
8637,2159.25,topo,topoI,0.25
8637,2159.25,topo,gyrase,0.25
8637,2159.25,RNAP,RNAP,1.0
8637,2159.25,mRNA,tetA,29.0
8637,2159.25,mRNA,Raspberry,2.0
8637,2159.25,mRNA,mKalama1,3.0
8638,2159.5,topo,topoI,0.25
8638,2159.5,topo,gyrase,0.25
8638,2159.5,RNAP,RNAP,1.0
8638,2159.5,mRNA,tetA,29.0
8638,2159.5,mRNA,Raspberry,2.0
8638,2159.5,mRNA,mKalama1,3.0
8639,2159.75,topo,topoI,0.25
8639,2159.75,topo,gyrase,0.25
8639,2159.75,RNAP,RNAP,1.0
8639,2159.75,mRNA,tetA,29.0
8639,2159.75,mRNA,Raspberry,2.0
8639,2159.75,mRNA,mKalama1,3.0
8640,2160.0,topo,topoI,0.25
8640,2160.0,topo,gyrase,0.25
8640,2160.0,RNAP,RNAP,1.0
8640,2160.0,mRNA,tetA,29.0
8640,2160.0,mRNA,Raspberry,2.0
8640,2160.0,mRNA,mKalama1,3.0
8641,2160.25,topo,topoI,0.25
8641,2160.25,topo,gyrase,0.25
8641,2160.25,RNAP,RNAP,1.0
8641,2160.25,mRNA,tetA,29.0
8641,2160.25,mRNA,Raspberry,2.0
8641,2160.25,mRNA,mKalama1,3.0
8642,2160.5,topo,topoI,0.25
8642,2160.5,topo,gyrase,0.25
8642,2160.5,RNAP,RNAP,1.0
8642,2160.5,mRNA,tetA,29.0
8642,2160.5,mRNA,Raspberry,2.0
8642,2160.5,mRNA,mKalama1,3.0
8643,2160.75,topo,topoI,0.25
8643,2160.75,topo,gyrase,0.25
8643,2160.75,RNAP,RNAP,1.0
8643,2160.75,mRNA,tetA,29.0
8643,2160.75,mRNA,Raspberry,2.0
8643,2160.75,mRNA,mKalama1,3.0
8644,2161.0,topo,topoI,0.25
8644,2161.0,topo,gyrase,0.25
8644,2161.0,RNAP,RNAP,1.0
8644,2161.0,mRNA,tetA,29.0
8644,2161.0,mRNA,Raspberry,2.0
8644,2161.0,mRNA,mKalama1,3.0
8645,2161.25,topo,topoI,0.25
8645,2161.25,topo,gyrase,0.25
8645,2161.25,RNAP,RNAP,1.0
8645,2161.25,mRNA,tetA,29.0
8645,2161.25,mRNA,Raspberry,2.0
8645,2161.25,mRNA,mKalama1,3.0
8646,2161.5,topo,topoI,0.25
8646,2161.5,topo,gyrase,0.25
8646,2161.5,RNAP,RNAP,1.0
8646,2161.5,mRNA,tetA,29.0
8646,2161.5,mRNA,Raspberry,2.0
8646,2161.5,mRNA,mKalama1,3.0
8647,2161.75,topo,topoI,0.25
8647,2161.75,topo,gyrase,0.25
8647,2161.75,RNAP,RNAP,1.0
8647,2161.75,mRNA,tetA,29.0
8647,2161.75,mRNA,Raspberry,2.0
8647,2161.75,mRNA,mKalama1,3.0
8648,2162.0,topo,topoI,0.25
8648,2162.0,topo,gyrase,0.25
8648,2162.0,RNAP,RNAP,1.0
8648,2162.0,mRNA,tetA,29.0
8648,2162.0,mRNA,Raspberry,2.0
8648,2162.0,mRNA,mKalama1,3.0
8649,2162.25,topo,topoI,0.25
8649,2162.25,topo,gyrase,0.25
8649,2162.25,RNAP,RNAP,1.0
8649,2162.25,mRNA,tetA,29.0
8649,2162.25,mRNA,Raspberry,2.0
8649,2162.25,mRNA,mKalama1,3.0
8650,2162.5,topo,topoI,0.25
8650,2162.5,topo,gyrase,0.25
8650,2162.5,RNAP,RNAP,1.0
8650,2162.5,mRNA,tetA,29.0
8650,2162.5,mRNA,Raspberry,2.0
8650,2162.5,mRNA,mKalama1,3.0
8651,2162.75,topo,topoI,0.25
8651,2162.75,topo,gyrase,0.25
8651,2162.75,RNAP,RNAP,1.0
8651,2162.75,mRNA,tetA,29.0
8651,2162.75,mRNA,Raspberry,2.0
8651,2162.75,mRNA,mKalama1,3.0
8652,2163.0,topo,topoI,0.25
8652,2163.0,topo,gyrase,0.25
8652,2163.0,RNAP,RNAP,1.0
8652,2163.0,mRNA,tetA,29.0
8652,2163.0,mRNA,Raspberry,2.0
8652,2163.0,mRNA,mKalama1,3.0
8653,2163.25,topo,topoI,0.25
8653,2163.25,topo,gyrase,0.25
8653,2163.25,RNAP,RNAP,1.0
8653,2163.25,mRNA,tetA,29.0
8653,2163.25,mRNA,Raspberry,2.0
8653,2163.25,mRNA,mKalama1,3.0
8654,2163.5,topo,topoI,0.25
8654,2163.5,topo,gyrase,0.25
8654,2163.5,RNAP,RNAP,1.0
8654,2163.5,mRNA,tetA,29.0
8654,2163.5,mRNA,Raspberry,2.0
8654,2163.5,mRNA,mKalama1,3.0
8655,2163.75,topo,topoI,0.25
8655,2163.75,topo,gyrase,0.25
8655,2163.75,RNAP,RNAP,1.0
8655,2163.75,mRNA,tetA,29.0
8655,2163.75,mRNA,Raspberry,2.0
8655,2163.75,mRNA,mKalama1,3.0
8656,2164.0,topo,topoI,0.25
8656,2164.0,topo,gyrase,0.25
8656,2164.0,RNAP,RNAP,1.0
8656,2164.0,mRNA,tetA,29.0
8656,2164.0,mRNA,Raspberry,2.0
8656,2164.0,mRNA,mKalama1,3.0
8657,2164.25,topo,topoI,0.25
8657,2164.25,topo,gyrase,0.25
8657,2164.25,RNAP,RNAP,1.0
8657,2164.25,mRNA,tetA,29.0
8657,2164.25,mRNA,Raspberry,2.0
8657,2164.25,mRNA,mKalama1,3.0
8658,2164.5,topo,topoI,0.25
8658,2164.5,topo,gyrase,0.25
8658,2164.5,RNAP,RNAP,1.0
8658,2164.5,mRNA,tetA,29.0
8658,2164.5,mRNA,Raspberry,2.0
8658,2164.5,mRNA,mKalama1,3.0
8659,2164.75,topo,topoI,0.25
8659,2164.75,topo,gyrase,0.25
8659,2164.75,RNAP,RNAP,1.0
8659,2164.75,mRNA,tetA,29.0
8659,2164.75,mRNA,Raspberry,2.0
8659,2164.75,mRNA,mKalama1,3.0
8660,2165.0,topo,topoI,0.25
8660,2165.0,topo,gyrase,0.25
8660,2165.0,RNAP,RNAP,1.0
8660,2165.0,mRNA,tetA,29.0
8660,2165.0,mRNA,Raspberry,2.0
8660,2165.0,mRNA,mKalama1,3.0
8661,2165.25,topo,topoI,0.25
8661,2165.25,topo,gyrase,0.25
8661,2165.25,RNAP,RNAP,1.0
8661,2165.25,mRNA,tetA,29.0
8661,2165.25,mRNA,Raspberry,2.0
8661,2165.25,mRNA,mKalama1,3.0
8662,2165.5,topo,topoI,0.25
8662,2165.5,topo,gyrase,0.25
8662,2165.5,RNAP,RNAP,1.0
8662,2165.5,mRNA,tetA,29.0
8662,2165.5,mRNA,Raspberry,2.0
8662,2165.5,mRNA,mKalama1,3.0
8663,2165.75,topo,topoI,0.25
8663,2165.75,topo,gyrase,0.25
8663,2165.75,RNAP,RNAP,1.0
8663,2165.75,mRNA,tetA,29.0
8663,2165.75,mRNA,Raspberry,2.0
8663,2165.75,mRNA,mKalama1,3.0
8664,2166.0,topo,topoI,0.25
8664,2166.0,topo,gyrase,0.25
8664,2166.0,RNAP,RNAP,1.0
8664,2166.0,mRNA,tetA,29.0
8664,2166.0,mRNA,Raspberry,2.0
8664,2166.0,mRNA,mKalama1,3.0
8665,2166.25,topo,topoI,0.25
8665,2166.25,topo,gyrase,0.25
8665,2166.25,RNAP,RNAP,1.0
8665,2166.25,mRNA,tetA,29.0
8665,2166.25,mRNA,Raspberry,2.0
8665,2166.25,mRNA,mKalama1,3.0
8666,2166.5,topo,topoI,0.25
8666,2166.5,topo,gyrase,0.25
8666,2166.5,RNAP,RNAP,1.0
8666,2166.5,mRNA,tetA,29.0
8666,2166.5,mRNA,Raspberry,2.0
8666,2166.5,mRNA,mKalama1,3.0
8667,2166.75,topo,topoI,0.25
8667,2166.75,topo,gyrase,0.25
8667,2166.75,RNAP,RNAP,1.0
8667,2166.75,mRNA,tetA,29.0
8667,2166.75,mRNA,Raspberry,2.0
8667,2166.75,mRNA,mKalama1,3.0
8668,2167.0,topo,topoI,0.25
8668,2167.0,topo,gyrase,0.25
8668,2167.0,RNAP,RNAP,1.0
8668,2167.0,mRNA,tetA,29.0
8668,2167.0,mRNA,Raspberry,2.0
8668,2167.0,mRNA,mKalama1,3.0
8669,2167.25,topo,topoI,0.25
8669,2167.25,topo,gyrase,0.25
8669,2167.25,RNAP,RNAP,1.0
8669,2167.25,mRNA,tetA,29.0
8669,2167.25,mRNA,Raspberry,2.0
8669,2167.25,mRNA,mKalama1,3.0
8670,2167.5,topo,topoI,0.25
8670,2167.5,topo,gyrase,0.25
8670,2167.5,RNAP,RNAP,1.0
8670,2167.5,mRNA,tetA,29.0
8670,2167.5,mRNA,Raspberry,2.0
8670,2167.5,mRNA,mKalama1,3.0
8671,2167.75,topo,topoI,0.25
8671,2167.75,topo,gyrase,0.25
8671,2167.75,RNAP,RNAP,1.0
8671,2167.75,mRNA,tetA,29.0
8671,2167.75,mRNA,Raspberry,2.0
8671,2167.75,mRNA,mKalama1,3.0
8672,2168.0,topo,topoI,0.25
8672,2168.0,topo,gyrase,0.25
8672,2168.0,RNAP,RNAP,1.0
8672,2168.0,mRNA,tetA,29.0
8672,2168.0,mRNA,Raspberry,2.0
8672,2168.0,mRNA,mKalama1,3.0
8673,2168.25,topo,topoI,0.25
8673,2168.25,topo,gyrase,0.25
8673,2168.25,RNAP,RNAP,1.0
8673,2168.25,mRNA,tetA,29.0
8673,2168.25,mRNA,Raspberry,2.0
8673,2168.25,mRNA,mKalama1,3.0
8674,2168.5,topo,topoI,0.25
8674,2168.5,topo,gyrase,0.25
8674,2168.5,RNAP,RNAP,1.0
8674,2168.5,mRNA,tetA,29.0
8674,2168.5,mRNA,Raspberry,2.0
8674,2168.5,mRNA,mKalama1,3.0
8675,2168.75,topo,topoI,0.25
8675,2168.75,topo,gyrase,0.25
8675,2168.75,RNAP,RNAP,1.0
8675,2168.75,mRNA,tetA,29.0
8675,2168.75,mRNA,Raspberry,2.0
8675,2168.75,mRNA,mKalama1,3.0
8676,2169.0,topo,topoI,0.25
8676,2169.0,topo,gyrase,0.25
8676,2169.0,RNAP,RNAP,1.0
8676,2169.0,mRNA,tetA,29.0
8676,2169.0,mRNA,Raspberry,2.0
8676,2169.0,mRNA,mKalama1,3.0
8677,2169.25,topo,topoI,0.25
8677,2169.25,topo,gyrase,0.25
8677,2169.25,RNAP,RNAP,1.0
8677,2169.25,mRNA,tetA,29.0
8677,2169.25,mRNA,Raspberry,2.0
8677,2169.25,mRNA,mKalama1,3.0
8678,2169.5,topo,topoI,0.25
8678,2169.5,topo,gyrase,0.25
8678,2169.5,RNAP,RNAP,1.0
8678,2169.5,mRNA,tetA,29.0
8678,2169.5,mRNA,Raspberry,2.0
8678,2169.5,mRNA,mKalama1,3.0
8679,2169.75,topo,topoI,0.25
8679,2169.75,topo,gyrase,0.25
8679,2169.75,RNAP,RNAP,1.0
8679,2169.75,mRNA,tetA,29.0
8679,2169.75,mRNA,Raspberry,2.0
8679,2169.75,mRNA,mKalama1,3.0
8680,2170.0,topo,topoI,0.25
8680,2170.0,topo,gyrase,0.25
8680,2170.0,RNAP,RNAP,1.0
8680,2170.0,mRNA,tetA,29.0
8680,2170.0,mRNA,Raspberry,2.0
8680,2170.0,mRNA,mKalama1,3.0
8681,2170.25,topo,topoI,0.25
8681,2170.25,topo,gyrase,0.25
8681,2170.25,RNAP,RNAP,1.0
8681,2170.25,mRNA,tetA,29.0
8681,2170.25,mRNA,Raspberry,2.0
8681,2170.25,mRNA,mKalama1,3.0
8682,2170.5,topo,topoI,0.25
8682,2170.5,topo,gyrase,0.25
8682,2170.5,RNAP,RNAP,1.0
8682,2170.5,mRNA,tetA,29.0
8682,2170.5,mRNA,Raspberry,2.0
8682,2170.5,mRNA,mKalama1,3.0
8683,2170.75,topo,topoI,0.25
8683,2170.75,topo,gyrase,0.25
8683,2170.75,RNAP,RNAP,1.0
8683,2170.75,mRNA,tetA,29.0
8683,2170.75,mRNA,Raspberry,2.0
8683,2170.75,mRNA,mKalama1,3.0
8684,2171.0,topo,topoI,0.25
8684,2171.0,topo,gyrase,0.25
8684,2171.0,RNAP,RNAP,1.0
8684,2171.0,mRNA,tetA,29.0
8684,2171.0,mRNA,Raspberry,2.0
8684,2171.0,mRNA,mKalama1,3.0
8685,2171.25,topo,topoI,0.25
8685,2171.25,topo,gyrase,0.25
8685,2171.25,RNAP,RNAP,1.0
8685,2171.25,mRNA,tetA,29.0
8685,2171.25,mRNA,Raspberry,2.0
8685,2171.25,mRNA,mKalama1,3.0
8686,2171.5,topo,topoI,0.25
8686,2171.5,topo,gyrase,0.25
8686,2171.5,RNAP,RNAP,1.0
8686,2171.5,mRNA,tetA,29.0
8686,2171.5,mRNA,Raspberry,2.0
8686,2171.5,mRNA,mKalama1,3.0
8687,2171.75,topo,topoI,0.25
8687,2171.75,topo,gyrase,0.25
8687,2171.75,RNAP,RNAP,1.0
8687,2171.75,mRNA,tetA,29.0
8687,2171.75,mRNA,Raspberry,2.0
8687,2171.75,mRNA,mKalama1,3.0
8688,2172.0,topo,topoI,0.25
8688,2172.0,topo,gyrase,0.25
8688,2172.0,RNAP,RNAP,1.0
8688,2172.0,mRNA,tetA,29.0
8688,2172.0,mRNA,Raspberry,2.0
8688,2172.0,mRNA,mKalama1,3.0
8689,2172.25,topo,topoI,0.25
8689,2172.25,topo,gyrase,0.25
8689,2172.25,RNAP,RNAP,1.0
8689,2172.25,mRNA,tetA,29.0
8689,2172.25,mRNA,Raspberry,2.0
8689,2172.25,mRNA,mKalama1,3.0
8690,2172.5,topo,topoI,0.25
8690,2172.5,topo,gyrase,0.25
8690,2172.5,RNAP,RNAP,1.0
8690,2172.5,mRNA,tetA,29.0
8690,2172.5,mRNA,Raspberry,2.0
8690,2172.5,mRNA,mKalama1,3.0
8691,2172.75,topo,topoI,0.25
8691,2172.75,topo,gyrase,0.25
8691,2172.75,RNAP,RNAP,1.0
8691,2172.75,mRNA,tetA,29.0
8691,2172.75,mRNA,Raspberry,2.0
8691,2172.75,mRNA,mKalama1,3.0
8692,2173.0,topo,topoI,0.25
8692,2173.0,topo,gyrase,0.25
8692,2173.0,RNAP,RNAP,1.0
8692,2173.0,mRNA,tetA,29.0
8692,2173.0,mRNA,Raspberry,2.0
8692,2173.0,mRNA,mKalama1,3.0
8693,2173.25,topo,topoI,0.25
8693,2173.25,topo,gyrase,0.25
8693,2173.25,RNAP,RNAP,1.0
8693,2173.25,mRNA,tetA,29.0
8693,2173.25,mRNA,Raspberry,2.0
8693,2173.25,mRNA,mKalama1,3.0
8694,2173.5,topo,topoI,0.25
8694,2173.5,topo,gyrase,0.25
8694,2173.5,RNAP,RNAP,1.0
8694,2173.5,mRNA,tetA,29.0
8694,2173.5,mRNA,Raspberry,2.0
8694,2173.5,mRNA,mKalama1,3.0
8695,2173.75,topo,topoI,0.25
8695,2173.75,topo,gyrase,0.25
8695,2173.75,RNAP,RNAP,1.0
8695,2173.75,mRNA,tetA,29.0
8695,2173.75,mRNA,Raspberry,2.0
8695,2173.75,mRNA,mKalama1,3.0
8696,2174.0,topo,topoI,0.25
8696,2174.0,topo,gyrase,0.25
8696,2174.0,RNAP,RNAP,1.0
8696,2174.0,mRNA,tetA,29.0
8696,2174.0,mRNA,Raspberry,2.0
8696,2174.0,mRNA,mKalama1,3.0
8697,2174.25,topo,topoI,0.25
8697,2174.25,topo,gyrase,0.25
8697,2174.25,RNAP,RNAP,1.0
8697,2174.25,mRNA,tetA,29.0
8697,2174.25,mRNA,Raspberry,2.0
8697,2174.25,mRNA,mKalama1,3.0
8698,2174.5,topo,topoI,0.25
8698,2174.5,topo,gyrase,0.25
8698,2174.5,RNAP,RNAP,1.0
8698,2174.5,mRNA,tetA,29.0
8698,2174.5,mRNA,Raspberry,2.0
8698,2174.5,mRNA,mKalama1,3.0
8699,2174.75,topo,topoI,0.25
8699,2174.75,topo,gyrase,0.25
8699,2174.75,RNAP,RNAP,1.0
8699,2174.75,mRNA,tetA,29.0
8699,2174.75,mRNA,Raspberry,2.0
8699,2174.75,mRNA,mKalama1,3.0
8700,2175.0,topo,topoI,0.25
8700,2175.0,topo,gyrase,0.25
8700,2175.0,RNAP,RNAP,1.0
8700,2175.0,mRNA,tetA,29.0
8700,2175.0,mRNA,Raspberry,2.0
8700,2175.0,mRNA,mKalama1,3.0
8701,2175.25,topo,topoI,0.25
8701,2175.25,topo,gyrase,0.25
8701,2175.25,RNAP,RNAP,1.0
8701,2175.25,mRNA,tetA,29.0
8701,2175.25,mRNA,Raspberry,2.0
8701,2175.25,mRNA,mKalama1,3.0
8702,2175.5,topo,topoI,0.25
8702,2175.5,topo,gyrase,0.25
8702,2175.5,RNAP,RNAP,1.0
8702,2175.5,mRNA,tetA,29.0
8702,2175.5,mRNA,Raspberry,2.0
8702,2175.5,mRNA,mKalama1,3.0
8703,2175.75,topo,topoI,0.25
8703,2175.75,topo,gyrase,0.25
8703,2175.75,RNAP,RNAP,1.0
8703,2175.75,mRNA,tetA,29.0
8703,2175.75,mRNA,Raspberry,2.0
8703,2175.75,mRNA,mKalama1,3.0
8704,2176.0,topo,topoI,0.25
8704,2176.0,topo,gyrase,0.25
8704,2176.0,RNAP,RNAP,1.0
8704,2176.0,mRNA,tetA,29.0
8704,2176.0,mRNA,Raspberry,2.0
8704,2176.0,mRNA,mKalama1,3.0
8705,2176.25,topo,topoI,0.25
8705,2176.25,topo,gyrase,0.25
8705,2176.25,RNAP,RNAP,1.0
8705,2176.25,mRNA,tetA,29.0
8705,2176.25,mRNA,Raspberry,2.0
8705,2176.25,mRNA,mKalama1,3.0
8706,2176.5,topo,topoI,0.25
8706,2176.5,topo,gyrase,0.25
8706,2176.5,RNAP,RNAP,1.0
8706,2176.5,mRNA,tetA,29.0
8706,2176.5,mRNA,Raspberry,2.0
8706,2176.5,mRNA,mKalama1,3.0
8707,2176.75,topo,topoI,0.25
8707,2176.75,topo,gyrase,0.25
8707,2176.75,RNAP,RNAP,1.0
8707,2176.75,mRNA,tetA,29.0
8707,2176.75,mRNA,Raspberry,2.0
8707,2176.75,mRNA,mKalama1,3.0
8708,2177.0,topo,topoI,0.25
8708,2177.0,topo,gyrase,0.25
8708,2177.0,RNAP,RNAP,1.0
8708,2177.0,mRNA,tetA,29.0
8708,2177.0,mRNA,Raspberry,2.0
8708,2177.0,mRNA,mKalama1,3.0
8709,2177.25,topo,topoI,0.25
8709,2177.25,topo,gyrase,0.25
8709,2177.25,RNAP,RNAP,1.0
8709,2177.25,mRNA,tetA,29.0
8709,2177.25,mRNA,Raspberry,2.0
8709,2177.25,mRNA,mKalama1,3.0
8710,2177.5,topo,topoI,0.25
8710,2177.5,topo,gyrase,0.25
8710,2177.5,RNAP,RNAP,1.0
8710,2177.5,mRNA,tetA,29.0
8710,2177.5,mRNA,Raspberry,2.0
8710,2177.5,mRNA,mKalama1,3.0
8711,2177.75,topo,topoI,0.25
8711,2177.75,topo,gyrase,0.25
8711,2177.75,RNAP,RNAP,1.0
8711,2177.75,mRNA,tetA,29.0
8711,2177.75,mRNA,Raspberry,2.0
8711,2177.75,mRNA,mKalama1,3.0
8712,2178.0,topo,topoI,0.25
8712,2178.0,topo,gyrase,0.25
8712,2178.0,RNAP,RNAP,1.0
8712,2178.0,mRNA,tetA,29.0
8712,2178.0,mRNA,Raspberry,2.0
8712,2178.0,mRNA,mKalama1,3.0
8713,2178.25,topo,topoI,0.25
8713,2178.25,topo,gyrase,0.25
8713,2178.25,RNAP,RNAP,1.0
8713,2178.25,mRNA,tetA,29.0
8713,2178.25,mRNA,Raspberry,2.0
8713,2178.25,mRNA,mKalama1,3.0
8714,2178.5,topo,topoI,0.25
8714,2178.5,topo,gyrase,0.25
8714,2178.5,RNAP,RNAP,1.0
8714,2178.5,mRNA,tetA,29.0
8714,2178.5,mRNA,Raspberry,2.0
8714,2178.5,mRNA,mKalama1,3.0
8715,2178.75,topo,topoI,0.25
8715,2178.75,topo,gyrase,0.25
8715,2178.75,RNAP,RNAP,1.0
8715,2178.75,mRNA,tetA,29.0
8715,2178.75,mRNA,Raspberry,2.0
8715,2178.75,mRNA,mKalama1,3.0
8716,2179.0,topo,topoI,0.25
8716,2179.0,topo,gyrase,0.25
8716,2179.0,RNAP,RNAP,1.0
8716,2179.0,mRNA,tetA,29.0
8716,2179.0,mRNA,Raspberry,2.0
8716,2179.0,mRNA,mKalama1,3.0
8717,2179.25,topo,topoI,0.25
8717,2179.25,topo,gyrase,0.25
8717,2179.25,RNAP,RNAP,1.0
8717,2179.25,mRNA,tetA,29.0
8717,2179.25,mRNA,Raspberry,2.0
8717,2179.25,mRNA,mKalama1,3.0
8718,2179.5,topo,topoI,0.25
8718,2179.5,topo,gyrase,0.25
8718,2179.5,RNAP,RNAP,1.0
8718,2179.5,mRNA,tetA,29.0
8718,2179.5,mRNA,Raspberry,2.0
8718,2179.5,mRNA,mKalama1,3.0
8719,2179.75,topo,topoI,0.25
8719,2179.75,topo,gyrase,0.25
8719,2179.75,RNAP,RNAP,1.0
8719,2179.75,mRNA,tetA,29.0
8719,2179.75,mRNA,Raspberry,2.0
8719,2179.75,mRNA,mKalama1,3.0
8720,2180.0,topo,topoI,0.25
8720,2180.0,topo,gyrase,0.25
8720,2180.0,RNAP,RNAP,1.0
8720,2180.0,mRNA,tetA,29.0
8720,2180.0,mRNA,Raspberry,2.0
8720,2180.0,mRNA,mKalama1,3.0
8721,2180.25,topo,topoI,0.25
8721,2180.25,topo,gyrase,0.25
8721,2180.25,RNAP,RNAP,1.0
8721,2180.25,mRNA,tetA,29.0
8721,2180.25,mRNA,Raspberry,2.0
8721,2180.25,mRNA,mKalama1,3.0
8722,2180.5,topo,topoI,0.25
8722,2180.5,topo,gyrase,0.25
8722,2180.5,RNAP,RNAP,1.0
8722,2180.5,mRNA,tetA,29.0
8722,2180.5,mRNA,Raspberry,2.0
8722,2180.5,mRNA,mKalama1,3.0
8723,2180.75,topo,topoI,0.25
8723,2180.75,topo,gyrase,0.25
8723,2180.75,RNAP,RNAP,1.0
8723,2180.75,mRNA,tetA,29.0
8723,2180.75,mRNA,Raspberry,2.0
8723,2180.75,mRNA,mKalama1,3.0
8724,2181.0,topo,topoI,0.25
8724,2181.0,topo,gyrase,0.25
8724,2181.0,RNAP,RNAP,1.0
8724,2181.0,mRNA,tetA,29.0
8724,2181.0,mRNA,Raspberry,2.0
8724,2181.0,mRNA,mKalama1,3.0
8725,2181.25,topo,topoI,0.25
8725,2181.25,topo,gyrase,0.25
8725,2181.25,RNAP,RNAP,1.0
8725,2181.25,mRNA,tetA,29.0
8725,2181.25,mRNA,Raspberry,2.0
8725,2181.25,mRNA,mKalama1,3.0
8726,2181.5,topo,topoI,0.25
8726,2181.5,topo,gyrase,0.25
8726,2181.5,RNAP,RNAP,1.0
8726,2181.5,mRNA,tetA,29.0
8726,2181.5,mRNA,Raspberry,2.0
8726,2181.5,mRNA,mKalama1,3.0
8727,2181.75,topo,topoI,0.25
8727,2181.75,topo,gyrase,0.25
8727,2181.75,RNAP,RNAP,1.0
8727,2181.75,mRNA,tetA,29.0
8727,2181.75,mRNA,Raspberry,2.0
8727,2181.75,mRNA,mKalama1,3.0
8728,2182.0,topo,topoI,0.25
8728,2182.0,topo,gyrase,0.25
8728,2182.0,RNAP,RNAP,1.0
8728,2182.0,mRNA,tetA,29.0
8728,2182.0,mRNA,Raspberry,2.0
8728,2182.0,mRNA,mKalama1,3.0
8729,2182.25,topo,topoI,0.25
8729,2182.25,topo,gyrase,0.25
8729,2182.25,RNAP,RNAP,1.0
8729,2182.25,mRNA,tetA,29.0
8729,2182.25,mRNA,Raspberry,2.0
8729,2182.25,mRNA,mKalama1,3.0
8730,2182.5,topo,topoI,0.25
8730,2182.5,topo,gyrase,0.25
8730,2182.5,RNAP,RNAP,1.0
8730,2182.5,mRNA,tetA,29.0
8730,2182.5,mRNA,Raspberry,2.0
8730,2182.5,mRNA,mKalama1,3.0
8731,2182.75,topo,topoI,0.25
8731,2182.75,topo,gyrase,0.25
8731,2182.75,RNAP,RNAP,1.0
8731,2182.75,mRNA,tetA,29.0
8731,2182.75,mRNA,Raspberry,2.0
8731,2182.75,mRNA,mKalama1,3.0
8732,2183.0,topo,topoI,0.25
8732,2183.0,topo,gyrase,0.25
8732,2183.0,RNAP,RNAP,1.0
8732,2183.0,mRNA,tetA,29.0
8732,2183.0,mRNA,Raspberry,2.0
8732,2183.0,mRNA,mKalama1,3.0
8733,2183.25,topo,topoI,0.25
8733,2183.25,topo,gyrase,0.25
8733,2183.25,RNAP,RNAP,1.0
8733,2183.25,mRNA,tetA,29.0
8733,2183.25,mRNA,Raspberry,2.0
8733,2183.25,mRNA,mKalama1,3.0
8734,2183.5,topo,topoI,0.25
8734,2183.5,topo,gyrase,0.25
8734,2183.5,RNAP,RNAP,1.0
8734,2183.5,mRNA,tetA,29.0
8734,2183.5,mRNA,Raspberry,2.0
8734,2183.5,mRNA,mKalama1,3.0
8735,2183.75,topo,topoI,0.25
8735,2183.75,topo,gyrase,0.25
8735,2183.75,RNAP,RNAP,1.0
8735,2183.75,mRNA,tetA,29.0
8735,2183.75,mRNA,Raspberry,2.0
8735,2183.75,mRNA,mKalama1,3.0
8736,2184.0,topo,topoI,0.25
8736,2184.0,topo,gyrase,0.25
8736,2184.0,RNAP,RNAP,1.0
8736,2184.0,mRNA,tetA,29.0
8736,2184.0,mRNA,Raspberry,2.0
8736,2184.0,mRNA,mKalama1,3.0
8737,2184.25,topo,topoI,0.25
8737,2184.25,topo,gyrase,0.25
8737,2184.25,RNAP,RNAP,1.0
8737,2184.25,mRNA,tetA,29.0
8737,2184.25,mRNA,Raspberry,2.0
8737,2184.25,mRNA,mKalama1,3.0
8738,2184.5,topo,topoI,0.25
8738,2184.5,topo,gyrase,0.25
8738,2184.5,RNAP,RNAP,1.0
8738,2184.5,mRNA,tetA,29.0
8738,2184.5,mRNA,Raspberry,2.0
8738,2184.5,mRNA,mKalama1,3.0
8739,2184.75,topo,topoI,0.25
8739,2184.75,topo,gyrase,0.25
8739,2184.75,RNAP,RNAP,1.0
8739,2184.75,mRNA,tetA,29.0
8739,2184.75,mRNA,Raspberry,2.0
8739,2184.75,mRNA,mKalama1,3.0
8740,2185.0,topo,topoI,0.25
8740,2185.0,topo,gyrase,0.25
8740,2185.0,RNAP,RNAP,1.0
8740,2185.0,mRNA,tetA,29.0
8740,2185.0,mRNA,Raspberry,2.0
8740,2185.0,mRNA,mKalama1,3.0
8741,2185.25,topo,topoI,0.25
8741,2185.25,topo,gyrase,0.25
8741,2185.25,RNAP,RNAP,1.0
8741,2185.25,mRNA,tetA,29.0
8741,2185.25,mRNA,Raspberry,2.0
8741,2185.25,mRNA,mKalama1,3.0
8742,2185.5,topo,topoI,0.25
8742,2185.5,topo,gyrase,0.25
8742,2185.5,RNAP,RNAP,1.0
8742,2185.5,mRNA,tetA,29.0
8742,2185.5,mRNA,Raspberry,2.0
8742,2185.5,mRNA,mKalama1,3.0
8743,2185.75,topo,topoI,0.25
8743,2185.75,topo,gyrase,0.25
8743,2185.75,RNAP,RNAP,1.0
8743,2185.75,mRNA,tetA,29.0
8743,2185.75,mRNA,Raspberry,2.0
8743,2185.75,mRNA,mKalama1,3.0
8744,2186.0,topo,topoI,0.25
8744,2186.0,topo,gyrase,0.25
8744,2186.0,RNAP,RNAP,1.0
8744,2186.0,mRNA,tetA,29.0
8744,2186.0,mRNA,Raspberry,2.0
8744,2186.0,mRNA,mKalama1,3.0
8745,2186.25,topo,topoI,0.25
8745,2186.25,topo,gyrase,0.25
8745,2186.25,RNAP,RNAP,1.0
8745,2186.25,mRNA,tetA,29.0
8745,2186.25,mRNA,Raspberry,2.0
8745,2186.25,mRNA,mKalama1,3.0
8746,2186.5,topo,topoI,0.25
8746,2186.5,topo,gyrase,0.25
8746,2186.5,RNAP,RNAP,1.0
8746,2186.5,mRNA,tetA,29.0
8746,2186.5,mRNA,Raspberry,2.0
8746,2186.5,mRNA,mKalama1,3.0
8747,2186.75,topo,topoI,0.25
8747,2186.75,topo,gyrase,0.25
8747,2186.75,RNAP,RNAP,1.0
8747,2186.75,mRNA,tetA,29.0
8747,2186.75,mRNA,Raspberry,2.0
8747,2186.75,mRNA,mKalama1,3.0
8748,2187.0,topo,topoI,0.25
8748,2187.0,topo,gyrase,0.25
8748,2187.0,RNAP,RNAP,1.0
8748,2187.0,mRNA,tetA,29.0
8748,2187.0,mRNA,Raspberry,2.0
8748,2187.0,mRNA,mKalama1,3.0
8749,2187.25,topo,topoI,0.25
8749,2187.25,topo,gyrase,0.25
8749,2187.25,RNAP,RNAP,1.0
8749,2187.25,mRNA,tetA,29.0
8749,2187.25,mRNA,Raspberry,2.0
8749,2187.25,mRNA,mKalama1,3.0
8750,2187.5,topo,topoI,0.25
8750,2187.5,topo,gyrase,0.25
8750,2187.5,RNAP,RNAP,1.0
8750,2187.5,mRNA,tetA,29.0
8750,2187.5,mRNA,Raspberry,2.0
8750,2187.5,mRNA,mKalama1,3.0
8751,2187.75,topo,topoI,0.25
8751,2187.75,topo,gyrase,0.25
8751,2187.75,RNAP,RNAP,1.0
8751,2187.75,mRNA,tetA,29.0
8751,2187.75,mRNA,Raspberry,2.0
8751,2187.75,mRNA,mKalama1,3.0
8752,2188.0,topo,topoI,0.25
8752,2188.0,topo,gyrase,0.25
8752,2188.0,RNAP,RNAP,1.0
8752,2188.0,mRNA,tetA,29.0
8752,2188.0,mRNA,Raspberry,2.0
8752,2188.0,mRNA,mKalama1,3.0
8753,2188.25,topo,topoI,0.25
8753,2188.25,topo,gyrase,0.25
8753,2188.25,RNAP,RNAP,1.0
8753,2188.25,mRNA,tetA,29.0
8753,2188.25,mRNA,Raspberry,2.0
8753,2188.25,mRNA,mKalama1,3.0
8754,2188.5,topo,topoI,0.25
8754,2188.5,topo,gyrase,0.25
8754,2188.5,RNAP,RNAP,1.0
8754,2188.5,mRNA,tetA,29.0
8754,2188.5,mRNA,Raspberry,2.0
8754,2188.5,mRNA,mKalama1,3.0
8755,2188.75,topo,topoI,0.25
8755,2188.75,topo,gyrase,0.25
8755,2188.75,RNAP,RNAP,1.0
8755,2188.75,mRNA,tetA,29.0
8755,2188.75,mRNA,Raspberry,2.0
8755,2188.75,mRNA,mKalama1,3.0
8756,2189.0,topo,topoI,0.25
8756,2189.0,topo,gyrase,0.25
8756,2189.0,RNAP,RNAP,1.0
8756,2189.0,mRNA,tetA,29.0
8756,2189.0,mRNA,Raspberry,2.0
8756,2189.0,mRNA,mKalama1,3.0
8757,2189.25,topo,topoI,0.25
8757,2189.25,topo,gyrase,0.25
8757,2189.25,RNAP,RNAP,1.0
8757,2189.25,mRNA,tetA,29.0
8757,2189.25,mRNA,Raspberry,2.0
8757,2189.25,mRNA,mKalama1,3.0
8758,2189.5,topo,topoI,0.25
8758,2189.5,topo,gyrase,0.25
8758,2189.5,RNAP,RNAP,1.0
8758,2189.5,mRNA,tetA,29.0
8758,2189.5,mRNA,Raspberry,2.0
8758,2189.5,mRNA,mKalama1,3.0
8759,2189.75,topo,topoI,0.25
8759,2189.75,topo,gyrase,0.25
8759,2189.75,RNAP,RNAP,1.0
8759,2189.75,mRNA,tetA,29.0
8759,2189.75,mRNA,Raspberry,2.0
8759,2189.75,mRNA,mKalama1,3.0
8760,2190.0,topo,topoI,0.25
8760,2190.0,topo,gyrase,0.25
8760,2190.0,RNAP,RNAP,1.0
8760,2190.0,mRNA,tetA,29.0
8760,2190.0,mRNA,Raspberry,2.0
8760,2190.0,mRNA,mKalama1,3.0
8761,2190.25,topo,topoI,0.25
8761,2190.25,topo,gyrase,0.25
8761,2190.25,RNAP,RNAP,1.0
8761,2190.25,mRNA,tetA,29.0
8761,2190.25,mRNA,Raspberry,2.0
8761,2190.25,mRNA,mKalama1,3.0
8762,2190.5,topo,topoI,0.25
8762,2190.5,topo,gyrase,0.25
8762,2190.5,RNAP,RNAP,1.0
8762,2190.5,mRNA,tetA,29.0
8762,2190.5,mRNA,Raspberry,2.0
8762,2190.5,mRNA,mKalama1,3.0
8763,2190.75,topo,topoI,0.25
8763,2190.75,topo,gyrase,0.25
8763,2190.75,RNAP,RNAP,1.0
8763,2190.75,mRNA,tetA,29.0
8763,2190.75,mRNA,Raspberry,2.0
8763,2190.75,mRNA,mKalama1,3.0
8764,2191.0,topo,topoI,0.25
8764,2191.0,topo,gyrase,0.25
8764,2191.0,RNAP,RNAP,1.0
8764,2191.0,mRNA,tetA,29.0
8764,2191.0,mRNA,Raspberry,2.0
8764,2191.0,mRNA,mKalama1,3.0
8765,2191.25,topo,topoI,0.25
8765,2191.25,topo,gyrase,0.25
8765,2191.25,RNAP,RNAP,1.0
8765,2191.25,mRNA,tetA,29.0
8765,2191.25,mRNA,Raspberry,2.0
8765,2191.25,mRNA,mKalama1,3.0
8766,2191.5,topo,topoI,0.25
8766,2191.5,topo,gyrase,0.25
8766,2191.5,RNAP,RNAP,1.0
8766,2191.5,mRNA,tetA,29.0
8766,2191.5,mRNA,Raspberry,2.0
8766,2191.5,mRNA,mKalama1,3.0
8767,2191.75,topo,topoI,0.25
8767,2191.75,topo,gyrase,0.25
8767,2191.75,RNAP,RNAP,1.0
8767,2191.75,mRNA,tetA,29.0
8767,2191.75,mRNA,Raspberry,2.0
8767,2191.75,mRNA,mKalama1,3.0
8768,2192.0,topo,topoI,0.25
8768,2192.0,topo,gyrase,0.25
8768,2192.0,RNAP,RNAP,1.0
8768,2192.0,mRNA,tetA,29.0
8768,2192.0,mRNA,Raspberry,2.0
8768,2192.0,mRNA,mKalama1,3.0
8769,2192.25,topo,topoI,0.25
8769,2192.25,topo,gyrase,0.25
8769,2192.25,RNAP,RNAP,1.0
8769,2192.25,mRNA,tetA,29.0
8769,2192.25,mRNA,Raspberry,2.0
8769,2192.25,mRNA,mKalama1,3.0
8770,2192.5,topo,topoI,0.25
8770,2192.5,topo,gyrase,0.25
8770,2192.5,RNAP,RNAP,1.0
8770,2192.5,mRNA,tetA,29.0
8770,2192.5,mRNA,Raspberry,2.0
8770,2192.5,mRNA,mKalama1,3.0
8771,2192.75,topo,topoI,0.25
8771,2192.75,topo,gyrase,0.25
8771,2192.75,RNAP,RNAP,1.0
8771,2192.75,mRNA,tetA,29.0
8771,2192.75,mRNA,Raspberry,2.0
8771,2192.75,mRNA,mKalama1,3.0
8772,2193.0,topo,topoI,0.25
8772,2193.0,topo,gyrase,0.25
8772,2193.0,RNAP,RNAP,1.0
8772,2193.0,mRNA,tetA,29.0
8772,2193.0,mRNA,Raspberry,2.0
8772,2193.0,mRNA,mKalama1,3.0
8773,2193.25,topo,topoI,0.25
8773,2193.25,topo,gyrase,0.25
8773,2193.25,RNAP,RNAP,1.0
8773,2193.25,mRNA,tetA,29.0
8773,2193.25,mRNA,Raspberry,2.0
8773,2193.25,mRNA,mKalama1,3.0
8774,2193.5,topo,topoI,0.25
8774,2193.5,topo,gyrase,0.25
8774,2193.5,RNAP,RNAP,1.0
8774,2193.5,mRNA,tetA,29.0
8774,2193.5,mRNA,Raspberry,2.0
8774,2193.5,mRNA,mKalama1,3.0
8775,2193.75,topo,topoI,0.25
8775,2193.75,topo,gyrase,0.25
8775,2193.75,RNAP,RNAP,1.0
8775,2193.75,mRNA,tetA,29.0
8775,2193.75,mRNA,Raspberry,2.0
8775,2193.75,mRNA,mKalama1,3.0
8776,2194.0,topo,topoI,0.25
8776,2194.0,topo,gyrase,0.25
8776,2194.0,RNAP,RNAP,1.0
8776,2194.0,mRNA,tetA,29.0
8776,2194.0,mRNA,Raspberry,2.0
8776,2194.0,mRNA,mKalama1,3.0
8777,2194.25,topo,topoI,0.25
8777,2194.25,topo,gyrase,0.25
8777,2194.25,RNAP,RNAP,1.0
8777,2194.25,mRNA,tetA,29.0
8777,2194.25,mRNA,Raspberry,2.0
8777,2194.25,mRNA,mKalama1,3.0
8778,2194.5,topo,topoI,0.25
8778,2194.5,topo,gyrase,0.25
8778,2194.5,RNAP,RNAP,1.0
8778,2194.5,mRNA,tetA,29.0
8778,2194.5,mRNA,Raspberry,2.0
8778,2194.5,mRNA,mKalama1,3.0
8779,2194.75,topo,topoI,0.25
8779,2194.75,topo,gyrase,0.25
8779,2194.75,RNAP,RNAP,1.0
8779,2194.75,mRNA,tetA,29.0
8779,2194.75,mRNA,Raspberry,2.0
8779,2194.75,mRNA,mKalama1,3.0
8780,2195.0,topo,topoI,0.25
8780,2195.0,topo,gyrase,0.25
8780,2195.0,RNAP,RNAP,1.0
8780,2195.0,mRNA,tetA,29.0
8780,2195.0,mRNA,Raspberry,2.0
8780,2195.0,mRNA,mKalama1,3.0
8781,2195.25,topo,topoI,0.25
8781,2195.25,topo,gyrase,0.25
8781,2195.25,RNAP,RNAP,1.0
8781,2195.25,mRNA,tetA,29.0
8781,2195.25,mRNA,Raspberry,2.0
8781,2195.25,mRNA,mKalama1,3.0
8782,2195.5,topo,topoI,0.25
8782,2195.5,topo,gyrase,0.25
8782,2195.5,RNAP,RNAP,1.0
8782,2195.5,mRNA,tetA,29.0
8782,2195.5,mRNA,Raspberry,2.0
8782,2195.5,mRNA,mKalama1,3.0
8783,2195.75,topo,topoI,0.25
8783,2195.75,topo,gyrase,0.25
8783,2195.75,RNAP,RNAP,1.0
8783,2195.75,mRNA,tetA,29.0
8783,2195.75,mRNA,Raspberry,2.0
8783,2195.75,mRNA,mKalama1,3.0
8784,2196.0,topo,topoI,0.25
8784,2196.0,topo,gyrase,0.25
8784,2196.0,RNAP,RNAP,1.0
8784,2196.0,mRNA,tetA,29.0
8784,2196.0,mRNA,Raspberry,2.0
8784,2196.0,mRNA,mKalama1,3.0
8785,2196.25,topo,topoI,0.25
8785,2196.25,topo,gyrase,0.25
8785,2196.25,RNAP,RNAP,1.0
8785,2196.25,mRNA,tetA,29.0
8785,2196.25,mRNA,Raspberry,2.0
8785,2196.25,mRNA,mKalama1,3.0
8786,2196.5,topo,topoI,0.25
8786,2196.5,topo,gyrase,0.25
8786,2196.5,RNAP,RNAP,1.0
8786,2196.5,mRNA,tetA,29.0
8786,2196.5,mRNA,Raspberry,2.0
8786,2196.5,mRNA,mKalama1,3.0
8787,2196.75,topo,topoI,0.25
8787,2196.75,topo,gyrase,0.25
8787,2196.75,RNAP,RNAP,1.0
8787,2196.75,mRNA,tetA,29.0
8787,2196.75,mRNA,Raspberry,2.0
8787,2196.75,mRNA,mKalama1,3.0
8788,2197.0,topo,topoI,0.25
8788,2197.0,topo,gyrase,0.25
8788,2197.0,RNAP,RNAP,1.0
8788,2197.0,mRNA,tetA,29.0
8788,2197.0,mRNA,Raspberry,2.0
8788,2197.0,mRNA,mKalama1,3.0
8789,2197.25,topo,topoI,0.25
8789,2197.25,topo,gyrase,0.25
8789,2197.25,RNAP,RNAP,1.0
8789,2197.25,mRNA,tetA,29.0
8789,2197.25,mRNA,Raspberry,2.0
8789,2197.25,mRNA,mKalama1,3.0
8790,2197.5,topo,topoI,0.25
8790,2197.5,topo,gyrase,0.25
8790,2197.5,RNAP,RNAP,1.0
8790,2197.5,mRNA,tetA,29.0
8790,2197.5,mRNA,Raspberry,2.0
8790,2197.5,mRNA,mKalama1,3.0
8791,2197.75,topo,topoI,0.25
8791,2197.75,topo,gyrase,0.25
8791,2197.75,RNAP,RNAP,1.0
8791,2197.75,mRNA,tetA,29.0
8791,2197.75,mRNA,Raspberry,2.0
8791,2197.75,mRNA,mKalama1,3.0
8792,2198.0,topo,topoI,0.25
8792,2198.0,topo,gyrase,0.25
8792,2198.0,RNAP,RNAP,1.0
8792,2198.0,mRNA,tetA,29.0
8792,2198.0,mRNA,Raspberry,2.0
8792,2198.0,mRNA,mKalama1,3.0
8793,2198.25,topo,topoI,0.25
8793,2198.25,topo,gyrase,0.25
8793,2198.25,RNAP,RNAP,1.0
8793,2198.25,mRNA,tetA,29.0
8793,2198.25,mRNA,Raspberry,2.0
8793,2198.25,mRNA,mKalama1,3.0
8794,2198.5,topo,topoI,0.25
8794,2198.5,topo,gyrase,0.25
8794,2198.5,RNAP,RNAP,1.0
8794,2198.5,mRNA,tetA,29.0
8794,2198.5,mRNA,Raspberry,2.0
8794,2198.5,mRNA,mKalama1,3.0
8795,2198.75,topo,topoI,0.25
8795,2198.75,topo,gyrase,0.25
8795,2198.75,RNAP,RNAP,1.0
8795,2198.75,mRNA,tetA,29.0
8795,2198.75,mRNA,Raspberry,2.0
8795,2198.75,mRNA,mKalama1,3.0
8796,2199.0,topo,topoI,0.25
8796,2199.0,topo,gyrase,0.25
8796,2199.0,RNAP,RNAP,1.0
8796,2199.0,mRNA,tetA,29.0
8796,2199.0,mRNA,Raspberry,2.0
8796,2199.0,mRNA,mKalama1,3.0
8797,2199.25,topo,topoI,0.25
8797,2199.25,topo,gyrase,0.25
8797,2199.25,RNAP,RNAP,1.0
8797,2199.25,mRNA,tetA,29.0
8797,2199.25,mRNA,Raspberry,2.0
8797,2199.25,mRNA,mKalama1,3.0
8798,2199.5,topo,topoI,0.25
8798,2199.5,topo,gyrase,0.25
8798,2199.5,RNAP,RNAP,1.0
8798,2199.5,mRNA,tetA,29.0
8798,2199.5,mRNA,Raspberry,2.0
8798,2199.5,mRNA,mKalama1,3.0
8799,2199.75,topo,topoI,0.25
8799,2199.75,topo,gyrase,0.25
8799,2199.75,RNAP,RNAP,1.0
8799,2199.75,mRNA,tetA,29.0
8799,2199.75,mRNA,Raspberry,2.0
8799,2199.75,mRNA,mKalama1,3.0
8800,2200.0,topo,topoI,0.25
8800,2200.0,topo,gyrase,0.25
8800,2200.0,RNAP,RNAP,1.0
8800,2200.0,mRNA,tetA,29.0
8800,2200.0,mRNA,Raspberry,2.0
8800,2200.0,mRNA,mKalama1,3.0
8801,2200.25,topo,topoI,0.25
8801,2200.25,topo,gyrase,0.25
8801,2200.25,RNAP,RNAP,1.0
8801,2200.25,mRNA,tetA,30.0
8801,2200.25,mRNA,Raspberry,2.0
8801,2200.25,mRNA,mKalama1,3.0
8802,2200.5,topo,topoI,0.25
8802,2200.5,topo,gyrase,0.25
8802,2200.5,RNAP,RNAP,1.0
8802,2200.5,mRNA,tetA,30.0
8802,2200.5,mRNA,Raspberry,2.0
8802,2200.5,mRNA,mKalama1,3.0
8803,2200.75,topo,topoI,0.25
8803,2200.75,topo,gyrase,0.25
8803,2200.75,RNAP,RNAP,1.0
8803,2200.75,mRNA,tetA,30.0
8803,2200.75,mRNA,Raspberry,2.0
8803,2200.75,mRNA,mKalama1,3.0
8804,2201.0,topo,topoI,0.25
8804,2201.0,topo,gyrase,0.25
8804,2201.0,RNAP,RNAP,1.0
8804,2201.0,mRNA,tetA,30.0
8804,2201.0,mRNA,Raspberry,2.0
8804,2201.0,mRNA,mKalama1,3.0
8805,2201.25,topo,topoI,0.25
8805,2201.25,topo,gyrase,0.25
8805,2201.25,RNAP,RNAP,1.0
8805,2201.25,mRNA,tetA,30.0
8805,2201.25,mRNA,Raspberry,2.0
8805,2201.25,mRNA,mKalama1,3.0
8806,2201.5,topo,topoI,0.25
8806,2201.5,topo,gyrase,0.25
8806,2201.5,RNAP,RNAP,1.0
8806,2201.5,mRNA,tetA,30.0
8806,2201.5,mRNA,Raspberry,2.0
8806,2201.5,mRNA,mKalama1,3.0
8807,2201.75,topo,topoI,0.25
8807,2201.75,topo,gyrase,0.25
8807,2201.75,RNAP,RNAP,1.0
8807,2201.75,mRNA,tetA,30.0
8807,2201.75,mRNA,Raspberry,2.0
8807,2201.75,mRNA,mKalama1,3.0
8808,2202.0,topo,topoI,0.25
8808,2202.0,topo,gyrase,0.25
8808,2202.0,RNAP,RNAP,1.0
8808,2202.0,mRNA,tetA,30.0
8808,2202.0,mRNA,Raspberry,2.0
8808,2202.0,mRNA,mKalama1,3.0
8809,2202.25,topo,topoI,0.25
8809,2202.25,topo,gyrase,0.25
8809,2202.25,RNAP,RNAP,1.0
8809,2202.25,mRNA,tetA,30.0
8809,2202.25,mRNA,Raspberry,2.0
8809,2202.25,mRNA,mKalama1,3.0
8810,2202.5,topo,topoI,0.25
8810,2202.5,topo,gyrase,0.25
8810,2202.5,RNAP,RNAP,1.0
8810,2202.5,mRNA,tetA,30.0
8810,2202.5,mRNA,Raspberry,2.0
8810,2202.5,mRNA,mKalama1,3.0
8811,2202.75,topo,topoI,0.25
8811,2202.75,topo,gyrase,0.25
8811,2202.75,RNAP,RNAP,1.0
8811,2202.75,mRNA,tetA,30.0
8811,2202.75,mRNA,Raspberry,2.0
8811,2202.75,mRNA,mKalama1,3.0
8812,2203.0,topo,topoI,0.25
8812,2203.0,topo,gyrase,0.25
8812,2203.0,RNAP,RNAP,1.0
8812,2203.0,mRNA,tetA,30.0
8812,2203.0,mRNA,Raspberry,2.0
8812,2203.0,mRNA,mKalama1,3.0
8813,2203.25,topo,topoI,0.25
8813,2203.25,topo,gyrase,0.25
8813,2203.25,RNAP,RNAP,1.0
8813,2203.25,mRNA,tetA,30.0
8813,2203.25,mRNA,Raspberry,2.0
8813,2203.25,mRNA,mKalama1,3.0
8814,2203.5,topo,topoI,0.25
8814,2203.5,topo,gyrase,0.25
8814,2203.5,RNAP,RNAP,1.0
8814,2203.5,mRNA,tetA,30.0
8814,2203.5,mRNA,Raspberry,2.0
8814,2203.5,mRNA,mKalama1,3.0
8815,2203.75,topo,topoI,0.25
8815,2203.75,topo,gyrase,0.25
8815,2203.75,RNAP,RNAP,1.0
8815,2203.75,mRNA,tetA,30.0
8815,2203.75,mRNA,Raspberry,2.0
8815,2203.75,mRNA,mKalama1,3.0
8816,2204.0,topo,topoI,0.25
8816,2204.0,topo,gyrase,0.25
8816,2204.0,RNAP,RNAP,1.0
8816,2204.0,mRNA,tetA,30.0
8816,2204.0,mRNA,Raspberry,2.0
8816,2204.0,mRNA,mKalama1,3.0
8817,2204.25,topo,topoI,0.25
8817,2204.25,topo,gyrase,0.25
8817,2204.25,RNAP,RNAP,1.0
8817,2204.25,mRNA,tetA,30.0
8817,2204.25,mRNA,Raspberry,2.0
8817,2204.25,mRNA,mKalama1,3.0
8818,2204.5,topo,topoI,0.25
8818,2204.5,topo,gyrase,0.25
8818,2204.5,RNAP,RNAP,1.0
8818,2204.5,mRNA,tetA,30.0
8818,2204.5,mRNA,Raspberry,2.0
8818,2204.5,mRNA,mKalama1,3.0
8819,2204.75,topo,topoI,0.25
8819,2204.75,topo,gyrase,0.25
8819,2204.75,RNAP,RNAP,1.0
8819,2204.75,mRNA,tetA,30.0
8819,2204.75,mRNA,Raspberry,2.0
8819,2204.75,mRNA,mKalama1,3.0
8820,2205.0,topo,topoI,0.25
8820,2205.0,topo,gyrase,0.25
8820,2205.0,RNAP,RNAP,1.0
8820,2205.0,mRNA,tetA,30.0
8820,2205.0,mRNA,Raspberry,2.0
8820,2205.0,mRNA,mKalama1,3.0
8821,2205.25,topo,topoI,0.25
8821,2205.25,topo,gyrase,0.25
8821,2205.25,RNAP,RNAP,1.0
8821,2205.25,mRNA,tetA,30.0
8821,2205.25,mRNA,Raspberry,2.0
8821,2205.25,mRNA,mKalama1,3.0
8822,2205.5,topo,topoI,0.25
8822,2205.5,topo,gyrase,0.25
8822,2205.5,RNAP,RNAP,1.0
8822,2205.5,mRNA,tetA,30.0
8822,2205.5,mRNA,Raspberry,2.0
8822,2205.5,mRNA,mKalama1,3.0
8823,2205.75,topo,topoI,0.25
8823,2205.75,topo,gyrase,0.25
8823,2205.75,RNAP,RNAP,1.0
8823,2205.75,mRNA,tetA,30.0
8823,2205.75,mRNA,Raspberry,2.0
8823,2205.75,mRNA,mKalama1,3.0
8824,2206.0,topo,topoI,0.25
8824,2206.0,topo,gyrase,0.25
8824,2206.0,RNAP,RNAP,1.0
8824,2206.0,mRNA,tetA,30.0
8824,2206.0,mRNA,Raspberry,2.0
8824,2206.0,mRNA,mKalama1,3.0
8825,2206.25,topo,topoI,0.25
8825,2206.25,topo,gyrase,0.25
8825,2206.25,RNAP,RNAP,1.0
8825,2206.25,mRNA,tetA,30.0
8825,2206.25,mRNA,Raspberry,2.0
8825,2206.25,mRNA,mKalama1,3.0
8826,2206.5,topo,topoI,0.25
8826,2206.5,topo,gyrase,0.25
8826,2206.5,RNAP,RNAP,1.0
8826,2206.5,mRNA,tetA,30.0
8826,2206.5,mRNA,Raspberry,2.0
8826,2206.5,mRNA,mKalama1,3.0
8827,2206.75,topo,topoI,0.25
8827,2206.75,topo,gyrase,0.25
8827,2206.75,RNAP,RNAP,1.0
8827,2206.75,mRNA,tetA,30.0
8827,2206.75,mRNA,Raspberry,2.0
8827,2206.75,mRNA,mKalama1,3.0
8828,2207.0,topo,topoI,0.25
8828,2207.0,topo,gyrase,0.25
8828,2207.0,RNAP,RNAP,1.0
8828,2207.0,mRNA,tetA,30.0
8828,2207.0,mRNA,Raspberry,2.0
8828,2207.0,mRNA,mKalama1,3.0
8829,2207.25,topo,topoI,0.25
8829,2207.25,topo,gyrase,0.25
8829,2207.25,RNAP,RNAP,1.0
8829,2207.25,mRNA,tetA,30.0
8829,2207.25,mRNA,Raspberry,2.0
8829,2207.25,mRNA,mKalama1,3.0
8830,2207.5,topo,topoI,0.25
8830,2207.5,topo,gyrase,0.25
8830,2207.5,RNAP,RNAP,1.0
8830,2207.5,mRNA,tetA,30.0
8830,2207.5,mRNA,Raspberry,2.0
8830,2207.5,mRNA,mKalama1,3.0
8831,2207.75,topo,topoI,0.25
8831,2207.75,topo,gyrase,0.25
8831,2207.75,RNAP,RNAP,1.0
8831,2207.75,mRNA,tetA,30.0
8831,2207.75,mRNA,Raspberry,2.0
8831,2207.75,mRNA,mKalama1,3.0
8832,2208.0,topo,topoI,0.25
8832,2208.0,topo,gyrase,0.25
8832,2208.0,RNAP,RNAP,1.0
8832,2208.0,mRNA,tetA,30.0
8832,2208.0,mRNA,Raspberry,2.0
8832,2208.0,mRNA,mKalama1,3.0
8833,2208.25,topo,topoI,0.25
8833,2208.25,topo,gyrase,0.25
8833,2208.25,RNAP,RNAP,1.0
8833,2208.25,mRNA,tetA,30.0
8833,2208.25,mRNA,Raspberry,2.0
8833,2208.25,mRNA,mKalama1,3.0
8834,2208.5,topo,topoI,0.25
8834,2208.5,topo,gyrase,0.25
8834,2208.5,RNAP,RNAP,1.0
8834,2208.5,mRNA,tetA,30.0
8834,2208.5,mRNA,Raspberry,2.0
8834,2208.5,mRNA,mKalama1,3.0
8835,2208.75,topo,topoI,0.25
8835,2208.75,topo,gyrase,0.25
8835,2208.75,RNAP,RNAP,1.0
8835,2208.75,mRNA,tetA,30.0
8835,2208.75,mRNA,Raspberry,2.0
8835,2208.75,mRNA,mKalama1,3.0
8836,2209.0,topo,topoI,0.25
8836,2209.0,topo,gyrase,0.25
8836,2209.0,RNAP,RNAP,1.0
8836,2209.0,mRNA,tetA,30.0
8836,2209.0,mRNA,Raspberry,2.0
8836,2209.0,mRNA,mKalama1,3.0
8837,2209.25,topo,topoI,0.25
8837,2209.25,topo,gyrase,0.25
8837,2209.25,RNAP,RNAP,1.0
8837,2209.25,mRNA,tetA,30.0
8837,2209.25,mRNA,Raspberry,2.0
8837,2209.25,mRNA,mKalama1,3.0
8838,2209.5,topo,topoI,0.25
8838,2209.5,topo,gyrase,0.25
8838,2209.5,RNAP,RNAP,1.0
8838,2209.5,mRNA,tetA,30.0
8838,2209.5,mRNA,Raspberry,2.0
8838,2209.5,mRNA,mKalama1,3.0
8839,2209.75,topo,topoI,0.25
8839,2209.75,topo,gyrase,0.25
8839,2209.75,RNAP,RNAP,1.0
8839,2209.75,mRNA,tetA,30.0
8839,2209.75,mRNA,Raspberry,2.0
8839,2209.75,mRNA,mKalama1,3.0
8840,2210.0,topo,topoI,0.25
8840,2210.0,topo,gyrase,0.25
8840,2210.0,RNAP,RNAP,1.0
8840,2210.0,mRNA,tetA,30.0
8840,2210.0,mRNA,Raspberry,2.0
8840,2210.0,mRNA,mKalama1,3.0
8841,2210.25,topo,topoI,0.25
8841,2210.25,topo,gyrase,0.25
8841,2210.25,RNAP,RNAP,1.0
8841,2210.25,mRNA,tetA,30.0
8841,2210.25,mRNA,Raspberry,2.0
8841,2210.25,mRNA,mKalama1,3.0
8842,2210.5,topo,topoI,0.25
8842,2210.5,topo,gyrase,0.25
8842,2210.5,RNAP,RNAP,1.0
8842,2210.5,mRNA,tetA,30.0
8842,2210.5,mRNA,Raspberry,2.0
8842,2210.5,mRNA,mKalama1,3.0
8843,2210.75,topo,topoI,0.25
8843,2210.75,topo,gyrase,0.25
8843,2210.75,RNAP,RNAP,1.0
8843,2210.75,mRNA,tetA,30.0
8843,2210.75,mRNA,Raspberry,2.0
8843,2210.75,mRNA,mKalama1,3.0
8844,2211.0,topo,topoI,0.25
8844,2211.0,topo,gyrase,0.25
8844,2211.0,RNAP,RNAP,1.0
8844,2211.0,mRNA,tetA,30.0
8844,2211.0,mRNA,Raspberry,2.0
8844,2211.0,mRNA,mKalama1,3.0
8845,2211.25,topo,topoI,0.25
8845,2211.25,topo,gyrase,0.25
8845,2211.25,RNAP,RNAP,1.0
8845,2211.25,mRNA,tetA,30.0
8845,2211.25,mRNA,Raspberry,2.0
8845,2211.25,mRNA,mKalama1,3.0
8846,2211.5,topo,topoI,0.25
8846,2211.5,topo,gyrase,0.25
8846,2211.5,RNAP,RNAP,1.0
8846,2211.5,mRNA,tetA,30.0
8846,2211.5,mRNA,Raspberry,2.0
8846,2211.5,mRNA,mKalama1,3.0
8847,2211.75,topo,topoI,0.25
8847,2211.75,topo,gyrase,0.25
8847,2211.75,RNAP,RNAP,1.0
8847,2211.75,mRNA,tetA,30.0
8847,2211.75,mRNA,Raspberry,2.0
8847,2211.75,mRNA,mKalama1,3.0
8848,2212.0,topo,topoI,0.25
8848,2212.0,topo,gyrase,0.25
8848,2212.0,RNAP,RNAP,1.0
8848,2212.0,mRNA,tetA,30.0
8848,2212.0,mRNA,Raspberry,2.0
8848,2212.0,mRNA,mKalama1,3.0
8849,2212.25,topo,topoI,0.25
8849,2212.25,topo,gyrase,0.25
8849,2212.25,RNAP,RNAP,1.0
8849,2212.25,mRNA,tetA,30.0
8849,2212.25,mRNA,Raspberry,2.0
8849,2212.25,mRNA,mKalama1,3.0
8850,2212.5,topo,topoI,0.25
8850,2212.5,topo,gyrase,0.25
8850,2212.5,RNAP,RNAP,1.0
8850,2212.5,mRNA,tetA,30.0
8850,2212.5,mRNA,Raspberry,2.0
8850,2212.5,mRNA,mKalama1,3.0
8851,2212.75,topo,topoI,0.25
8851,2212.75,topo,gyrase,0.25
8851,2212.75,RNAP,RNAP,1.0
8851,2212.75,mRNA,tetA,30.0
8851,2212.75,mRNA,Raspberry,2.0
8851,2212.75,mRNA,mKalama1,3.0
8852,2213.0,topo,topoI,0.25
8852,2213.0,topo,gyrase,0.25
8852,2213.0,RNAP,RNAP,1.0
8852,2213.0,mRNA,tetA,30.0
8852,2213.0,mRNA,Raspberry,2.0
8852,2213.0,mRNA,mKalama1,3.0
8853,2213.25,topo,topoI,0.25
8853,2213.25,topo,gyrase,0.25
8853,2213.25,RNAP,RNAP,1.0
8853,2213.25,mRNA,tetA,30.0
8853,2213.25,mRNA,Raspberry,2.0
8853,2213.25,mRNA,mKalama1,3.0
8854,2213.5,topo,topoI,0.25
8854,2213.5,topo,gyrase,0.25
8854,2213.5,RNAP,RNAP,1.0
8854,2213.5,mRNA,tetA,30.0
8854,2213.5,mRNA,Raspberry,2.0
8854,2213.5,mRNA,mKalama1,3.0
8855,2213.75,topo,topoI,0.25
8855,2213.75,topo,gyrase,0.25
8855,2213.75,RNAP,RNAP,1.0
8855,2213.75,mRNA,tetA,30.0
8855,2213.75,mRNA,Raspberry,2.0
8855,2213.75,mRNA,mKalama1,3.0
8856,2214.0,topo,topoI,0.25
8856,2214.0,topo,gyrase,0.25
8856,2214.0,RNAP,RNAP,1.0
8856,2214.0,mRNA,tetA,30.0
8856,2214.0,mRNA,Raspberry,2.0
8856,2214.0,mRNA,mKalama1,3.0
8857,2214.25,topo,topoI,0.25
8857,2214.25,topo,gyrase,0.25
8857,2214.25,RNAP,RNAP,1.0
8857,2214.25,mRNA,tetA,30.0
8857,2214.25,mRNA,Raspberry,2.0
8857,2214.25,mRNA,mKalama1,3.0
8858,2214.5,topo,topoI,0.25
8858,2214.5,topo,gyrase,0.25
8858,2214.5,RNAP,RNAP,1.0
8858,2214.5,mRNA,tetA,30.0
8858,2214.5,mRNA,Raspberry,2.0
8858,2214.5,mRNA,mKalama1,3.0
8859,2214.75,topo,topoI,0.25
8859,2214.75,topo,gyrase,0.25
8859,2214.75,RNAP,RNAP,1.0
8859,2214.75,mRNA,tetA,30.0
8859,2214.75,mRNA,Raspberry,2.0
8859,2214.75,mRNA,mKalama1,3.0
8860,2215.0,topo,topoI,0.25
8860,2215.0,topo,gyrase,0.25
8860,2215.0,RNAP,RNAP,1.0
8860,2215.0,mRNA,tetA,30.0
8860,2215.0,mRNA,Raspberry,2.0
8860,2215.0,mRNA,mKalama1,3.0
8861,2215.25,topo,topoI,0.25
8861,2215.25,topo,gyrase,0.25
8861,2215.25,RNAP,RNAP,1.0
8861,2215.25,mRNA,tetA,30.0
8861,2215.25,mRNA,Raspberry,2.0
8861,2215.25,mRNA,mKalama1,3.0
8862,2215.5,topo,topoI,0.25
8862,2215.5,topo,gyrase,0.25
8862,2215.5,RNAP,RNAP,1.0
8862,2215.5,mRNA,tetA,30.0
8862,2215.5,mRNA,Raspberry,2.0
8862,2215.5,mRNA,mKalama1,3.0
8863,2215.75,topo,topoI,0.25
8863,2215.75,topo,gyrase,0.25
8863,2215.75,RNAP,RNAP,1.0
8863,2215.75,mRNA,tetA,30.0
8863,2215.75,mRNA,Raspberry,2.0
8863,2215.75,mRNA,mKalama1,3.0
8864,2216.0,topo,topoI,0.25
8864,2216.0,topo,gyrase,0.25
8864,2216.0,RNAP,RNAP,1.0
8864,2216.0,mRNA,tetA,30.0
8864,2216.0,mRNA,Raspberry,2.0
8864,2216.0,mRNA,mKalama1,3.0
8865,2216.25,topo,topoI,0.25
8865,2216.25,topo,gyrase,0.25
8865,2216.25,RNAP,RNAP,1.0
8865,2216.25,mRNA,tetA,30.0
8865,2216.25,mRNA,Raspberry,2.0
8865,2216.25,mRNA,mKalama1,3.0
8866,2216.5,topo,topoI,0.25
8866,2216.5,topo,gyrase,0.25
8866,2216.5,RNAP,RNAP,1.0
8866,2216.5,mRNA,tetA,30.0
8866,2216.5,mRNA,Raspberry,2.0
8866,2216.5,mRNA,mKalama1,3.0
8867,2216.75,topo,topoI,0.25
8867,2216.75,topo,gyrase,0.25
8867,2216.75,RNAP,RNAP,1.0
8867,2216.75,mRNA,tetA,30.0
8867,2216.75,mRNA,Raspberry,2.0
8867,2216.75,mRNA,mKalama1,3.0
8868,2217.0,topo,topoI,0.25
8868,2217.0,topo,gyrase,0.25
8868,2217.0,RNAP,RNAP,1.0
8868,2217.0,mRNA,tetA,30.0
8868,2217.0,mRNA,Raspberry,2.0
8868,2217.0,mRNA,mKalama1,3.0
8869,2217.25,topo,topoI,0.25
8869,2217.25,topo,gyrase,0.25
8869,2217.25,RNAP,RNAP,1.0
8869,2217.25,mRNA,tetA,30.0
8869,2217.25,mRNA,Raspberry,2.0
8869,2217.25,mRNA,mKalama1,3.0
8870,2217.5,topo,topoI,0.25
8870,2217.5,topo,gyrase,0.25
8870,2217.5,RNAP,RNAP,1.0
8870,2217.5,mRNA,tetA,30.0
8870,2217.5,mRNA,Raspberry,2.0
8870,2217.5,mRNA,mKalama1,3.0
8871,2217.75,topo,topoI,0.25
8871,2217.75,topo,gyrase,0.25
8871,2217.75,RNAP,RNAP,1.0
8871,2217.75,mRNA,tetA,30.0
8871,2217.75,mRNA,Raspberry,2.0
8871,2217.75,mRNA,mKalama1,3.0
8872,2218.0,topo,topoI,0.25
8872,2218.0,topo,gyrase,0.25
8872,2218.0,RNAP,RNAP,1.0
8872,2218.0,mRNA,tetA,30.0
8872,2218.0,mRNA,Raspberry,2.0
8872,2218.0,mRNA,mKalama1,3.0
8873,2218.25,topo,topoI,0.25
8873,2218.25,topo,gyrase,0.25
8873,2218.25,RNAP,RNAP,1.0
8873,2218.25,mRNA,tetA,30.0
8873,2218.25,mRNA,Raspberry,2.0
8873,2218.25,mRNA,mKalama1,3.0
8874,2218.5,topo,topoI,0.25
8874,2218.5,topo,gyrase,0.25
8874,2218.5,RNAP,RNAP,1.0
8874,2218.5,mRNA,tetA,30.0
8874,2218.5,mRNA,Raspberry,2.0
8874,2218.5,mRNA,mKalama1,3.0
8875,2218.75,topo,topoI,0.25
8875,2218.75,topo,gyrase,0.25
8875,2218.75,RNAP,RNAP,1.0
8875,2218.75,mRNA,tetA,30.0
8875,2218.75,mRNA,Raspberry,2.0
8875,2218.75,mRNA,mKalama1,3.0
8876,2219.0,topo,topoI,0.25
8876,2219.0,topo,gyrase,0.25
8876,2219.0,RNAP,RNAP,1.0
8876,2219.0,mRNA,tetA,30.0
8876,2219.0,mRNA,Raspberry,2.0
8876,2219.0,mRNA,mKalama1,3.0
8877,2219.25,topo,topoI,0.25
8877,2219.25,topo,gyrase,0.25
8877,2219.25,RNAP,RNAP,1.0
8877,2219.25,mRNA,tetA,30.0
8877,2219.25,mRNA,Raspberry,2.0
8877,2219.25,mRNA,mKalama1,3.0
8878,2219.5,topo,topoI,0.25
8878,2219.5,topo,gyrase,0.25
8878,2219.5,RNAP,RNAP,1.0
8878,2219.5,mRNA,tetA,30.0
8878,2219.5,mRNA,Raspberry,2.0
8878,2219.5,mRNA,mKalama1,3.0
8879,2219.75,topo,topoI,0.25
8879,2219.75,topo,gyrase,0.25
8879,2219.75,RNAP,RNAP,1.0
8879,2219.75,mRNA,tetA,30.0
8879,2219.75,mRNA,Raspberry,2.0
8879,2219.75,mRNA,mKalama1,3.0
8880,2220.0,topo,topoI,0.25
8880,2220.0,topo,gyrase,0.25
8880,2220.0,RNAP,RNAP,1.0
8880,2220.0,mRNA,tetA,30.0
8880,2220.0,mRNA,Raspberry,2.0
8880,2220.0,mRNA,mKalama1,3.0
8881,2220.25,topo,topoI,0.25
8881,2220.25,topo,gyrase,0.25
8881,2220.25,RNAP,RNAP,1.0
8881,2220.25,mRNA,tetA,30.0
8881,2220.25,mRNA,Raspberry,2.0
8881,2220.25,mRNA,mKalama1,3.0
8882,2220.5,topo,topoI,0.25
8882,2220.5,topo,gyrase,0.25
8882,2220.5,RNAP,RNAP,1.0
8882,2220.5,mRNA,tetA,30.0
8882,2220.5,mRNA,Raspberry,2.0
8882,2220.5,mRNA,mKalama1,3.0
8883,2220.75,topo,topoI,0.25
8883,2220.75,topo,gyrase,0.25
8883,2220.75,RNAP,RNAP,1.0
8883,2220.75,mRNA,tetA,30.0
8883,2220.75,mRNA,Raspberry,2.0
8883,2220.75,mRNA,mKalama1,3.0
8884,2221.0,topo,topoI,0.25
8884,2221.0,topo,gyrase,0.25
8884,2221.0,RNAP,RNAP,1.0
8884,2221.0,mRNA,tetA,30.0
8884,2221.0,mRNA,Raspberry,2.0
8884,2221.0,mRNA,mKalama1,3.0
8885,2221.25,topo,topoI,0.25
8885,2221.25,topo,gyrase,0.25
8885,2221.25,RNAP,RNAP,1.0
8885,2221.25,mRNA,tetA,30.0
8885,2221.25,mRNA,Raspberry,2.0
8885,2221.25,mRNA,mKalama1,3.0
8886,2221.5,topo,topoI,0.25
8886,2221.5,topo,gyrase,0.25
8886,2221.5,RNAP,RNAP,1.0
8886,2221.5,mRNA,tetA,30.0
8886,2221.5,mRNA,Raspberry,2.0
8886,2221.5,mRNA,mKalama1,3.0
8887,2221.75,topo,topoI,0.25
8887,2221.75,topo,gyrase,0.25
8887,2221.75,RNAP,RNAP,1.0
8887,2221.75,mRNA,tetA,30.0
8887,2221.75,mRNA,Raspberry,2.0
8887,2221.75,mRNA,mKalama1,3.0
8888,2222.0,topo,topoI,0.25
8888,2222.0,topo,gyrase,0.25
8888,2222.0,RNAP,RNAP,1.0
8888,2222.0,mRNA,tetA,30.0
8888,2222.0,mRNA,Raspberry,2.0
8888,2222.0,mRNA,mKalama1,3.0
8889,2222.25,topo,topoI,0.25
8889,2222.25,topo,gyrase,0.25
8889,2222.25,RNAP,RNAP,1.0
8889,2222.25,mRNA,tetA,30.0
8889,2222.25,mRNA,Raspberry,2.0
8889,2222.25,mRNA,mKalama1,3.0
8890,2222.5,topo,topoI,0.25
8890,2222.5,topo,gyrase,0.25
8890,2222.5,RNAP,RNAP,1.0
8890,2222.5,mRNA,tetA,30.0
8890,2222.5,mRNA,Raspberry,2.0
8890,2222.5,mRNA,mKalama1,3.0
8891,2222.75,topo,topoI,0.25
8891,2222.75,topo,gyrase,0.25
8891,2222.75,RNAP,RNAP,1.0
8891,2222.75,mRNA,tetA,30.0
8891,2222.75,mRNA,Raspberry,2.0
8891,2222.75,mRNA,mKalama1,3.0
8892,2223.0,topo,topoI,0.25
8892,2223.0,topo,gyrase,0.25
8892,2223.0,RNAP,RNAP,1.0
8892,2223.0,mRNA,tetA,30.0
8892,2223.0,mRNA,Raspberry,2.0
8892,2223.0,mRNA,mKalama1,3.0
8893,2223.25,topo,topoI,0.25
8893,2223.25,topo,gyrase,0.25
8893,2223.25,RNAP,RNAP,1.0
8893,2223.25,mRNA,tetA,30.0
8893,2223.25,mRNA,Raspberry,2.0
8893,2223.25,mRNA,mKalama1,3.0
8894,2223.5,topo,topoI,0.25
8894,2223.5,topo,gyrase,0.25
8894,2223.5,RNAP,RNAP,1.0
8894,2223.5,mRNA,tetA,30.0
8894,2223.5,mRNA,Raspberry,2.0
8894,2223.5,mRNA,mKalama1,3.0
8895,2223.75,topo,topoI,0.25
8895,2223.75,topo,gyrase,0.25
8895,2223.75,RNAP,RNAP,1.0
8895,2223.75,mRNA,tetA,30.0
8895,2223.75,mRNA,Raspberry,2.0
8895,2223.75,mRNA,mKalama1,3.0
8896,2224.0,topo,topoI,0.25
8896,2224.0,topo,gyrase,0.25
8896,2224.0,RNAP,RNAP,1.0
8896,2224.0,mRNA,tetA,30.0
8896,2224.0,mRNA,Raspberry,2.0
8896,2224.0,mRNA,mKalama1,3.0
8897,2224.25,topo,topoI,0.25
8897,2224.25,topo,gyrase,0.25
8897,2224.25,RNAP,RNAP,1.0
8897,2224.25,mRNA,tetA,30.0
8897,2224.25,mRNA,Raspberry,2.0
8897,2224.25,mRNA,mKalama1,3.0
8898,2224.5,topo,topoI,0.25
8898,2224.5,topo,gyrase,0.25
8898,2224.5,RNAP,RNAP,1.0
8898,2224.5,mRNA,tetA,30.0
8898,2224.5,mRNA,Raspberry,2.0
8898,2224.5,mRNA,mKalama1,3.0
8899,2224.75,topo,topoI,0.25
8899,2224.75,topo,gyrase,0.25
8899,2224.75,RNAP,RNAP,1.0
8899,2224.75,mRNA,tetA,30.0
8899,2224.75,mRNA,Raspberry,2.0
8899,2224.75,mRNA,mKalama1,3.0
8900,2225.0,topo,topoI,0.25
8900,2225.0,topo,gyrase,0.25
8900,2225.0,RNAP,RNAP,1.0
8900,2225.0,mRNA,tetA,30.0
8900,2225.0,mRNA,Raspberry,2.0
8900,2225.0,mRNA,mKalama1,3.0
8901,2225.25,topo,topoI,0.25
8901,2225.25,topo,gyrase,0.25
8901,2225.25,RNAP,RNAP,1.0
8901,2225.25,mRNA,tetA,30.0
8901,2225.25,mRNA,Raspberry,2.0
8901,2225.25,mRNA,mKalama1,3.0
8902,2225.5,topo,topoI,0.25
8902,2225.5,topo,gyrase,0.25
8902,2225.5,RNAP,RNAP,1.0
8902,2225.5,mRNA,tetA,30.0
8902,2225.5,mRNA,Raspberry,2.0
8902,2225.5,mRNA,mKalama1,3.0
8903,2225.75,topo,topoI,0.25
8903,2225.75,topo,gyrase,0.25
8903,2225.75,RNAP,RNAP,1.0
8903,2225.75,mRNA,tetA,30.0
8903,2225.75,mRNA,Raspberry,2.0
8903,2225.75,mRNA,mKalama1,3.0
8904,2226.0,topo,topoI,0.25
8904,2226.0,topo,gyrase,0.25
8904,2226.0,RNAP,RNAP,1.0
8904,2226.0,mRNA,tetA,30.0
8904,2226.0,mRNA,Raspberry,2.0
8904,2226.0,mRNA,mKalama1,3.0
8905,2226.25,topo,topoI,0.25
8905,2226.25,topo,gyrase,0.25
8905,2226.25,RNAP,RNAP,1.0
8905,2226.25,mRNA,tetA,30.0
8905,2226.25,mRNA,Raspberry,2.0
8905,2226.25,mRNA,mKalama1,3.0
8906,2226.5,topo,topoI,0.25
8906,2226.5,topo,gyrase,0.25
8906,2226.5,RNAP,RNAP,1.0
8906,2226.5,mRNA,tetA,30.0
8906,2226.5,mRNA,Raspberry,2.0
8906,2226.5,mRNA,mKalama1,3.0
8907,2226.75,topo,topoI,0.25
8907,2226.75,topo,gyrase,0.25
8907,2226.75,RNAP,RNAP,1.0
8907,2226.75,mRNA,tetA,30.0
8907,2226.75,mRNA,Raspberry,2.0
8907,2226.75,mRNA,mKalama1,3.0
8908,2227.0,topo,topoI,0.25
8908,2227.0,topo,gyrase,0.25
8908,2227.0,RNAP,RNAP,1.0
8908,2227.0,mRNA,tetA,30.0
8908,2227.0,mRNA,Raspberry,2.0
8908,2227.0,mRNA,mKalama1,3.0
8909,2227.25,topo,topoI,0.25
8909,2227.25,topo,gyrase,0.25
8909,2227.25,RNAP,RNAP,1.0
8909,2227.25,mRNA,tetA,30.0
8909,2227.25,mRNA,Raspberry,2.0
8909,2227.25,mRNA,mKalama1,3.0
8910,2227.5,topo,topoI,0.25
8910,2227.5,topo,gyrase,0.25
8910,2227.5,RNAP,RNAP,1.0
8910,2227.5,mRNA,tetA,30.0
8910,2227.5,mRNA,Raspberry,2.0
8910,2227.5,mRNA,mKalama1,3.0
8911,2227.75,topo,topoI,0.25
8911,2227.75,topo,gyrase,0.25
8911,2227.75,RNAP,RNAP,1.0
8911,2227.75,mRNA,tetA,30.0
8911,2227.75,mRNA,Raspberry,2.0
8911,2227.75,mRNA,mKalama1,3.0
8912,2228.0,topo,topoI,0.25
8912,2228.0,topo,gyrase,0.25
8912,2228.0,RNAP,RNAP,1.0
8912,2228.0,mRNA,tetA,30.0
8912,2228.0,mRNA,Raspberry,2.0
8912,2228.0,mRNA,mKalama1,3.0
8913,2228.25,topo,topoI,0.25
8913,2228.25,topo,gyrase,0.25
8913,2228.25,RNAP,RNAP,1.0
8913,2228.25,mRNA,tetA,30.0
8913,2228.25,mRNA,Raspberry,2.0
8913,2228.25,mRNA,mKalama1,3.0
8914,2228.5,topo,topoI,0.25
8914,2228.5,topo,gyrase,0.25
8914,2228.5,RNAP,RNAP,1.0
8914,2228.5,mRNA,tetA,30.0
8914,2228.5,mRNA,Raspberry,2.0
8914,2228.5,mRNA,mKalama1,3.0
8915,2228.75,topo,topoI,0.25
8915,2228.75,topo,gyrase,0.25
8915,2228.75,RNAP,RNAP,1.0
8915,2228.75,mRNA,tetA,30.0
8915,2228.75,mRNA,Raspberry,2.0
8915,2228.75,mRNA,mKalama1,3.0
8916,2229.0,topo,topoI,0.25
8916,2229.0,topo,gyrase,0.25
8916,2229.0,RNAP,RNAP,1.0
8916,2229.0,mRNA,tetA,30.0
8916,2229.0,mRNA,Raspberry,2.0
8916,2229.0,mRNA,mKalama1,3.0
8917,2229.25,topo,topoI,0.25
8917,2229.25,topo,gyrase,0.25
8917,2229.25,RNAP,RNAP,1.0
8917,2229.25,mRNA,tetA,30.0
8917,2229.25,mRNA,Raspberry,2.0
8917,2229.25,mRNA,mKalama1,3.0
8918,2229.5,topo,topoI,0.25
8918,2229.5,topo,gyrase,0.25
8918,2229.5,RNAP,RNAP,1.0
8918,2229.5,mRNA,tetA,30.0
8918,2229.5,mRNA,Raspberry,2.0
8918,2229.5,mRNA,mKalama1,3.0
8919,2229.75,topo,topoI,0.25
8919,2229.75,topo,gyrase,0.25
8919,2229.75,RNAP,RNAP,1.0
8919,2229.75,mRNA,tetA,30.0
8919,2229.75,mRNA,Raspberry,2.0
8919,2229.75,mRNA,mKalama1,3.0
8920,2230.0,topo,topoI,0.25
8920,2230.0,topo,gyrase,0.25
8920,2230.0,RNAP,RNAP,1.0
8920,2230.0,mRNA,tetA,30.0
8920,2230.0,mRNA,Raspberry,2.0
8920,2230.0,mRNA,mKalama1,3.0
8921,2230.25,topo,topoI,0.25
8921,2230.25,topo,gyrase,0.25
8921,2230.25,RNAP,RNAP,1.0
8921,2230.25,mRNA,tetA,30.0
8921,2230.25,mRNA,Raspberry,2.0
8921,2230.25,mRNA,mKalama1,3.0
8922,2230.5,topo,topoI,0.25
8922,2230.5,topo,gyrase,0.25
8922,2230.5,RNAP,RNAP,1.0
8922,2230.5,mRNA,tetA,30.0
8922,2230.5,mRNA,Raspberry,2.0
8922,2230.5,mRNA,mKalama1,3.0
8923,2230.75,topo,topoI,0.25
8923,2230.75,topo,gyrase,0.25
8923,2230.75,RNAP,RNAP,1.0
8923,2230.75,mRNA,tetA,30.0
8923,2230.75,mRNA,Raspberry,2.0
8923,2230.75,mRNA,mKalama1,3.0
8924,2231.0,topo,topoI,0.25
8924,2231.0,topo,gyrase,0.25
8924,2231.0,RNAP,RNAP,1.0
8924,2231.0,mRNA,tetA,30.0
8924,2231.0,mRNA,Raspberry,2.0
8924,2231.0,mRNA,mKalama1,3.0
8925,2231.25,topo,topoI,0.25
8925,2231.25,topo,gyrase,0.25
8925,2231.25,RNAP,RNAP,1.0
8925,2231.25,mRNA,tetA,30.0
8925,2231.25,mRNA,Raspberry,2.0
8925,2231.25,mRNA,mKalama1,3.0
8926,2231.5,topo,topoI,0.25
8926,2231.5,topo,gyrase,0.25
8926,2231.5,RNAP,RNAP,1.0
8926,2231.5,mRNA,tetA,30.0
8926,2231.5,mRNA,Raspberry,2.0
8926,2231.5,mRNA,mKalama1,3.0
8927,2231.75,topo,topoI,0.25
8927,2231.75,topo,gyrase,0.25
8927,2231.75,RNAP,RNAP,1.0
8927,2231.75,mRNA,tetA,30.0
8927,2231.75,mRNA,Raspberry,2.0
8927,2231.75,mRNA,mKalama1,3.0
8928,2232.0,topo,topoI,0.25
8928,2232.0,topo,gyrase,0.25
8928,2232.0,RNAP,RNAP,1.0
8928,2232.0,mRNA,tetA,30.0
8928,2232.0,mRNA,Raspberry,2.0
8928,2232.0,mRNA,mKalama1,3.0
8929,2232.25,topo,topoI,0.25
8929,2232.25,topo,gyrase,0.25
8929,2232.25,RNAP,RNAP,1.0
8929,2232.25,mRNA,tetA,30.0
8929,2232.25,mRNA,Raspberry,2.0
8929,2232.25,mRNA,mKalama1,3.0
8930,2232.5,topo,topoI,0.25
8930,2232.5,topo,gyrase,0.25
8930,2232.5,RNAP,RNAP,1.0
8930,2232.5,mRNA,tetA,30.0
8930,2232.5,mRNA,Raspberry,2.0
8930,2232.5,mRNA,mKalama1,3.0
8931,2232.75,topo,topoI,0.25
8931,2232.75,topo,gyrase,0.25
8931,2232.75,RNAP,RNAP,1.0
8931,2232.75,mRNA,tetA,30.0
8931,2232.75,mRNA,Raspberry,2.0
8931,2232.75,mRNA,mKalama1,3.0
8932,2233.0,topo,topoI,0.25
8932,2233.0,topo,gyrase,0.25
8932,2233.0,RNAP,RNAP,1.0
8932,2233.0,mRNA,tetA,30.0
8932,2233.0,mRNA,Raspberry,2.0
8932,2233.0,mRNA,mKalama1,3.0
8933,2233.25,topo,topoI,0.25
8933,2233.25,topo,gyrase,0.25
8933,2233.25,RNAP,RNAP,1.0
8933,2233.25,mRNA,tetA,30.0
8933,2233.25,mRNA,Raspberry,2.0
8933,2233.25,mRNA,mKalama1,3.0
8934,2233.5,topo,topoI,0.25
8934,2233.5,topo,gyrase,0.25
8934,2233.5,RNAP,RNAP,1.0
8934,2233.5,mRNA,tetA,30.0
8934,2233.5,mRNA,Raspberry,2.0
8934,2233.5,mRNA,mKalama1,3.0
8935,2233.75,topo,topoI,0.25
8935,2233.75,topo,gyrase,0.25
8935,2233.75,RNAP,RNAP,1.0
8935,2233.75,mRNA,tetA,30.0
8935,2233.75,mRNA,Raspberry,2.0
8935,2233.75,mRNA,mKalama1,3.0
8936,2234.0,topo,topoI,0.25
8936,2234.0,topo,gyrase,0.25
8936,2234.0,RNAP,RNAP,1.0
8936,2234.0,mRNA,tetA,30.0
8936,2234.0,mRNA,Raspberry,2.0
8936,2234.0,mRNA,mKalama1,3.0
8937,2234.25,topo,topoI,0.25
8937,2234.25,topo,gyrase,0.25
8937,2234.25,RNAP,RNAP,1.0
8937,2234.25,mRNA,tetA,30.0
8937,2234.25,mRNA,Raspberry,2.0
8937,2234.25,mRNA,mKalama1,3.0
8938,2234.5,topo,topoI,0.25
8938,2234.5,topo,gyrase,0.25
8938,2234.5,RNAP,RNAP,1.0
8938,2234.5,mRNA,tetA,30.0
8938,2234.5,mRNA,Raspberry,2.0
8938,2234.5,mRNA,mKalama1,3.0
8939,2234.75,topo,topoI,0.25
8939,2234.75,topo,gyrase,0.25
8939,2234.75,RNAP,RNAP,1.0
8939,2234.75,mRNA,tetA,30.0
8939,2234.75,mRNA,Raspberry,2.0
8939,2234.75,mRNA,mKalama1,3.0
8940,2235.0,topo,topoI,0.25
8940,2235.0,topo,gyrase,0.25
8940,2235.0,RNAP,RNAP,1.0
8940,2235.0,mRNA,tetA,30.0
8940,2235.0,mRNA,Raspberry,2.0
8940,2235.0,mRNA,mKalama1,3.0
8941,2235.25,topo,topoI,0.25
8941,2235.25,topo,gyrase,0.25
8941,2235.25,RNAP,RNAP,1.0
8941,2235.25,mRNA,tetA,30.0
8941,2235.25,mRNA,Raspberry,2.0
8941,2235.25,mRNA,mKalama1,3.0
8942,2235.5,topo,topoI,0.25
8942,2235.5,topo,gyrase,0.25
8942,2235.5,RNAP,RNAP,1.0
8942,2235.5,mRNA,tetA,30.0
8942,2235.5,mRNA,Raspberry,2.0
8942,2235.5,mRNA,mKalama1,3.0
8943,2235.75,topo,topoI,0.25
8943,2235.75,topo,gyrase,0.25
8943,2235.75,RNAP,RNAP,1.0
8943,2235.75,mRNA,tetA,30.0
8943,2235.75,mRNA,Raspberry,2.0
8943,2235.75,mRNA,mKalama1,3.0
8944,2236.0,topo,topoI,0.25
8944,2236.0,topo,gyrase,0.25
8944,2236.0,RNAP,RNAP,1.0
8944,2236.0,mRNA,tetA,30.0
8944,2236.0,mRNA,Raspberry,2.0
8944,2236.0,mRNA,mKalama1,3.0
8945,2236.25,topo,topoI,0.25
8945,2236.25,topo,gyrase,0.25
8945,2236.25,RNAP,RNAP,1.0
8945,2236.25,mRNA,tetA,30.0
8945,2236.25,mRNA,Raspberry,2.0
8945,2236.25,mRNA,mKalama1,3.0
8946,2236.5,topo,topoI,0.25
8946,2236.5,topo,gyrase,0.25
8946,2236.5,RNAP,RNAP,1.0
8946,2236.5,mRNA,tetA,30.0
8946,2236.5,mRNA,Raspberry,2.0
8946,2236.5,mRNA,mKalama1,3.0
8947,2236.75,topo,topoI,0.25
8947,2236.75,topo,gyrase,0.25
8947,2236.75,RNAP,RNAP,1.0
8947,2236.75,mRNA,tetA,30.0
8947,2236.75,mRNA,Raspberry,2.0
8947,2236.75,mRNA,mKalama1,3.0
8948,2237.0,topo,topoI,0.25
8948,2237.0,topo,gyrase,0.25
8948,2237.0,RNAP,RNAP,1.0
8948,2237.0,mRNA,tetA,30.0
8948,2237.0,mRNA,Raspberry,2.0
8948,2237.0,mRNA,mKalama1,3.0
8949,2237.25,topo,topoI,0.25
8949,2237.25,topo,gyrase,0.25
8949,2237.25,RNAP,RNAP,1.0
8949,2237.25,mRNA,tetA,30.0
8949,2237.25,mRNA,Raspberry,2.0
8949,2237.25,mRNA,mKalama1,3.0
8950,2237.5,topo,topoI,0.25
8950,2237.5,topo,gyrase,0.25
8950,2237.5,RNAP,RNAP,1.0
8950,2237.5,mRNA,tetA,30.0
8950,2237.5,mRNA,Raspberry,2.0
8950,2237.5,mRNA,mKalama1,3.0
8951,2237.75,topo,topoI,0.25
8951,2237.75,topo,gyrase,0.25
8951,2237.75,RNAP,RNAP,1.0
8951,2237.75,mRNA,tetA,30.0
8951,2237.75,mRNA,Raspberry,2.0
8951,2237.75,mRNA,mKalama1,3.0
8952,2238.0,topo,topoI,0.25
8952,2238.0,topo,gyrase,0.25
8952,2238.0,RNAP,RNAP,1.0
8952,2238.0,mRNA,tetA,30.0
8952,2238.0,mRNA,Raspberry,2.0
8952,2238.0,mRNA,mKalama1,3.0
8953,2238.25,topo,topoI,0.25
8953,2238.25,topo,gyrase,0.25
8953,2238.25,RNAP,RNAP,1.0
8953,2238.25,mRNA,tetA,30.0
8953,2238.25,mRNA,Raspberry,2.0
8953,2238.25,mRNA,mKalama1,3.0
8954,2238.5,topo,topoI,0.25
8954,2238.5,topo,gyrase,0.25
8954,2238.5,RNAP,RNAP,1.0
8954,2238.5,mRNA,tetA,30.0
8954,2238.5,mRNA,Raspberry,2.0
8954,2238.5,mRNA,mKalama1,3.0
8955,2238.75,topo,topoI,0.25
8955,2238.75,topo,gyrase,0.25
8955,2238.75,RNAP,RNAP,1.0
8955,2238.75,mRNA,tetA,30.0
8955,2238.75,mRNA,Raspberry,2.0
8955,2238.75,mRNA,mKalama1,3.0
8956,2239.0,topo,topoI,0.25
8956,2239.0,topo,gyrase,0.25
8956,2239.0,RNAP,RNAP,1.0
8956,2239.0,mRNA,tetA,30.0
8956,2239.0,mRNA,Raspberry,2.0
8956,2239.0,mRNA,mKalama1,3.0
8957,2239.25,topo,topoI,0.25
8957,2239.25,topo,gyrase,0.25
8957,2239.25,RNAP,RNAP,1.0
8957,2239.25,mRNA,tetA,30.0
8957,2239.25,mRNA,Raspberry,2.0
8957,2239.25,mRNA,mKalama1,3.0
8958,2239.5,topo,topoI,0.25
8958,2239.5,topo,gyrase,0.25
8958,2239.5,RNAP,RNAP,1.0
8958,2239.5,mRNA,tetA,30.0
8958,2239.5,mRNA,Raspberry,2.0
8958,2239.5,mRNA,mKalama1,3.0
8959,2239.75,topo,topoI,0.25
8959,2239.75,topo,gyrase,0.25
8959,2239.75,RNAP,RNAP,1.0
8959,2239.75,mRNA,tetA,30.0
8959,2239.75,mRNA,Raspberry,2.0
8959,2239.75,mRNA,mKalama1,3.0
8960,2240.0,topo,topoI,0.25
8960,2240.0,topo,gyrase,0.25
8960,2240.0,RNAP,RNAP,1.0
8960,2240.0,mRNA,tetA,30.0
8960,2240.0,mRNA,Raspberry,2.0
8960,2240.0,mRNA,mKalama1,3.0
8961,2240.25,topo,topoI,0.25
8961,2240.25,topo,gyrase,0.25
8961,2240.25,RNAP,RNAP,1.0
8961,2240.25,mRNA,tetA,30.0
8961,2240.25,mRNA,Raspberry,2.0
8961,2240.25,mRNA,mKalama1,3.0
8962,2240.5,topo,topoI,0.25
8962,2240.5,topo,gyrase,0.25
8962,2240.5,RNAP,RNAP,1.0
8962,2240.5,mRNA,tetA,30.0
8962,2240.5,mRNA,Raspberry,2.0
8962,2240.5,mRNA,mKalama1,3.0
8963,2240.75,topo,topoI,0.25
8963,2240.75,topo,gyrase,0.25
8963,2240.75,RNAP,RNAP,1.0
8963,2240.75,mRNA,tetA,30.0
8963,2240.75,mRNA,Raspberry,2.0
8963,2240.75,mRNA,mKalama1,3.0
8964,2241.0,topo,topoI,0.25
8964,2241.0,topo,gyrase,0.25
8964,2241.0,RNAP,RNAP,1.0
8964,2241.0,mRNA,tetA,30.0
8964,2241.0,mRNA,Raspberry,2.0
8964,2241.0,mRNA,mKalama1,3.0
8965,2241.25,topo,topoI,0.25
8965,2241.25,topo,gyrase,0.25
8965,2241.25,RNAP,RNAP,1.0
8965,2241.25,mRNA,tetA,30.0
8965,2241.25,mRNA,Raspberry,2.0
8965,2241.25,mRNA,mKalama1,3.0
8966,2241.5,topo,topoI,0.25
8966,2241.5,topo,gyrase,0.25
8966,2241.5,RNAP,RNAP,1.0
8966,2241.5,mRNA,tetA,30.0
8966,2241.5,mRNA,Raspberry,2.0
8966,2241.5,mRNA,mKalama1,3.0
8967,2241.75,topo,topoI,0.25
8967,2241.75,topo,gyrase,0.25
8967,2241.75,RNAP,RNAP,1.0
8967,2241.75,mRNA,tetA,30.0
8967,2241.75,mRNA,Raspberry,2.0
8967,2241.75,mRNA,mKalama1,3.0
8968,2242.0,topo,topoI,0.25
8968,2242.0,topo,gyrase,0.25
8968,2242.0,RNAP,RNAP,1.0
8968,2242.0,mRNA,tetA,30.0
8968,2242.0,mRNA,Raspberry,2.0
8968,2242.0,mRNA,mKalama1,3.0
8969,2242.25,topo,topoI,0.25
8969,2242.25,topo,gyrase,0.25
8969,2242.25,RNAP,RNAP,1.0
8969,2242.25,mRNA,tetA,30.0
8969,2242.25,mRNA,Raspberry,2.0
8969,2242.25,mRNA,mKalama1,3.0
8970,2242.5,topo,topoI,0.25
8970,2242.5,topo,gyrase,0.25
8970,2242.5,RNAP,RNAP,1.0
8970,2242.5,mRNA,tetA,30.0
8970,2242.5,mRNA,Raspberry,2.0
8970,2242.5,mRNA,mKalama1,3.0
8971,2242.75,topo,topoI,0.25
8971,2242.75,topo,gyrase,0.25
8971,2242.75,RNAP,RNAP,1.0
8971,2242.75,mRNA,tetA,30.0
8971,2242.75,mRNA,Raspberry,2.0
8971,2242.75,mRNA,mKalama1,3.0
8972,2243.0,topo,topoI,0.25
8972,2243.0,topo,gyrase,0.25
8972,2243.0,RNAP,RNAP,1.0
8972,2243.0,mRNA,tetA,31.0
8972,2243.0,mRNA,Raspberry,2.0
8972,2243.0,mRNA,mKalama1,3.0
8973,2243.25,topo,topoI,0.25
8973,2243.25,topo,gyrase,0.25
8973,2243.25,RNAP,RNAP,1.0
8973,2243.25,mRNA,tetA,31.0
8973,2243.25,mRNA,Raspberry,2.0
8973,2243.25,mRNA,mKalama1,3.0
8974,2243.5,topo,topoI,0.25
8974,2243.5,topo,gyrase,0.25
8974,2243.5,RNAP,RNAP,1.0
8974,2243.5,mRNA,tetA,31.0
8974,2243.5,mRNA,Raspberry,2.0
8974,2243.5,mRNA,mKalama1,3.0
8975,2243.75,topo,topoI,0.25
8975,2243.75,topo,gyrase,0.25
8975,2243.75,RNAP,RNAP,1.0
8975,2243.75,mRNA,tetA,31.0
8975,2243.75,mRNA,Raspberry,2.0
8975,2243.75,mRNA,mKalama1,3.0
8976,2244.0,topo,topoI,0.25
8976,2244.0,topo,gyrase,0.25
8976,2244.0,RNAP,RNAP,1.0
8976,2244.0,mRNA,tetA,31.0
8976,2244.0,mRNA,Raspberry,2.0
8976,2244.0,mRNA,mKalama1,3.0
8977,2244.25,topo,topoI,0.25
8977,2244.25,topo,gyrase,0.25
8977,2244.25,RNAP,RNAP,1.0
8977,2244.25,mRNA,tetA,31.0
8977,2244.25,mRNA,Raspberry,2.0
8977,2244.25,mRNA,mKalama1,3.0
8978,2244.5,topo,topoI,0.25
8978,2244.5,topo,gyrase,0.25
8978,2244.5,RNAP,RNAP,1.0
8978,2244.5,mRNA,tetA,31.0
8978,2244.5,mRNA,Raspberry,2.0
8978,2244.5,mRNA,mKalama1,3.0
8979,2244.75,topo,topoI,0.25
8979,2244.75,topo,gyrase,0.25
8979,2244.75,RNAP,RNAP,1.0
8979,2244.75,mRNA,tetA,31.0
8979,2244.75,mRNA,Raspberry,2.0
8979,2244.75,mRNA,mKalama1,3.0
8980,2245.0,topo,topoI,0.25
8980,2245.0,topo,gyrase,0.25
8980,2245.0,RNAP,RNAP,1.0
8980,2245.0,mRNA,tetA,31.0
8980,2245.0,mRNA,Raspberry,2.0
8980,2245.0,mRNA,mKalama1,3.0
8981,2245.25,topo,topoI,0.25
8981,2245.25,topo,gyrase,0.25
8981,2245.25,RNAP,RNAP,1.0
8981,2245.25,mRNA,tetA,31.0
8981,2245.25,mRNA,Raspberry,2.0
8981,2245.25,mRNA,mKalama1,3.0
8982,2245.5,topo,topoI,0.25
8982,2245.5,topo,gyrase,0.25
8982,2245.5,RNAP,RNAP,1.0
8982,2245.5,mRNA,tetA,31.0
8982,2245.5,mRNA,Raspberry,2.0
8982,2245.5,mRNA,mKalama1,3.0
8983,2245.75,topo,topoI,0.25
8983,2245.75,topo,gyrase,0.25
8983,2245.75,RNAP,RNAP,1.0
8983,2245.75,mRNA,tetA,31.0
8983,2245.75,mRNA,Raspberry,2.0
8983,2245.75,mRNA,mKalama1,3.0
8984,2246.0,topo,topoI,0.25
8984,2246.0,topo,gyrase,0.25
8984,2246.0,RNAP,RNAP,1.0
8984,2246.0,mRNA,tetA,31.0
8984,2246.0,mRNA,Raspberry,2.0
8984,2246.0,mRNA,mKalama1,3.0
8985,2246.25,topo,topoI,0.25
8985,2246.25,topo,gyrase,0.25
8985,2246.25,RNAP,RNAP,1.0
8985,2246.25,mRNA,tetA,31.0
8985,2246.25,mRNA,Raspberry,2.0
8985,2246.25,mRNA,mKalama1,3.0
8986,2246.5,topo,topoI,0.25
8986,2246.5,topo,gyrase,0.25
8986,2246.5,RNAP,RNAP,1.0
8986,2246.5,mRNA,tetA,31.0
8986,2246.5,mRNA,Raspberry,2.0
8986,2246.5,mRNA,mKalama1,3.0
8987,2246.75,topo,topoI,0.25
8987,2246.75,topo,gyrase,0.25
8987,2246.75,RNAP,RNAP,1.0
8987,2246.75,mRNA,tetA,31.0
8987,2246.75,mRNA,Raspberry,2.0
8987,2246.75,mRNA,mKalama1,3.0
8988,2247.0,topo,topoI,0.25
8988,2247.0,topo,gyrase,0.25
8988,2247.0,RNAP,RNAP,1.0
8988,2247.0,mRNA,tetA,31.0
8988,2247.0,mRNA,Raspberry,2.0
8988,2247.0,mRNA,mKalama1,3.0
8989,2247.25,topo,topoI,0.25
8989,2247.25,topo,gyrase,0.25
8989,2247.25,RNAP,RNAP,1.0
8989,2247.25,mRNA,tetA,31.0
8989,2247.25,mRNA,Raspberry,2.0
8989,2247.25,mRNA,mKalama1,3.0
8990,2247.5,topo,topoI,0.25
8990,2247.5,topo,gyrase,0.25
8990,2247.5,RNAP,RNAP,1.0
8990,2247.5,mRNA,tetA,31.0
8990,2247.5,mRNA,Raspberry,2.0
8990,2247.5,mRNA,mKalama1,3.0
8991,2247.75,topo,topoI,0.25
8991,2247.75,topo,gyrase,0.25
8991,2247.75,RNAP,RNAP,1.0
8991,2247.75,mRNA,tetA,31.0
8991,2247.75,mRNA,Raspberry,2.0
8991,2247.75,mRNA,mKalama1,3.0
8992,2248.0,topo,topoI,0.25
8992,2248.0,topo,gyrase,0.25
8992,2248.0,RNAP,RNAP,1.0
8992,2248.0,mRNA,tetA,31.0
8992,2248.0,mRNA,Raspberry,2.0
8992,2248.0,mRNA,mKalama1,3.0
8993,2248.25,topo,topoI,0.25
8993,2248.25,topo,gyrase,0.25
8993,2248.25,RNAP,RNAP,1.0
8993,2248.25,mRNA,tetA,31.0
8993,2248.25,mRNA,Raspberry,2.0
8993,2248.25,mRNA,mKalama1,3.0
8994,2248.5,topo,topoI,0.25
8994,2248.5,topo,gyrase,0.25
8994,2248.5,RNAP,RNAP,1.0
8994,2248.5,mRNA,tetA,31.0
8994,2248.5,mRNA,Raspberry,2.0
8994,2248.5,mRNA,mKalama1,3.0
8995,2248.75,topo,topoI,0.25
8995,2248.75,topo,gyrase,0.25
8995,2248.75,RNAP,RNAP,1.0
8995,2248.75,mRNA,tetA,31.0
8995,2248.75,mRNA,Raspberry,2.0
8995,2248.75,mRNA,mKalama1,3.0
8996,2249.0,topo,topoI,0.25
8996,2249.0,topo,gyrase,0.25
8996,2249.0,RNAP,RNAP,1.0
8996,2249.0,mRNA,tetA,31.0
8996,2249.0,mRNA,Raspberry,2.0
8996,2249.0,mRNA,mKalama1,3.0
8997,2249.25,topo,topoI,0.25
8997,2249.25,topo,gyrase,0.25
8997,2249.25,RNAP,RNAP,1.0
8997,2249.25,mRNA,tetA,31.0
8997,2249.25,mRNA,Raspberry,2.0
8997,2249.25,mRNA,mKalama1,3.0
8998,2249.5,topo,topoI,0.25
8998,2249.5,topo,gyrase,0.25
8998,2249.5,RNAP,RNAP,1.0
8998,2249.5,mRNA,tetA,31.0
8998,2249.5,mRNA,Raspberry,2.0
8998,2249.5,mRNA,mKalama1,3.0
8999,2249.75,topo,topoI,0.25
8999,2249.75,topo,gyrase,0.25
8999,2249.75,RNAP,RNAP,1.0
8999,2249.75,mRNA,tetA,31.0
8999,2249.75,mRNA,Raspberry,2.0
8999,2249.75,mRNA,mKalama1,3.0
9000,2250.0,topo,topoI,0.25
9000,2250.0,topo,gyrase,0.25
9000,2250.0,RNAP,RNAP,1.0
9000,2250.0,mRNA,tetA,31.0
9000,2250.0,mRNA,Raspberry,2.0
9000,2250.0,mRNA,mKalama1,3.0
9001,2250.25,topo,topoI,0.25
9001,2250.25,topo,gyrase,0.25
9001,2250.25,RNAP,RNAP,1.0
9001,2250.25,mRNA,tetA,31.0
9001,2250.25,mRNA,Raspberry,2.0
9001,2250.25,mRNA,mKalama1,3.0
9002,2250.5,topo,topoI,0.25
9002,2250.5,topo,gyrase,0.25
9002,2250.5,RNAP,RNAP,1.0
9002,2250.5,mRNA,tetA,31.0
9002,2250.5,mRNA,Raspberry,2.0
9002,2250.5,mRNA,mKalama1,3.0
9003,2250.75,topo,topoI,0.25
9003,2250.75,topo,gyrase,0.25
9003,2250.75,RNAP,RNAP,1.0
9003,2250.75,mRNA,tetA,31.0
9003,2250.75,mRNA,Raspberry,2.0
9003,2250.75,mRNA,mKalama1,3.0
9004,2251.0,topo,topoI,0.25
9004,2251.0,topo,gyrase,0.25
9004,2251.0,RNAP,RNAP,1.0
9004,2251.0,mRNA,tetA,31.0
9004,2251.0,mRNA,Raspberry,2.0
9004,2251.0,mRNA,mKalama1,3.0
9005,2251.25,topo,topoI,0.25
9005,2251.25,topo,gyrase,0.25
9005,2251.25,RNAP,RNAP,1.0
9005,2251.25,mRNA,tetA,31.0
9005,2251.25,mRNA,Raspberry,2.0
9005,2251.25,mRNA,mKalama1,3.0
9006,2251.5,topo,topoI,0.25
9006,2251.5,topo,gyrase,0.25
9006,2251.5,RNAP,RNAP,1.0
9006,2251.5,mRNA,tetA,31.0
9006,2251.5,mRNA,Raspberry,2.0
9006,2251.5,mRNA,mKalama1,3.0
9007,2251.75,topo,topoI,0.25
9007,2251.75,topo,gyrase,0.25
9007,2251.75,RNAP,RNAP,1.0
9007,2251.75,mRNA,tetA,31.0
9007,2251.75,mRNA,Raspberry,2.0
9007,2251.75,mRNA,mKalama1,3.0
9008,2252.0,topo,topoI,0.25
9008,2252.0,topo,gyrase,0.25
9008,2252.0,RNAP,RNAP,1.0
9008,2252.0,mRNA,tetA,31.0
9008,2252.0,mRNA,Raspberry,2.0
9008,2252.0,mRNA,mKalama1,3.0
9009,2252.25,topo,topoI,0.25
9009,2252.25,topo,gyrase,0.25
9009,2252.25,RNAP,RNAP,1.0
9009,2252.25,mRNA,tetA,31.0
9009,2252.25,mRNA,Raspberry,2.0
9009,2252.25,mRNA,mKalama1,3.0
9010,2252.5,topo,topoI,0.25
9010,2252.5,topo,gyrase,0.25
9010,2252.5,RNAP,RNAP,1.0
9010,2252.5,mRNA,tetA,32.0
9010,2252.5,mRNA,Raspberry,2.0
9010,2252.5,mRNA,mKalama1,3.0
9011,2252.75,topo,topoI,0.25
9011,2252.75,topo,gyrase,0.25
9011,2252.75,RNAP,RNAP,1.0
9011,2252.75,mRNA,tetA,32.0
9011,2252.75,mRNA,Raspberry,2.0
9011,2252.75,mRNA,mKalama1,3.0
9012,2253.0,topo,topoI,0.25
9012,2253.0,topo,gyrase,0.25
9012,2253.0,RNAP,RNAP,1.0
9012,2253.0,mRNA,tetA,32.0
9012,2253.0,mRNA,Raspberry,2.0
9012,2253.0,mRNA,mKalama1,3.0
9013,2253.25,topo,topoI,0.25
9013,2253.25,topo,gyrase,0.25
9013,2253.25,RNAP,RNAP,1.0
9013,2253.25,mRNA,tetA,32.0
9013,2253.25,mRNA,Raspberry,2.0
9013,2253.25,mRNA,mKalama1,3.0
9014,2253.5,topo,topoI,0.25
9014,2253.5,topo,gyrase,0.25
9014,2253.5,RNAP,RNAP,1.0
9014,2253.5,mRNA,tetA,32.0
9014,2253.5,mRNA,Raspberry,2.0
9014,2253.5,mRNA,mKalama1,3.0
9015,2253.75,topo,topoI,0.25
9015,2253.75,topo,gyrase,0.25
9015,2253.75,RNAP,RNAP,1.0
9015,2253.75,mRNA,tetA,32.0
9015,2253.75,mRNA,Raspberry,2.0
9015,2253.75,mRNA,mKalama1,3.0
9016,2254.0,topo,topoI,0.25
9016,2254.0,topo,gyrase,0.25
9016,2254.0,RNAP,RNAP,1.0
9016,2254.0,mRNA,tetA,32.0
9016,2254.0,mRNA,Raspberry,2.0
9016,2254.0,mRNA,mKalama1,3.0
9017,2254.25,topo,topoI,0.25
9017,2254.25,topo,gyrase,0.25
9017,2254.25,RNAP,RNAP,1.0
9017,2254.25,mRNA,tetA,32.0
9017,2254.25,mRNA,Raspberry,2.0
9017,2254.25,mRNA,mKalama1,3.0
9018,2254.5,topo,topoI,0.25
9018,2254.5,topo,gyrase,0.25
9018,2254.5,RNAP,RNAP,1.0
9018,2254.5,mRNA,tetA,32.0
9018,2254.5,mRNA,Raspberry,2.0
9018,2254.5,mRNA,mKalama1,3.0
9019,2254.75,topo,topoI,0.25
9019,2254.75,topo,gyrase,0.25
9019,2254.75,RNAP,RNAP,1.0
9019,2254.75,mRNA,tetA,32.0
9019,2254.75,mRNA,Raspberry,2.0
9019,2254.75,mRNA,mKalama1,3.0
9020,2255.0,topo,topoI,0.25
9020,2255.0,topo,gyrase,0.25
9020,2255.0,RNAP,RNAP,1.0
9020,2255.0,mRNA,tetA,32.0
9020,2255.0,mRNA,Raspberry,2.0
9020,2255.0,mRNA,mKalama1,3.0
9021,2255.25,topo,topoI,0.25
9021,2255.25,topo,gyrase,0.25
9021,2255.25,RNAP,RNAP,1.0
9021,2255.25,mRNA,tetA,32.0
9021,2255.25,mRNA,Raspberry,2.0
9021,2255.25,mRNA,mKalama1,3.0
9022,2255.5,topo,topoI,0.25
9022,2255.5,topo,gyrase,0.25
9022,2255.5,RNAP,RNAP,1.0
9022,2255.5,mRNA,tetA,32.0
9022,2255.5,mRNA,Raspberry,2.0
9022,2255.5,mRNA,mKalama1,3.0
9023,2255.75,topo,topoI,0.25
9023,2255.75,topo,gyrase,0.25
9023,2255.75,RNAP,RNAP,1.0
9023,2255.75,mRNA,tetA,32.0
9023,2255.75,mRNA,Raspberry,2.0
9023,2255.75,mRNA,mKalama1,3.0
9024,2256.0,topo,topoI,0.25
9024,2256.0,topo,gyrase,0.25
9024,2256.0,RNAP,RNAP,1.0
9024,2256.0,mRNA,tetA,32.0
9024,2256.0,mRNA,Raspberry,2.0
9024,2256.0,mRNA,mKalama1,3.0
9025,2256.25,topo,topoI,0.25
9025,2256.25,topo,gyrase,0.25
9025,2256.25,RNAP,RNAP,1.0
9025,2256.25,mRNA,tetA,32.0
9025,2256.25,mRNA,Raspberry,2.0
9025,2256.25,mRNA,mKalama1,3.0
9026,2256.5,topo,topoI,0.25
9026,2256.5,topo,gyrase,0.25
9026,2256.5,RNAP,RNAP,1.0
9026,2256.5,mRNA,tetA,32.0
9026,2256.5,mRNA,Raspberry,2.0
9026,2256.5,mRNA,mKalama1,3.0
9027,2256.75,topo,topoI,0.25
9027,2256.75,topo,gyrase,0.25
9027,2256.75,RNAP,RNAP,1.0
9027,2256.75,mRNA,tetA,32.0
9027,2256.75,mRNA,Raspberry,2.0
9027,2256.75,mRNA,mKalama1,3.0
9028,2257.0,topo,topoI,0.25
9028,2257.0,topo,gyrase,0.25
9028,2257.0,RNAP,RNAP,1.0
9028,2257.0,mRNA,tetA,32.0
9028,2257.0,mRNA,Raspberry,2.0
9028,2257.0,mRNA,mKalama1,3.0
9029,2257.25,topo,topoI,0.25
9029,2257.25,topo,gyrase,0.25
9029,2257.25,RNAP,RNAP,1.0
9029,2257.25,mRNA,tetA,32.0
9029,2257.25,mRNA,Raspberry,2.0
9029,2257.25,mRNA,mKalama1,3.0
9030,2257.5,topo,topoI,0.25
9030,2257.5,topo,gyrase,0.25
9030,2257.5,RNAP,RNAP,1.0
9030,2257.5,mRNA,tetA,32.0
9030,2257.5,mRNA,Raspberry,2.0
9030,2257.5,mRNA,mKalama1,3.0
9031,2257.75,topo,topoI,0.25
9031,2257.75,topo,gyrase,0.25
9031,2257.75,RNAP,RNAP,1.0
9031,2257.75,mRNA,tetA,32.0
9031,2257.75,mRNA,Raspberry,2.0
9031,2257.75,mRNA,mKalama1,3.0
9032,2258.0,topo,topoI,0.25
9032,2258.0,topo,gyrase,0.25
9032,2258.0,RNAP,RNAP,1.0
9032,2258.0,mRNA,tetA,32.0
9032,2258.0,mRNA,Raspberry,2.0
9032,2258.0,mRNA,mKalama1,3.0
9033,2258.25,topo,topoI,0.25
9033,2258.25,topo,gyrase,0.25
9033,2258.25,RNAP,RNAP,1.0
9033,2258.25,mRNA,tetA,32.0
9033,2258.25,mRNA,Raspberry,2.0
9033,2258.25,mRNA,mKalama1,3.0
9034,2258.5,topo,topoI,0.25
9034,2258.5,topo,gyrase,0.25
9034,2258.5,RNAP,RNAP,1.0
9034,2258.5,mRNA,tetA,32.0
9034,2258.5,mRNA,Raspberry,2.0
9034,2258.5,mRNA,mKalama1,3.0
9035,2258.75,topo,topoI,0.25
9035,2258.75,topo,gyrase,0.25
9035,2258.75,RNAP,RNAP,1.0
9035,2258.75,mRNA,tetA,32.0
9035,2258.75,mRNA,Raspberry,2.0
9035,2258.75,mRNA,mKalama1,3.0
9036,2259.0,topo,topoI,0.25
9036,2259.0,topo,gyrase,0.25
9036,2259.0,RNAP,RNAP,1.0
9036,2259.0,mRNA,tetA,32.0
9036,2259.0,mRNA,Raspberry,2.0
9036,2259.0,mRNA,mKalama1,3.0
9037,2259.25,topo,topoI,0.25
9037,2259.25,topo,gyrase,0.25
9037,2259.25,RNAP,RNAP,1.0
9037,2259.25,mRNA,tetA,32.0
9037,2259.25,mRNA,Raspberry,2.0
9037,2259.25,mRNA,mKalama1,3.0
9038,2259.5,topo,topoI,0.25
9038,2259.5,topo,gyrase,0.25
9038,2259.5,RNAP,RNAP,1.0
9038,2259.5,mRNA,tetA,32.0
9038,2259.5,mRNA,Raspberry,2.0
9038,2259.5,mRNA,mKalama1,3.0
9039,2259.75,topo,topoI,0.25
9039,2259.75,topo,gyrase,0.25
9039,2259.75,RNAP,RNAP,1.0
9039,2259.75,mRNA,tetA,32.0
9039,2259.75,mRNA,Raspberry,2.0
9039,2259.75,mRNA,mKalama1,3.0
9040,2260.0,topo,topoI,0.25
9040,2260.0,topo,gyrase,0.25
9040,2260.0,RNAP,RNAP,1.0
9040,2260.0,mRNA,tetA,32.0
9040,2260.0,mRNA,Raspberry,2.0
9040,2260.0,mRNA,mKalama1,3.0
9041,2260.25,topo,topoI,0.25
9041,2260.25,topo,gyrase,0.25
9041,2260.25,RNAP,RNAP,1.0
9041,2260.25,mRNA,tetA,32.0
9041,2260.25,mRNA,Raspberry,2.0
9041,2260.25,mRNA,mKalama1,3.0
9042,2260.5,topo,topoI,0.25
9042,2260.5,topo,gyrase,0.25
9042,2260.5,RNAP,RNAP,1.0
9042,2260.5,mRNA,tetA,32.0
9042,2260.5,mRNA,Raspberry,2.0
9042,2260.5,mRNA,mKalama1,3.0
9043,2260.75,topo,topoI,0.25
9043,2260.75,topo,gyrase,0.25
9043,2260.75,RNAP,RNAP,1.0
9043,2260.75,mRNA,tetA,32.0
9043,2260.75,mRNA,Raspberry,2.0
9043,2260.75,mRNA,mKalama1,3.0
9044,2261.0,topo,topoI,0.25
9044,2261.0,topo,gyrase,0.25
9044,2261.0,RNAP,RNAP,1.0
9044,2261.0,mRNA,tetA,32.0
9044,2261.0,mRNA,Raspberry,2.0
9044,2261.0,mRNA,mKalama1,3.0
9045,2261.25,topo,topoI,0.25
9045,2261.25,topo,gyrase,0.25
9045,2261.25,RNAP,RNAP,1.0
9045,2261.25,mRNA,tetA,32.0
9045,2261.25,mRNA,Raspberry,2.0
9045,2261.25,mRNA,mKalama1,3.0
9046,2261.5,topo,topoI,0.25
9046,2261.5,topo,gyrase,0.25
9046,2261.5,RNAP,RNAP,1.0
9046,2261.5,mRNA,tetA,32.0
9046,2261.5,mRNA,Raspberry,2.0
9046,2261.5,mRNA,mKalama1,3.0
9047,2261.75,topo,topoI,0.25
9047,2261.75,topo,gyrase,0.25
9047,2261.75,RNAP,RNAP,1.0
9047,2261.75,mRNA,tetA,32.0
9047,2261.75,mRNA,Raspberry,2.0
9047,2261.75,mRNA,mKalama1,3.0
9048,2262.0,topo,topoI,0.25
9048,2262.0,topo,gyrase,0.25
9048,2262.0,RNAP,RNAP,1.0
9048,2262.0,mRNA,tetA,32.0
9048,2262.0,mRNA,Raspberry,2.0
9048,2262.0,mRNA,mKalama1,3.0
9049,2262.25,topo,topoI,0.25
9049,2262.25,topo,gyrase,0.25
9049,2262.25,RNAP,RNAP,1.0
9049,2262.25,mRNA,tetA,32.0
9049,2262.25,mRNA,Raspberry,2.0
9049,2262.25,mRNA,mKalama1,3.0
9050,2262.5,topo,topoI,0.25
9050,2262.5,topo,gyrase,0.25
9050,2262.5,RNAP,RNAP,1.0
9050,2262.5,mRNA,tetA,32.0
9050,2262.5,mRNA,Raspberry,2.0
9050,2262.5,mRNA,mKalama1,3.0
9051,2262.75,topo,topoI,0.25
9051,2262.75,topo,gyrase,0.25
9051,2262.75,RNAP,RNAP,1.0
9051,2262.75,mRNA,tetA,32.0
9051,2262.75,mRNA,Raspberry,2.0
9051,2262.75,mRNA,mKalama1,3.0
9052,2263.0,topo,topoI,0.25
9052,2263.0,topo,gyrase,0.25
9052,2263.0,RNAP,RNAP,1.0
9052,2263.0,mRNA,tetA,32.0
9052,2263.0,mRNA,Raspberry,2.0
9052,2263.0,mRNA,mKalama1,3.0
9053,2263.25,topo,topoI,0.25
9053,2263.25,topo,gyrase,0.25
9053,2263.25,RNAP,RNAP,1.0
9053,2263.25,mRNA,tetA,32.0
9053,2263.25,mRNA,Raspberry,2.0
9053,2263.25,mRNA,mKalama1,3.0
9054,2263.5,topo,topoI,0.25
9054,2263.5,topo,gyrase,0.25
9054,2263.5,RNAP,RNAP,1.0
9054,2263.5,mRNA,tetA,32.0
9054,2263.5,mRNA,Raspberry,2.0
9054,2263.5,mRNA,mKalama1,3.0
9055,2263.75,topo,topoI,0.25
9055,2263.75,topo,gyrase,0.25
9055,2263.75,RNAP,RNAP,1.0
9055,2263.75,mRNA,tetA,32.0
9055,2263.75,mRNA,Raspberry,2.0
9055,2263.75,mRNA,mKalama1,3.0
9056,2264.0,topo,topoI,0.25
9056,2264.0,topo,gyrase,0.25
9056,2264.0,RNAP,RNAP,1.0
9056,2264.0,mRNA,tetA,32.0
9056,2264.0,mRNA,Raspberry,2.0
9056,2264.0,mRNA,mKalama1,3.0
9057,2264.25,topo,topoI,0.25
9057,2264.25,topo,gyrase,0.25
9057,2264.25,RNAP,RNAP,1.0
9057,2264.25,mRNA,tetA,32.0
9057,2264.25,mRNA,Raspberry,2.0
9057,2264.25,mRNA,mKalama1,3.0
9058,2264.5,topo,topoI,0.25
9058,2264.5,topo,gyrase,0.25
9058,2264.5,RNAP,RNAP,1.0
9058,2264.5,mRNA,tetA,32.0
9058,2264.5,mRNA,Raspberry,2.0
9058,2264.5,mRNA,mKalama1,3.0
9059,2264.75,topo,topoI,0.25
9059,2264.75,topo,gyrase,0.25
9059,2264.75,RNAP,RNAP,1.0
9059,2264.75,mRNA,tetA,32.0
9059,2264.75,mRNA,Raspberry,2.0
9059,2264.75,mRNA,mKalama1,3.0
9060,2265.0,topo,topoI,0.25
9060,2265.0,topo,gyrase,0.25
9060,2265.0,RNAP,RNAP,1.0
9060,2265.0,mRNA,tetA,32.0
9060,2265.0,mRNA,Raspberry,2.0
9060,2265.0,mRNA,mKalama1,3.0
9061,2265.25,topo,topoI,0.25
9061,2265.25,topo,gyrase,0.25
9061,2265.25,RNAP,RNAP,1.0
9061,2265.25,mRNA,tetA,32.0
9061,2265.25,mRNA,Raspberry,2.0
9061,2265.25,mRNA,mKalama1,3.0
9062,2265.5,topo,topoI,0.25
9062,2265.5,topo,gyrase,0.25
9062,2265.5,RNAP,RNAP,1.0
9062,2265.5,mRNA,tetA,32.0
9062,2265.5,mRNA,Raspberry,2.0
9062,2265.5,mRNA,mKalama1,3.0
9063,2265.75,topo,topoI,0.25
9063,2265.75,topo,gyrase,0.25
9063,2265.75,RNAP,RNAP,1.0
9063,2265.75,mRNA,tetA,32.0
9063,2265.75,mRNA,Raspberry,2.0
9063,2265.75,mRNA,mKalama1,3.0
9064,2266.0,topo,topoI,0.25
9064,2266.0,topo,gyrase,0.25
9064,2266.0,RNAP,RNAP,1.0
9064,2266.0,mRNA,tetA,32.0
9064,2266.0,mRNA,Raspberry,2.0
9064,2266.0,mRNA,mKalama1,3.0
9065,2266.25,topo,topoI,0.25
9065,2266.25,topo,gyrase,0.25
9065,2266.25,RNAP,RNAP,1.0
9065,2266.25,mRNA,tetA,32.0
9065,2266.25,mRNA,Raspberry,2.0
9065,2266.25,mRNA,mKalama1,3.0
9066,2266.5,topo,topoI,0.25
9066,2266.5,topo,gyrase,0.25
9066,2266.5,RNAP,RNAP,1.0
9066,2266.5,mRNA,tetA,32.0
9066,2266.5,mRNA,Raspberry,2.0
9066,2266.5,mRNA,mKalama1,3.0
9067,2266.75,topo,topoI,0.25
9067,2266.75,topo,gyrase,0.25
9067,2266.75,RNAP,RNAP,1.0
9067,2266.75,mRNA,tetA,32.0
9067,2266.75,mRNA,Raspberry,2.0
9067,2266.75,mRNA,mKalama1,3.0
9068,2267.0,topo,topoI,0.25
9068,2267.0,topo,gyrase,0.25
9068,2267.0,RNAP,RNAP,1.0
9068,2267.0,mRNA,tetA,32.0
9068,2267.0,mRNA,Raspberry,2.0
9068,2267.0,mRNA,mKalama1,3.0
9069,2267.25,topo,topoI,0.25
9069,2267.25,topo,gyrase,0.25
9069,2267.25,RNAP,RNAP,1.0
9069,2267.25,mRNA,tetA,32.0
9069,2267.25,mRNA,Raspberry,2.0
9069,2267.25,mRNA,mKalama1,3.0
9070,2267.5,topo,topoI,0.25
9070,2267.5,topo,gyrase,0.25
9070,2267.5,RNAP,RNAP,1.0
9070,2267.5,mRNA,tetA,32.0
9070,2267.5,mRNA,Raspberry,2.0
9070,2267.5,mRNA,mKalama1,3.0
9071,2267.75,topo,topoI,0.25
9071,2267.75,topo,gyrase,0.25
9071,2267.75,RNAP,RNAP,1.0
9071,2267.75,mRNA,tetA,32.0
9071,2267.75,mRNA,Raspberry,2.0
9071,2267.75,mRNA,mKalama1,3.0
9072,2268.0,topo,topoI,0.25
9072,2268.0,topo,gyrase,0.25
9072,2268.0,RNAP,RNAP,1.0
9072,2268.0,mRNA,tetA,32.0
9072,2268.0,mRNA,Raspberry,2.0
9072,2268.0,mRNA,mKalama1,3.0
9073,2268.25,topo,topoI,0.25
9073,2268.25,topo,gyrase,0.25
9073,2268.25,RNAP,RNAP,1.0
9073,2268.25,mRNA,tetA,32.0
9073,2268.25,mRNA,Raspberry,2.0
9073,2268.25,mRNA,mKalama1,3.0
9074,2268.5,topo,topoI,0.25
9074,2268.5,topo,gyrase,0.25
9074,2268.5,RNAP,RNAP,1.0
9074,2268.5,mRNA,tetA,32.0
9074,2268.5,mRNA,Raspberry,2.0
9074,2268.5,mRNA,mKalama1,3.0
9075,2268.75,topo,topoI,0.25
9075,2268.75,topo,gyrase,0.25
9075,2268.75,RNAP,RNAP,1.0
9075,2268.75,mRNA,tetA,32.0
9075,2268.75,mRNA,Raspberry,2.0
9075,2268.75,mRNA,mKalama1,3.0
9076,2269.0,topo,topoI,0.25
9076,2269.0,topo,gyrase,0.25
9076,2269.0,RNAP,RNAP,1.0
9076,2269.0,mRNA,tetA,32.0
9076,2269.0,mRNA,Raspberry,2.0
9076,2269.0,mRNA,mKalama1,3.0
9077,2269.25,topo,topoI,0.25
9077,2269.25,topo,gyrase,0.25
9077,2269.25,RNAP,RNAP,1.0
9077,2269.25,mRNA,tetA,32.0
9077,2269.25,mRNA,Raspberry,2.0
9077,2269.25,mRNA,mKalama1,3.0
9078,2269.5,topo,topoI,0.25
9078,2269.5,topo,gyrase,0.25
9078,2269.5,RNAP,RNAP,1.0
9078,2269.5,mRNA,tetA,32.0
9078,2269.5,mRNA,Raspberry,2.0
9078,2269.5,mRNA,mKalama1,3.0
9079,2269.75,topo,topoI,0.25
9079,2269.75,topo,gyrase,0.25
9079,2269.75,RNAP,RNAP,1.0
9079,2269.75,mRNA,tetA,32.0
9079,2269.75,mRNA,Raspberry,2.0
9079,2269.75,mRNA,mKalama1,3.0
9080,2270.0,topo,topoI,0.25
9080,2270.0,topo,gyrase,0.25
9080,2270.0,RNAP,RNAP,1.0
9080,2270.0,mRNA,tetA,32.0
9080,2270.0,mRNA,Raspberry,2.0
9080,2270.0,mRNA,mKalama1,3.0
9081,2270.25,topo,topoI,0.25
9081,2270.25,topo,gyrase,0.25
9081,2270.25,RNAP,RNAP,1.0
9081,2270.25,mRNA,tetA,32.0
9081,2270.25,mRNA,Raspberry,2.0
9081,2270.25,mRNA,mKalama1,3.0
9082,2270.5,topo,topoI,0.25
9082,2270.5,topo,gyrase,0.25
9082,2270.5,RNAP,RNAP,1.0
9082,2270.5,mRNA,tetA,32.0
9082,2270.5,mRNA,Raspberry,2.0
9082,2270.5,mRNA,mKalama1,3.0
9083,2270.75,topo,topoI,0.25
9083,2270.75,topo,gyrase,0.25
9083,2270.75,RNAP,RNAP,1.0
9083,2270.75,mRNA,tetA,32.0
9083,2270.75,mRNA,Raspberry,2.0
9083,2270.75,mRNA,mKalama1,3.0
9084,2271.0,topo,topoI,0.25
9084,2271.0,topo,gyrase,0.25
9084,2271.0,RNAP,RNAP,1.0
9084,2271.0,mRNA,tetA,32.0
9084,2271.0,mRNA,Raspberry,2.0
9084,2271.0,mRNA,mKalama1,3.0
9085,2271.25,topo,topoI,0.25
9085,2271.25,topo,gyrase,0.25
9085,2271.25,RNAP,RNAP,1.0
9085,2271.25,mRNA,tetA,32.0
9085,2271.25,mRNA,Raspberry,2.0
9085,2271.25,mRNA,mKalama1,3.0
9086,2271.5,topo,topoI,0.25
9086,2271.5,topo,gyrase,0.25
9086,2271.5,RNAP,RNAP,1.0
9086,2271.5,mRNA,tetA,32.0
9086,2271.5,mRNA,Raspberry,2.0
9086,2271.5,mRNA,mKalama1,3.0
9087,2271.75,topo,topoI,0.25
9087,2271.75,topo,gyrase,0.25
9087,2271.75,RNAP,RNAP,1.0
9087,2271.75,mRNA,tetA,32.0
9087,2271.75,mRNA,Raspberry,2.0
9087,2271.75,mRNA,mKalama1,3.0
9088,2272.0,topo,topoI,0.25
9088,2272.0,topo,gyrase,0.25
9088,2272.0,RNAP,RNAP,1.0
9088,2272.0,mRNA,tetA,32.0
9088,2272.0,mRNA,Raspberry,2.0
9088,2272.0,mRNA,mKalama1,3.0
9089,2272.25,topo,topoI,0.25
9089,2272.25,topo,gyrase,0.25
9089,2272.25,RNAP,RNAP,1.0
9089,2272.25,mRNA,tetA,32.0
9089,2272.25,mRNA,Raspberry,2.0
9089,2272.25,mRNA,mKalama1,3.0
9090,2272.5,topo,topoI,0.25
9090,2272.5,topo,gyrase,0.25
9090,2272.5,RNAP,RNAP,1.0
9090,2272.5,mRNA,tetA,32.0
9090,2272.5,mRNA,Raspberry,2.0
9090,2272.5,mRNA,mKalama1,3.0
9091,2272.75,topo,topoI,0.25
9091,2272.75,topo,gyrase,0.25
9091,2272.75,RNAP,RNAP,1.0
9091,2272.75,mRNA,tetA,32.0
9091,2272.75,mRNA,Raspberry,2.0
9091,2272.75,mRNA,mKalama1,3.0
9092,2273.0,topo,topoI,0.25
9092,2273.0,topo,gyrase,0.25
9092,2273.0,RNAP,RNAP,1.0
9092,2273.0,mRNA,tetA,32.0
9092,2273.0,mRNA,Raspberry,2.0
9092,2273.0,mRNA,mKalama1,3.0
9093,2273.25,topo,topoI,0.25
9093,2273.25,topo,gyrase,0.25
9093,2273.25,RNAP,RNAP,1.0
9093,2273.25,mRNA,tetA,32.0
9093,2273.25,mRNA,Raspberry,2.0
9093,2273.25,mRNA,mKalama1,3.0
9094,2273.5,topo,topoI,0.25
9094,2273.5,topo,gyrase,0.25
9094,2273.5,RNAP,RNAP,1.0
9094,2273.5,mRNA,tetA,32.0
9094,2273.5,mRNA,Raspberry,2.0
9094,2273.5,mRNA,mKalama1,3.0
9095,2273.75,topo,topoI,0.25
9095,2273.75,topo,gyrase,0.25
9095,2273.75,RNAP,RNAP,1.0
9095,2273.75,mRNA,tetA,32.0
9095,2273.75,mRNA,Raspberry,2.0
9095,2273.75,mRNA,mKalama1,3.0
9096,2274.0,topo,topoI,0.25
9096,2274.0,topo,gyrase,0.25
9096,2274.0,RNAP,RNAP,1.0
9096,2274.0,mRNA,tetA,32.0
9096,2274.0,mRNA,Raspberry,2.0
9096,2274.0,mRNA,mKalama1,3.0
9097,2274.25,topo,topoI,0.25
9097,2274.25,topo,gyrase,0.25
9097,2274.25,RNAP,RNAP,1.0
9097,2274.25,mRNA,tetA,32.0
9097,2274.25,mRNA,Raspberry,2.0
9097,2274.25,mRNA,mKalama1,3.0
9098,2274.5,topo,topoI,0.25
9098,2274.5,topo,gyrase,0.25
9098,2274.5,RNAP,RNAP,1.0
9098,2274.5,mRNA,tetA,32.0
9098,2274.5,mRNA,Raspberry,2.0
9098,2274.5,mRNA,mKalama1,3.0
9099,2274.75,topo,topoI,0.25
9099,2274.75,topo,gyrase,0.25
9099,2274.75,RNAP,RNAP,1.0
9099,2274.75,mRNA,tetA,32.0
9099,2274.75,mRNA,Raspberry,2.0
9099,2274.75,mRNA,mKalama1,3.0
9100,2275.0,topo,topoI,0.25
9100,2275.0,topo,gyrase,0.25
9100,2275.0,RNAP,RNAP,1.0
9100,2275.0,mRNA,tetA,32.0
9100,2275.0,mRNA,Raspberry,2.0
9100,2275.0,mRNA,mKalama1,3.0
9101,2275.25,topo,topoI,0.25
9101,2275.25,topo,gyrase,0.25
9101,2275.25,RNAP,RNAP,1.0
9101,2275.25,mRNA,tetA,32.0
9101,2275.25,mRNA,Raspberry,2.0
9101,2275.25,mRNA,mKalama1,3.0
9102,2275.5,topo,topoI,0.25
9102,2275.5,topo,gyrase,0.25
9102,2275.5,RNAP,RNAP,1.0
9102,2275.5,mRNA,tetA,32.0
9102,2275.5,mRNA,Raspberry,2.0
9102,2275.5,mRNA,mKalama1,3.0
9103,2275.75,topo,topoI,0.25
9103,2275.75,topo,gyrase,0.25
9103,2275.75,RNAP,RNAP,1.0
9103,2275.75,mRNA,tetA,32.0
9103,2275.75,mRNA,Raspberry,2.0
9103,2275.75,mRNA,mKalama1,3.0
9104,2276.0,topo,topoI,0.25
9104,2276.0,topo,gyrase,0.25
9104,2276.0,RNAP,RNAP,1.0
9104,2276.0,mRNA,tetA,32.0
9104,2276.0,mRNA,Raspberry,2.0
9104,2276.0,mRNA,mKalama1,3.0
9105,2276.25,topo,topoI,0.25
9105,2276.25,topo,gyrase,0.25
9105,2276.25,RNAP,RNAP,1.0
9105,2276.25,mRNA,tetA,32.0
9105,2276.25,mRNA,Raspberry,2.0
9105,2276.25,mRNA,mKalama1,3.0
9106,2276.5,topo,topoI,0.25
9106,2276.5,topo,gyrase,0.25
9106,2276.5,RNAP,RNAP,1.0
9106,2276.5,mRNA,tetA,32.0
9106,2276.5,mRNA,Raspberry,2.0
9106,2276.5,mRNA,mKalama1,3.0
9107,2276.75,topo,topoI,0.25
9107,2276.75,topo,gyrase,0.25
9107,2276.75,RNAP,RNAP,1.0
9107,2276.75,mRNA,tetA,32.0
9107,2276.75,mRNA,Raspberry,2.0
9107,2276.75,mRNA,mKalama1,3.0
9108,2277.0,topo,topoI,0.25
9108,2277.0,topo,gyrase,0.25
9108,2277.0,RNAP,RNAP,1.0
9108,2277.0,mRNA,tetA,32.0
9108,2277.0,mRNA,Raspberry,2.0
9108,2277.0,mRNA,mKalama1,3.0
9109,2277.25,topo,topoI,0.25
9109,2277.25,topo,gyrase,0.25
9109,2277.25,RNAP,RNAP,1.0
9109,2277.25,mRNA,tetA,32.0
9109,2277.25,mRNA,Raspberry,2.0
9109,2277.25,mRNA,mKalama1,3.0
9110,2277.5,topo,topoI,0.25
9110,2277.5,topo,gyrase,0.25
9110,2277.5,RNAP,RNAP,1.0
9110,2277.5,mRNA,tetA,32.0
9110,2277.5,mRNA,Raspberry,2.0
9110,2277.5,mRNA,mKalama1,3.0
9111,2277.75,topo,topoI,0.25
9111,2277.75,topo,gyrase,0.25
9111,2277.75,RNAP,RNAP,1.0
9111,2277.75,mRNA,tetA,32.0
9111,2277.75,mRNA,Raspberry,2.0
9111,2277.75,mRNA,mKalama1,3.0
9112,2278.0,topo,topoI,0.25
9112,2278.0,topo,gyrase,0.25
9112,2278.0,RNAP,RNAP,1.0
9112,2278.0,mRNA,tetA,32.0
9112,2278.0,mRNA,Raspberry,2.0
9112,2278.0,mRNA,mKalama1,3.0
9113,2278.25,topo,topoI,0.25
9113,2278.25,topo,gyrase,0.25
9113,2278.25,RNAP,RNAP,1.0
9113,2278.25,mRNA,tetA,32.0
9113,2278.25,mRNA,Raspberry,2.0
9113,2278.25,mRNA,mKalama1,3.0
9114,2278.5,topo,topoI,0.25
9114,2278.5,topo,gyrase,0.25
9114,2278.5,RNAP,RNAP,1.0
9114,2278.5,mRNA,tetA,32.0
9114,2278.5,mRNA,Raspberry,2.0
9114,2278.5,mRNA,mKalama1,3.0
9115,2278.75,topo,topoI,0.25
9115,2278.75,topo,gyrase,0.25
9115,2278.75,RNAP,RNAP,1.0
9115,2278.75,mRNA,tetA,32.0
9115,2278.75,mRNA,Raspberry,2.0
9115,2278.75,mRNA,mKalama1,3.0
9116,2279.0,topo,topoI,0.25
9116,2279.0,topo,gyrase,0.25
9116,2279.0,RNAP,RNAP,1.0
9116,2279.0,mRNA,tetA,32.0
9116,2279.0,mRNA,Raspberry,2.0
9116,2279.0,mRNA,mKalama1,3.0
9117,2279.25,topo,topoI,0.25
9117,2279.25,topo,gyrase,0.25
9117,2279.25,RNAP,RNAP,1.0
9117,2279.25,mRNA,tetA,32.0
9117,2279.25,mRNA,Raspberry,2.0
9117,2279.25,mRNA,mKalama1,3.0
9118,2279.5,topo,topoI,0.25
9118,2279.5,topo,gyrase,0.25
9118,2279.5,RNAP,RNAP,1.0
9118,2279.5,mRNA,tetA,32.0
9118,2279.5,mRNA,Raspberry,2.0
9118,2279.5,mRNA,mKalama1,3.0
9119,2279.75,topo,topoI,0.25
9119,2279.75,topo,gyrase,0.25
9119,2279.75,RNAP,RNAP,1.0
9119,2279.75,mRNA,tetA,32.0
9119,2279.75,mRNA,Raspberry,2.0
9119,2279.75,mRNA,mKalama1,3.0
9120,2280.0,topo,topoI,0.25
9120,2280.0,topo,gyrase,0.25
9120,2280.0,RNAP,RNAP,1.0
9120,2280.0,mRNA,tetA,32.0
9120,2280.0,mRNA,Raspberry,2.0
9120,2280.0,mRNA,mKalama1,3.0
9121,2280.25,topo,topoI,0.25
9121,2280.25,topo,gyrase,0.25
9121,2280.25,RNAP,RNAP,1.0
9121,2280.25,mRNA,tetA,32.0
9121,2280.25,mRNA,Raspberry,2.0
9121,2280.25,mRNA,mKalama1,3.0
9122,2280.5,topo,topoI,0.25
9122,2280.5,topo,gyrase,0.25
9122,2280.5,RNAP,RNAP,1.0
9122,2280.5,mRNA,tetA,32.0
9122,2280.5,mRNA,Raspberry,2.0
9122,2280.5,mRNA,mKalama1,3.0
9123,2280.75,topo,topoI,0.25
9123,2280.75,topo,gyrase,0.25
9123,2280.75,RNAP,RNAP,1.0
9123,2280.75,mRNA,tetA,32.0
9123,2280.75,mRNA,Raspberry,2.0
9123,2280.75,mRNA,mKalama1,3.0
9124,2281.0,topo,topoI,0.25
9124,2281.0,topo,gyrase,0.25
9124,2281.0,RNAP,RNAP,1.0
9124,2281.0,mRNA,tetA,32.0
9124,2281.0,mRNA,Raspberry,2.0
9124,2281.0,mRNA,mKalama1,3.0
9125,2281.25,topo,topoI,0.25
9125,2281.25,topo,gyrase,0.25
9125,2281.25,RNAP,RNAP,1.0
9125,2281.25,mRNA,tetA,32.0
9125,2281.25,mRNA,Raspberry,2.0
9125,2281.25,mRNA,mKalama1,3.0
9126,2281.5,topo,topoI,0.25
9126,2281.5,topo,gyrase,0.25
9126,2281.5,RNAP,RNAP,1.0
9126,2281.5,mRNA,tetA,32.0
9126,2281.5,mRNA,Raspberry,2.0
9126,2281.5,mRNA,mKalama1,3.0
9127,2281.75,topo,topoI,0.25
9127,2281.75,topo,gyrase,0.25
9127,2281.75,RNAP,RNAP,1.0
9127,2281.75,mRNA,tetA,32.0
9127,2281.75,mRNA,Raspberry,2.0
9127,2281.75,mRNA,mKalama1,3.0
9128,2282.0,topo,topoI,0.25
9128,2282.0,topo,gyrase,0.25
9128,2282.0,RNAP,RNAP,1.0
9128,2282.0,mRNA,tetA,32.0
9128,2282.0,mRNA,Raspberry,2.0
9128,2282.0,mRNA,mKalama1,3.0
9129,2282.25,topo,topoI,0.25
9129,2282.25,topo,gyrase,0.25
9129,2282.25,RNAP,RNAP,1.0
9129,2282.25,mRNA,tetA,32.0
9129,2282.25,mRNA,Raspberry,2.0
9129,2282.25,mRNA,mKalama1,3.0
9130,2282.5,topo,topoI,0.25
9130,2282.5,topo,gyrase,0.25
9130,2282.5,RNAP,RNAP,1.0
9130,2282.5,mRNA,tetA,32.0
9130,2282.5,mRNA,Raspberry,2.0
9130,2282.5,mRNA,mKalama1,3.0
9131,2282.75,topo,topoI,0.25
9131,2282.75,topo,gyrase,0.25
9131,2282.75,RNAP,RNAP,1.0
9131,2282.75,mRNA,tetA,32.0
9131,2282.75,mRNA,Raspberry,2.0
9131,2282.75,mRNA,mKalama1,3.0
9132,2283.0,topo,topoI,0.25
9132,2283.0,topo,gyrase,0.25
9132,2283.0,RNAP,RNAP,1.0
9132,2283.0,mRNA,tetA,32.0
9132,2283.0,mRNA,Raspberry,2.0
9132,2283.0,mRNA,mKalama1,3.0
9133,2283.25,topo,topoI,0.25
9133,2283.25,topo,gyrase,0.25
9133,2283.25,RNAP,RNAP,1.0
9133,2283.25,mRNA,tetA,32.0
9133,2283.25,mRNA,Raspberry,2.0
9133,2283.25,mRNA,mKalama1,3.0
9134,2283.5,topo,topoI,0.25
9134,2283.5,topo,gyrase,0.25
9134,2283.5,RNAP,RNAP,1.0
9134,2283.5,mRNA,tetA,32.0
9134,2283.5,mRNA,Raspberry,2.0
9134,2283.5,mRNA,mKalama1,3.0
9135,2283.75,topo,topoI,0.25
9135,2283.75,topo,gyrase,0.25
9135,2283.75,RNAP,RNAP,1.0
9135,2283.75,mRNA,tetA,32.0
9135,2283.75,mRNA,Raspberry,2.0
9135,2283.75,mRNA,mKalama1,3.0
9136,2284.0,topo,topoI,0.25
9136,2284.0,topo,gyrase,0.25
9136,2284.0,RNAP,RNAP,1.0
9136,2284.0,mRNA,tetA,32.0
9136,2284.0,mRNA,Raspberry,2.0
9136,2284.0,mRNA,mKalama1,3.0
9137,2284.25,topo,topoI,0.25
9137,2284.25,topo,gyrase,0.25
9137,2284.25,RNAP,RNAP,1.0
9137,2284.25,mRNA,tetA,32.0
9137,2284.25,mRNA,Raspberry,2.0
9137,2284.25,mRNA,mKalama1,3.0
9138,2284.5,topo,topoI,0.25
9138,2284.5,topo,gyrase,0.25
9138,2284.5,RNAP,RNAP,1.0
9138,2284.5,mRNA,tetA,32.0
9138,2284.5,mRNA,Raspberry,2.0
9138,2284.5,mRNA,mKalama1,3.0
9139,2284.75,topo,topoI,0.25
9139,2284.75,topo,gyrase,0.25
9139,2284.75,RNAP,RNAP,1.0
9139,2284.75,mRNA,tetA,32.0
9139,2284.75,mRNA,Raspberry,2.0
9139,2284.75,mRNA,mKalama1,3.0
9140,2285.0,topo,topoI,0.25
9140,2285.0,topo,gyrase,0.25
9140,2285.0,RNAP,RNAP,1.0
9140,2285.0,mRNA,tetA,32.0
9140,2285.0,mRNA,Raspberry,2.0
9140,2285.0,mRNA,mKalama1,3.0
9141,2285.25,topo,topoI,0.25
9141,2285.25,topo,gyrase,0.25
9141,2285.25,RNAP,RNAP,1.0
9141,2285.25,mRNA,tetA,32.0
9141,2285.25,mRNA,Raspberry,2.0
9141,2285.25,mRNA,mKalama1,3.0
9142,2285.5,topo,topoI,0.25
9142,2285.5,topo,gyrase,0.25
9142,2285.5,RNAP,RNAP,1.0
9142,2285.5,mRNA,tetA,32.0
9142,2285.5,mRNA,Raspberry,2.0
9142,2285.5,mRNA,mKalama1,3.0
9143,2285.75,topo,topoI,0.25
9143,2285.75,topo,gyrase,0.25
9143,2285.75,RNAP,RNAP,1.0
9143,2285.75,mRNA,tetA,32.0
9143,2285.75,mRNA,Raspberry,2.0
9143,2285.75,mRNA,mKalama1,3.0
9144,2286.0,topo,topoI,0.25
9144,2286.0,topo,gyrase,0.25
9144,2286.0,RNAP,RNAP,1.0
9144,2286.0,mRNA,tetA,32.0
9144,2286.0,mRNA,Raspberry,2.0
9144,2286.0,mRNA,mKalama1,3.0
9145,2286.25,topo,topoI,0.25
9145,2286.25,topo,gyrase,0.25
9145,2286.25,RNAP,RNAP,1.0
9145,2286.25,mRNA,tetA,32.0
9145,2286.25,mRNA,Raspberry,2.0
9145,2286.25,mRNA,mKalama1,3.0
9146,2286.5,topo,topoI,0.25
9146,2286.5,topo,gyrase,0.25
9146,2286.5,RNAP,RNAP,1.0
9146,2286.5,mRNA,tetA,32.0
9146,2286.5,mRNA,Raspberry,2.0
9146,2286.5,mRNA,mKalama1,3.0
9147,2286.75,topo,topoI,0.25
9147,2286.75,topo,gyrase,0.25
9147,2286.75,RNAP,RNAP,1.0
9147,2286.75,mRNA,tetA,32.0
9147,2286.75,mRNA,Raspberry,2.0
9147,2286.75,mRNA,mKalama1,3.0
9148,2287.0,topo,topoI,0.25
9148,2287.0,topo,gyrase,0.25
9148,2287.0,RNAP,RNAP,1.0
9148,2287.0,mRNA,tetA,32.0
9148,2287.0,mRNA,Raspberry,2.0
9148,2287.0,mRNA,mKalama1,3.0
9149,2287.25,topo,topoI,0.25
9149,2287.25,topo,gyrase,0.25
9149,2287.25,RNAP,RNAP,1.0
9149,2287.25,mRNA,tetA,32.0
9149,2287.25,mRNA,Raspberry,2.0
9149,2287.25,mRNA,mKalama1,3.0
9150,2287.5,topo,topoI,0.25
9150,2287.5,topo,gyrase,0.25
9150,2287.5,RNAP,RNAP,1.0
9150,2287.5,mRNA,tetA,32.0
9150,2287.5,mRNA,Raspberry,2.0
9150,2287.5,mRNA,mKalama1,3.0
9151,2287.75,topo,topoI,0.25
9151,2287.75,topo,gyrase,0.25
9151,2287.75,RNAP,RNAP,1.0
9151,2287.75,mRNA,tetA,32.0
9151,2287.75,mRNA,Raspberry,2.0
9151,2287.75,mRNA,mKalama1,3.0
9152,2288.0,topo,topoI,0.25
9152,2288.0,topo,gyrase,0.25
9152,2288.0,RNAP,RNAP,1.0
9152,2288.0,mRNA,tetA,32.0
9152,2288.0,mRNA,Raspberry,2.0
9152,2288.0,mRNA,mKalama1,3.0
9153,2288.25,topo,topoI,0.25
9153,2288.25,topo,gyrase,0.25
9153,2288.25,RNAP,RNAP,1.0
9153,2288.25,mRNA,tetA,32.0
9153,2288.25,mRNA,Raspberry,2.0
9153,2288.25,mRNA,mKalama1,3.0
9154,2288.5,topo,topoI,0.25
9154,2288.5,topo,gyrase,0.25
9154,2288.5,RNAP,RNAP,1.0
9154,2288.5,mRNA,tetA,32.0
9154,2288.5,mRNA,Raspberry,2.0
9154,2288.5,mRNA,mKalama1,3.0
9155,2288.75,topo,topoI,0.25
9155,2288.75,topo,gyrase,0.25
9155,2288.75,RNAP,RNAP,1.0
9155,2288.75,mRNA,tetA,32.0
9155,2288.75,mRNA,Raspberry,2.0
9155,2288.75,mRNA,mKalama1,3.0
9156,2289.0,topo,topoI,0.25
9156,2289.0,topo,gyrase,0.25
9156,2289.0,RNAP,RNAP,1.0
9156,2289.0,mRNA,tetA,32.0
9156,2289.0,mRNA,Raspberry,2.0
9156,2289.0,mRNA,mKalama1,3.0
9157,2289.25,topo,topoI,0.25
9157,2289.25,topo,gyrase,0.25
9157,2289.25,RNAP,RNAP,1.0
9157,2289.25,mRNA,tetA,32.0
9157,2289.25,mRNA,Raspberry,2.0
9157,2289.25,mRNA,mKalama1,3.0
9158,2289.5,topo,topoI,0.25
9158,2289.5,topo,gyrase,0.25
9158,2289.5,RNAP,RNAP,1.0
9158,2289.5,mRNA,tetA,32.0
9158,2289.5,mRNA,Raspberry,2.0
9158,2289.5,mRNA,mKalama1,3.0
9159,2289.75,topo,topoI,0.25
9159,2289.75,topo,gyrase,0.25
9159,2289.75,RNAP,RNAP,1.0
9159,2289.75,mRNA,tetA,32.0
9159,2289.75,mRNA,Raspberry,2.0
9159,2289.75,mRNA,mKalama1,3.0
9160,2290.0,topo,topoI,0.25
9160,2290.0,topo,gyrase,0.25
9160,2290.0,RNAP,RNAP,1.0
9160,2290.0,mRNA,tetA,32.0
9160,2290.0,mRNA,Raspberry,2.0
9160,2290.0,mRNA,mKalama1,3.0
9161,2290.25,topo,topoI,0.25
9161,2290.25,topo,gyrase,0.25
9161,2290.25,RNAP,RNAP,1.0
9161,2290.25,mRNA,tetA,32.0
9161,2290.25,mRNA,Raspberry,2.0
9161,2290.25,mRNA,mKalama1,3.0
9162,2290.5,topo,topoI,0.25
9162,2290.5,topo,gyrase,0.25
9162,2290.5,RNAP,RNAP,1.0
9162,2290.5,mRNA,tetA,32.0
9162,2290.5,mRNA,Raspberry,2.0
9162,2290.5,mRNA,mKalama1,3.0
9163,2290.75,topo,topoI,0.25
9163,2290.75,topo,gyrase,0.25
9163,2290.75,RNAP,RNAP,1.0
9163,2290.75,mRNA,tetA,32.0
9163,2290.75,mRNA,Raspberry,2.0
9163,2290.75,mRNA,mKalama1,3.0
9164,2291.0,topo,topoI,0.25
9164,2291.0,topo,gyrase,0.25
9164,2291.0,RNAP,RNAP,1.0
9164,2291.0,mRNA,tetA,32.0
9164,2291.0,mRNA,Raspberry,2.0
9164,2291.0,mRNA,mKalama1,3.0
9165,2291.25,topo,topoI,0.25
9165,2291.25,topo,gyrase,0.25
9165,2291.25,RNAP,RNAP,1.0
9165,2291.25,mRNA,tetA,32.0
9165,2291.25,mRNA,Raspberry,2.0
9165,2291.25,mRNA,mKalama1,3.0
9166,2291.5,topo,topoI,0.25
9166,2291.5,topo,gyrase,0.25
9166,2291.5,RNAP,RNAP,1.0
9166,2291.5,mRNA,tetA,32.0
9166,2291.5,mRNA,Raspberry,2.0
9166,2291.5,mRNA,mKalama1,3.0
9167,2291.75,topo,topoI,0.25
9167,2291.75,topo,gyrase,0.25
9167,2291.75,RNAP,RNAP,1.0
9167,2291.75,mRNA,tetA,32.0
9167,2291.75,mRNA,Raspberry,2.0
9167,2291.75,mRNA,mKalama1,3.0
9168,2292.0,topo,topoI,0.25
9168,2292.0,topo,gyrase,0.25
9168,2292.0,RNAP,RNAP,1.0
9168,2292.0,mRNA,tetA,32.0
9168,2292.0,mRNA,Raspberry,2.0
9168,2292.0,mRNA,mKalama1,3.0
9169,2292.25,topo,topoI,0.25
9169,2292.25,topo,gyrase,0.25
9169,2292.25,RNAP,RNAP,1.0
9169,2292.25,mRNA,tetA,32.0
9169,2292.25,mRNA,Raspberry,2.0
9169,2292.25,mRNA,mKalama1,3.0
9170,2292.5,topo,topoI,0.25
9170,2292.5,topo,gyrase,0.25
9170,2292.5,RNAP,RNAP,1.0
9170,2292.5,mRNA,tetA,32.0
9170,2292.5,mRNA,Raspberry,2.0
9170,2292.5,mRNA,mKalama1,3.0
9171,2292.75,topo,topoI,0.25
9171,2292.75,topo,gyrase,0.25
9171,2292.75,RNAP,RNAP,1.0
9171,2292.75,mRNA,tetA,32.0
9171,2292.75,mRNA,Raspberry,2.0
9171,2292.75,mRNA,mKalama1,3.0
9172,2293.0,topo,topoI,0.25
9172,2293.0,topo,gyrase,0.25
9172,2293.0,RNAP,RNAP,1.0
9172,2293.0,mRNA,tetA,32.0
9172,2293.0,mRNA,Raspberry,2.0
9172,2293.0,mRNA,mKalama1,3.0
9173,2293.25,topo,topoI,0.25
9173,2293.25,topo,gyrase,0.25
9173,2293.25,RNAP,RNAP,1.0
9173,2293.25,mRNA,tetA,32.0
9173,2293.25,mRNA,Raspberry,2.0
9173,2293.25,mRNA,mKalama1,3.0
9174,2293.5,topo,topoI,0.25
9174,2293.5,topo,gyrase,0.25
9174,2293.5,RNAP,RNAP,1.0
9174,2293.5,mRNA,tetA,32.0
9174,2293.5,mRNA,Raspberry,2.0
9174,2293.5,mRNA,mKalama1,3.0
9175,2293.75,topo,topoI,0.25
9175,2293.75,topo,gyrase,0.25
9175,2293.75,RNAP,RNAP,1.0
9175,2293.75,mRNA,tetA,32.0
9175,2293.75,mRNA,Raspberry,2.0
9175,2293.75,mRNA,mKalama1,3.0
9176,2294.0,topo,topoI,0.25
9176,2294.0,topo,gyrase,0.25
9176,2294.0,RNAP,RNAP,1.0
9176,2294.0,mRNA,tetA,32.0
9176,2294.0,mRNA,Raspberry,2.0
9176,2294.0,mRNA,mKalama1,3.0
9177,2294.25,topo,topoI,0.25
9177,2294.25,topo,gyrase,0.25
9177,2294.25,RNAP,RNAP,1.0
9177,2294.25,mRNA,tetA,32.0
9177,2294.25,mRNA,Raspberry,2.0
9177,2294.25,mRNA,mKalama1,3.0
9178,2294.5,topo,topoI,0.25
9178,2294.5,topo,gyrase,0.25
9178,2294.5,RNAP,RNAP,1.0
9178,2294.5,mRNA,tetA,32.0
9178,2294.5,mRNA,Raspberry,2.0
9178,2294.5,mRNA,mKalama1,3.0
9179,2294.75,topo,topoI,0.25
9179,2294.75,topo,gyrase,0.25
9179,2294.75,RNAP,RNAP,1.0
9179,2294.75,mRNA,tetA,32.0
9179,2294.75,mRNA,Raspberry,2.0
9179,2294.75,mRNA,mKalama1,3.0
9180,2295.0,topo,topoI,0.25
9180,2295.0,topo,gyrase,0.25
9180,2295.0,RNAP,RNAP,1.0
9180,2295.0,mRNA,tetA,32.0
9180,2295.0,mRNA,Raspberry,2.0
9180,2295.0,mRNA,mKalama1,3.0
9181,2295.25,topo,topoI,0.25
9181,2295.25,topo,gyrase,0.25
9181,2295.25,RNAP,RNAP,1.0
9181,2295.25,mRNA,tetA,32.0
9181,2295.25,mRNA,Raspberry,2.0
9181,2295.25,mRNA,mKalama1,3.0
9182,2295.5,topo,topoI,0.25
9182,2295.5,topo,gyrase,0.25
9182,2295.5,RNAP,RNAP,1.0
9182,2295.5,mRNA,tetA,32.0
9182,2295.5,mRNA,Raspberry,2.0
9182,2295.5,mRNA,mKalama1,3.0
9183,2295.75,topo,topoI,0.25
9183,2295.75,topo,gyrase,0.25
9183,2295.75,RNAP,RNAP,1.0
9183,2295.75,mRNA,tetA,32.0
9183,2295.75,mRNA,Raspberry,2.0
9183,2295.75,mRNA,mKalama1,3.0
9184,2296.0,topo,topoI,0.25
9184,2296.0,topo,gyrase,0.25
9184,2296.0,RNAP,RNAP,1.0
9184,2296.0,mRNA,tetA,32.0
9184,2296.0,mRNA,Raspberry,2.0
9184,2296.0,mRNA,mKalama1,3.0
9185,2296.25,topo,topoI,0.25
9185,2296.25,topo,gyrase,0.25
9185,2296.25,RNAP,RNAP,1.0
9185,2296.25,mRNA,tetA,32.0
9185,2296.25,mRNA,Raspberry,2.0
9185,2296.25,mRNA,mKalama1,3.0
9186,2296.5,topo,topoI,0.25
9186,2296.5,topo,gyrase,0.25
9186,2296.5,RNAP,RNAP,1.0
9186,2296.5,mRNA,tetA,32.0
9186,2296.5,mRNA,Raspberry,2.0
9186,2296.5,mRNA,mKalama1,3.0
9187,2296.75,topo,topoI,0.25
9187,2296.75,topo,gyrase,0.25
9187,2296.75,RNAP,RNAP,1.0
9187,2296.75,mRNA,tetA,32.0
9187,2296.75,mRNA,Raspberry,2.0
9187,2296.75,mRNA,mKalama1,3.0
9188,2297.0,topo,topoI,0.25
9188,2297.0,topo,gyrase,0.25
9188,2297.0,RNAP,RNAP,1.0
9188,2297.0,mRNA,tetA,32.0
9188,2297.0,mRNA,Raspberry,2.0
9188,2297.0,mRNA,mKalama1,3.0
9189,2297.25,topo,topoI,0.25
9189,2297.25,topo,gyrase,0.25
9189,2297.25,RNAP,RNAP,1.0
9189,2297.25,mRNA,tetA,32.0
9189,2297.25,mRNA,Raspberry,2.0
9189,2297.25,mRNA,mKalama1,3.0
9190,2297.5,topo,topoI,0.25
9190,2297.5,topo,gyrase,0.25
9190,2297.5,RNAP,RNAP,1.0
9190,2297.5,mRNA,tetA,32.0
9190,2297.5,mRNA,Raspberry,2.0
9190,2297.5,mRNA,mKalama1,3.0
9191,2297.75,topo,topoI,0.25
9191,2297.75,topo,gyrase,0.25
9191,2297.75,RNAP,RNAP,1.0
9191,2297.75,mRNA,tetA,32.0
9191,2297.75,mRNA,Raspberry,2.0
9191,2297.75,mRNA,mKalama1,3.0
9192,2298.0,topo,topoI,0.25
9192,2298.0,topo,gyrase,0.25
9192,2298.0,RNAP,RNAP,1.0
9192,2298.0,mRNA,tetA,32.0
9192,2298.0,mRNA,Raspberry,2.0
9192,2298.0,mRNA,mKalama1,3.0
9193,2298.25,topo,topoI,0.25
9193,2298.25,topo,gyrase,0.25
9193,2298.25,RNAP,RNAP,1.0
9193,2298.25,mRNA,tetA,32.0
9193,2298.25,mRNA,Raspberry,2.0
9193,2298.25,mRNA,mKalama1,3.0
9194,2298.5,topo,topoI,0.25
9194,2298.5,topo,gyrase,0.25
9194,2298.5,RNAP,RNAP,1.0
9194,2298.5,mRNA,tetA,32.0
9194,2298.5,mRNA,Raspberry,2.0
9194,2298.5,mRNA,mKalama1,3.0
9195,2298.75,topo,topoI,0.25
9195,2298.75,topo,gyrase,0.25
9195,2298.75,RNAP,RNAP,1.0
9195,2298.75,mRNA,tetA,33.0
9195,2298.75,mRNA,Raspberry,2.0
9195,2298.75,mRNA,mKalama1,3.0
9196,2299.0,topo,topoI,0.25
9196,2299.0,topo,gyrase,0.25
9196,2299.0,RNAP,RNAP,1.0
9196,2299.0,mRNA,tetA,33.0
9196,2299.0,mRNA,Raspberry,2.0
9196,2299.0,mRNA,mKalama1,3.0
9197,2299.25,topo,topoI,0.25
9197,2299.25,topo,gyrase,0.25
9197,2299.25,RNAP,RNAP,1.0
9197,2299.25,mRNA,tetA,33.0
9197,2299.25,mRNA,Raspberry,2.0
9197,2299.25,mRNA,mKalama1,3.0
9198,2299.5,topo,topoI,0.25
9198,2299.5,topo,gyrase,0.25
9198,2299.5,RNAP,RNAP,1.0
9198,2299.5,mRNA,tetA,33.0
9198,2299.5,mRNA,Raspberry,2.0
9198,2299.5,mRNA,mKalama1,3.0
9199,2299.75,topo,topoI,0.25
9199,2299.75,topo,gyrase,0.25
9199,2299.75,RNAP,RNAP,1.0
9199,2299.75,mRNA,tetA,33.0
9199,2299.75,mRNA,Raspberry,2.0
9199,2299.75,mRNA,mKalama1,3.0
9200,2300.0,topo,topoI,0.25
9200,2300.0,topo,gyrase,0.25
9200,2300.0,RNAP,RNAP,1.0
9200,2300.0,mRNA,tetA,33.0
9200,2300.0,mRNA,Raspberry,2.0
9200,2300.0,mRNA,mKalama1,3.0
9201,2300.25,topo,topoI,0.25
9201,2300.25,topo,gyrase,0.25
9201,2300.25,RNAP,RNAP,1.0
9201,2300.25,mRNA,tetA,33.0
9201,2300.25,mRNA,Raspberry,2.0
9201,2300.25,mRNA,mKalama1,3.0
9202,2300.5,topo,topoI,0.25
9202,2300.5,topo,gyrase,0.25
9202,2300.5,RNAP,RNAP,1.0
9202,2300.5,mRNA,tetA,33.0
9202,2300.5,mRNA,Raspberry,2.0
9202,2300.5,mRNA,mKalama1,3.0
9203,2300.75,topo,topoI,0.25
9203,2300.75,topo,gyrase,0.25
9203,2300.75,RNAP,RNAP,1.0
9203,2300.75,mRNA,tetA,33.0
9203,2300.75,mRNA,Raspberry,2.0
9203,2300.75,mRNA,mKalama1,3.0
9204,2301.0,topo,topoI,0.25
9204,2301.0,topo,gyrase,0.25
9204,2301.0,RNAP,RNAP,1.0
9204,2301.0,mRNA,tetA,33.0
9204,2301.0,mRNA,Raspberry,2.0
9204,2301.0,mRNA,mKalama1,3.0
9205,2301.25,topo,topoI,0.25
9205,2301.25,topo,gyrase,0.25
9205,2301.25,RNAP,RNAP,1.0
9205,2301.25,mRNA,tetA,33.0
9205,2301.25,mRNA,Raspberry,2.0
9205,2301.25,mRNA,mKalama1,3.0
9206,2301.5,topo,topoI,0.25
9206,2301.5,topo,gyrase,0.25
9206,2301.5,RNAP,RNAP,1.0
9206,2301.5,mRNA,tetA,33.0
9206,2301.5,mRNA,Raspberry,2.0
9206,2301.5,mRNA,mKalama1,3.0
9207,2301.75,topo,topoI,0.25
9207,2301.75,topo,gyrase,0.25
9207,2301.75,RNAP,RNAP,1.0
9207,2301.75,mRNA,tetA,33.0
9207,2301.75,mRNA,Raspberry,2.0
9207,2301.75,mRNA,mKalama1,3.0
9208,2302.0,topo,topoI,0.25
9208,2302.0,topo,gyrase,0.25
9208,2302.0,RNAP,RNAP,1.0
9208,2302.0,mRNA,tetA,33.0
9208,2302.0,mRNA,Raspberry,2.0
9208,2302.0,mRNA,mKalama1,3.0
9209,2302.25,topo,topoI,0.25
9209,2302.25,topo,gyrase,0.25
9209,2302.25,RNAP,RNAP,1.0
9209,2302.25,mRNA,tetA,33.0
9209,2302.25,mRNA,Raspberry,2.0
9209,2302.25,mRNA,mKalama1,3.0
9210,2302.5,topo,topoI,0.25
9210,2302.5,topo,gyrase,0.25
9210,2302.5,RNAP,RNAP,1.0
9210,2302.5,mRNA,tetA,33.0
9210,2302.5,mRNA,Raspberry,2.0
9210,2302.5,mRNA,mKalama1,3.0
9211,2302.75,topo,topoI,0.25
9211,2302.75,topo,gyrase,0.25
9211,2302.75,RNAP,RNAP,1.0
9211,2302.75,mRNA,tetA,33.0
9211,2302.75,mRNA,Raspberry,2.0
9211,2302.75,mRNA,mKalama1,3.0
9212,2303.0,topo,topoI,0.25
9212,2303.0,topo,gyrase,0.25
9212,2303.0,RNAP,RNAP,1.0
9212,2303.0,mRNA,tetA,33.0
9212,2303.0,mRNA,Raspberry,2.0
9212,2303.0,mRNA,mKalama1,3.0
9213,2303.25,topo,topoI,0.25
9213,2303.25,topo,gyrase,0.25
9213,2303.25,RNAP,RNAP,1.0
9213,2303.25,mRNA,tetA,33.0
9213,2303.25,mRNA,Raspberry,2.0
9213,2303.25,mRNA,mKalama1,3.0
9214,2303.5,topo,topoI,0.25
9214,2303.5,topo,gyrase,0.25
9214,2303.5,RNAP,RNAP,1.0
9214,2303.5,mRNA,tetA,33.0
9214,2303.5,mRNA,Raspberry,2.0
9214,2303.5,mRNA,mKalama1,3.0
9215,2303.75,topo,topoI,0.25
9215,2303.75,topo,gyrase,0.25
9215,2303.75,RNAP,RNAP,1.0
9215,2303.75,mRNA,tetA,33.0
9215,2303.75,mRNA,Raspberry,2.0
9215,2303.75,mRNA,mKalama1,3.0
9216,2304.0,topo,topoI,0.25
9216,2304.0,topo,gyrase,0.25
9216,2304.0,RNAP,RNAP,1.0
9216,2304.0,mRNA,tetA,33.0
9216,2304.0,mRNA,Raspberry,2.0
9216,2304.0,mRNA,mKalama1,3.0
9217,2304.25,topo,topoI,0.25
9217,2304.25,topo,gyrase,0.25
9217,2304.25,RNAP,RNAP,1.0
9217,2304.25,mRNA,tetA,33.0
9217,2304.25,mRNA,Raspberry,2.0
9217,2304.25,mRNA,mKalama1,3.0
9218,2304.5,topo,topoI,0.25
9218,2304.5,topo,gyrase,0.25
9218,2304.5,RNAP,RNAP,1.0
9218,2304.5,mRNA,tetA,33.0
9218,2304.5,mRNA,Raspberry,2.0
9218,2304.5,mRNA,mKalama1,3.0
9219,2304.75,topo,topoI,0.25
9219,2304.75,topo,gyrase,0.25
9219,2304.75,RNAP,RNAP,1.0
9219,2304.75,mRNA,tetA,33.0
9219,2304.75,mRNA,Raspberry,2.0
9219,2304.75,mRNA,mKalama1,3.0
9220,2305.0,topo,topoI,0.25
9220,2305.0,topo,gyrase,0.25
9220,2305.0,RNAP,RNAP,1.0
9220,2305.0,mRNA,tetA,33.0
9220,2305.0,mRNA,Raspberry,2.0
9220,2305.0,mRNA,mKalama1,3.0
9221,2305.25,topo,topoI,0.25
9221,2305.25,topo,gyrase,0.25
9221,2305.25,RNAP,RNAP,1.0
9221,2305.25,mRNA,tetA,33.0
9221,2305.25,mRNA,Raspberry,2.0
9221,2305.25,mRNA,mKalama1,3.0
9222,2305.5,topo,topoI,0.25
9222,2305.5,topo,gyrase,0.25
9222,2305.5,RNAP,RNAP,1.0
9222,2305.5,mRNA,tetA,33.0
9222,2305.5,mRNA,Raspberry,2.0
9222,2305.5,mRNA,mKalama1,3.0
9223,2305.75,topo,topoI,0.25
9223,2305.75,topo,gyrase,0.25
9223,2305.75,RNAP,RNAP,1.0
9223,2305.75,mRNA,tetA,33.0
9223,2305.75,mRNA,Raspberry,2.0
9223,2305.75,mRNA,mKalama1,3.0
9224,2306.0,topo,topoI,0.25
9224,2306.0,topo,gyrase,0.25
9224,2306.0,RNAP,RNAP,1.0
9224,2306.0,mRNA,tetA,33.0
9224,2306.0,mRNA,Raspberry,2.0
9224,2306.0,mRNA,mKalama1,3.0
9225,2306.25,topo,topoI,0.25
9225,2306.25,topo,gyrase,0.25
9225,2306.25,RNAP,RNAP,1.0
9225,2306.25,mRNA,tetA,33.0
9225,2306.25,mRNA,Raspberry,2.0
9225,2306.25,mRNA,mKalama1,3.0
9226,2306.5,topo,topoI,0.25
9226,2306.5,topo,gyrase,0.25
9226,2306.5,RNAP,RNAP,1.0
9226,2306.5,mRNA,tetA,33.0
9226,2306.5,mRNA,Raspberry,2.0
9226,2306.5,mRNA,mKalama1,3.0
9227,2306.75,topo,topoI,0.25
9227,2306.75,topo,gyrase,0.25
9227,2306.75,RNAP,RNAP,1.0
9227,2306.75,mRNA,tetA,33.0
9227,2306.75,mRNA,Raspberry,2.0
9227,2306.75,mRNA,mKalama1,3.0
9228,2307.0,topo,topoI,0.25
9228,2307.0,topo,gyrase,0.25
9228,2307.0,RNAP,RNAP,1.0
9228,2307.0,mRNA,tetA,33.0
9228,2307.0,mRNA,Raspberry,2.0
9228,2307.0,mRNA,mKalama1,3.0
9229,2307.25,topo,topoI,0.25
9229,2307.25,topo,gyrase,0.25
9229,2307.25,RNAP,RNAP,1.0
9229,2307.25,mRNA,tetA,33.0
9229,2307.25,mRNA,Raspberry,2.0
9229,2307.25,mRNA,mKalama1,3.0
9230,2307.5,topo,topoI,0.25
9230,2307.5,topo,gyrase,0.25
9230,2307.5,RNAP,RNAP,1.0
9230,2307.5,mRNA,tetA,33.0
9230,2307.5,mRNA,Raspberry,2.0
9230,2307.5,mRNA,mKalama1,3.0
9231,2307.75,topo,topoI,0.25
9231,2307.75,topo,gyrase,0.25
9231,2307.75,RNAP,RNAP,1.0
9231,2307.75,mRNA,tetA,33.0
9231,2307.75,mRNA,Raspberry,2.0
9231,2307.75,mRNA,mKalama1,3.0
9232,2308.0,topo,topoI,0.25
9232,2308.0,topo,gyrase,0.25
9232,2308.0,RNAP,RNAP,1.0
9232,2308.0,mRNA,tetA,33.0
9232,2308.0,mRNA,Raspberry,2.0
9232,2308.0,mRNA,mKalama1,3.0
9233,2308.25,topo,topoI,0.25
9233,2308.25,topo,gyrase,0.25
9233,2308.25,RNAP,RNAP,1.0
9233,2308.25,mRNA,tetA,33.0
9233,2308.25,mRNA,Raspberry,2.0
9233,2308.25,mRNA,mKalama1,3.0
9234,2308.5,topo,topoI,0.25
9234,2308.5,topo,gyrase,0.25
9234,2308.5,RNAP,RNAP,1.0
9234,2308.5,mRNA,tetA,33.0
9234,2308.5,mRNA,Raspberry,2.0
9234,2308.5,mRNA,mKalama1,3.0
9235,2308.75,topo,topoI,0.25
9235,2308.75,topo,gyrase,0.25
9235,2308.75,RNAP,RNAP,1.0
9235,2308.75,mRNA,tetA,33.0
9235,2308.75,mRNA,Raspberry,2.0
9235,2308.75,mRNA,mKalama1,3.0
9236,2309.0,topo,topoI,0.25
9236,2309.0,topo,gyrase,0.25
9236,2309.0,RNAP,RNAP,1.0
9236,2309.0,mRNA,tetA,33.0
9236,2309.0,mRNA,Raspberry,2.0
9236,2309.0,mRNA,mKalama1,3.0
9237,2309.25,topo,topoI,0.25
9237,2309.25,topo,gyrase,0.25
9237,2309.25,RNAP,RNAP,1.0
9237,2309.25,mRNA,tetA,33.0
9237,2309.25,mRNA,Raspberry,2.0
9237,2309.25,mRNA,mKalama1,3.0
9238,2309.5,topo,topoI,0.25
9238,2309.5,topo,gyrase,0.25
9238,2309.5,RNAP,RNAP,1.0
9238,2309.5,mRNA,tetA,33.0
9238,2309.5,mRNA,Raspberry,2.0
9238,2309.5,mRNA,mKalama1,3.0
9239,2309.75,topo,topoI,0.25
9239,2309.75,topo,gyrase,0.25
9239,2309.75,RNAP,RNAP,1.0
9239,2309.75,mRNA,tetA,33.0
9239,2309.75,mRNA,Raspberry,2.0
9239,2309.75,mRNA,mKalama1,3.0
9240,2310.0,topo,topoI,0.25
9240,2310.0,topo,gyrase,0.25
9240,2310.0,RNAP,RNAP,1.0
9240,2310.0,mRNA,tetA,33.0
9240,2310.0,mRNA,Raspberry,2.0
9240,2310.0,mRNA,mKalama1,3.0
9241,2310.25,topo,topoI,0.25
9241,2310.25,topo,gyrase,0.25
9241,2310.25,RNAP,RNAP,1.0
9241,2310.25,mRNA,tetA,33.0
9241,2310.25,mRNA,Raspberry,2.0
9241,2310.25,mRNA,mKalama1,3.0
9242,2310.5,topo,topoI,0.25
9242,2310.5,topo,gyrase,0.25
9242,2310.5,RNAP,RNAP,1.0
9242,2310.5,mRNA,tetA,33.0
9242,2310.5,mRNA,Raspberry,2.0
9242,2310.5,mRNA,mKalama1,3.0
9243,2310.75,topo,topoI,0.25
9243,2310.75,topo,gyrase,0.25
9243,2310.75,RNAP,RNAP,1.0
9243,2310.75,mRNA,tetA,33.0
9243,2310.75,mRNA,Raspberry,2.0
9243,2310.75,mRNA,mKalama1,3.0
9244,2311.0,topo,topoI,0.25
9244,2311.0,topo,gyrase,0.25
9244,2311.0,RNAP,RNAP,1.0
9244,2311.0,mRNA,tetA,33.0
9244,2311.0,mRNA,Raspberry,2.0
9244,2311.0,mRNA,mKalama1,3.0
9245,2311.25,topo,topoI,0.25
9245,2311.25,topo,gyrase,0.25
9245,2311.25,RNAP,RNAP,1.0
9245,2311.25,mRNA,tetA,33.0
9245,2311.25,mRNA,Raspberry,2.0
9245,2311.25,mRNA,mKalama1,3.0
9246,2311.5,topo,topoI,0.25
9246,2311.5,topo,gyrase,0.25
9246,2311.5,RNAP,RNAP,1.0
9246,2311.5,mRNA,tetA,33.0
9246,2311.5,mRNA,Raspberry,2.0
9246,2311.5,mRNA,mKalama1,3.0
9247,2311.75,topo,topoI,0.25
9247,2311.75,topo,gyrase,0.25
9247,2311.75,RNAP,RNAP,1.0
9247,2311.75,mRNA,tetA,33.0
9247,2311.75,mRNA,Raspberry,2.0
9247,2311.75,mRNA,mKalama1,3.0
9248,2312.0,topo,topoI,0.25
9248,2312.0,topo,gyrase,0.25
9248,2312.0,RNAP,RNAP,1.0
9248,2312.0,mRNA,tetA,33.0
9248,2312.0,mRNA,Raspberry,2.0
9248,2312.0,mRNA,mKalama1,3.0
9249,2312.25,topo,topoI,0.25
9249,2312.25,topo,gyrase,0.25
9249,2312.25,RNAP,RNAP,1.0
9249,2312.25,mRNA,tetA,33.0
9249,2312.25,mRNA,Raspberry,2.0
9249,2312.25,mRNA,mKalama1,3.0
9250,2312.5,topo,topoI,0.25
9250,2312.5,topo,gyrase,0.25
9250,2312.5,RNAP,RNAP,1.0
9250,2312.5,mRNA,tetA,33.0
9250,2312.5,mRNA,Raspberry,2.0
9250,2312.5,mRNA,mKalama1,3.0
9251,2312.75,topo,topoI,0.25
9251,2312.75,topo,gyrase,0.25
9251,2312.75,RNAP,RNAP,1.0
9251,2312.75,mRNA,tetA,33.0
9251,2312.75,mRNA,Raspberry,2.0
9251,2312.75,mRNA,mKalama1,3.0
9252,2313.0,topo,topoI,0.25
9252,2313.0,topo,gyrase,0.25
9252,2313.0,RNAP,RNAP,1.0
9252,2313.0,mRNA,tetA,33.0
9252,2313.0,mRNA,Raspberry,2.0
9252,2313.0,mRNA,mKalama1,3.0
9253,2313.25,topo,topoI,0.25
9253,2313.25,topo,gyrase,0.25
9253,2313.25,RNAP,RNAP,1.0
9253,2313.25,mRNA,tetA,33.0
9253,2313.25,mRNA,Raspberry,2.0
9253,2313.25,mRNA,mKalama1,3.0
9254,2313.5,topo,topoI,0.25
9254,2313.5,topo,gyrase,0.25
9254,2313.5,RNAP,RNAP,1.0
9254,2313.5,mRNA,tetA,33.0
9254,2313.5,mRNA,Raspberry,2.0
9254,2313.5,mRNA,mKalama1,3.0
9255,2313.75,topo,topoI,0.25
9255,2313.75,topo,gyrase,0.25
9255,2313.75,RNAP,RNAP,1.0
9255,2313.75,mRNA,tetA,33.0
9255,2313.75,mRNA,Raspberry,2.0
9255,2313.75,mRNA,mKalama1,3.0
9256,2314.0,topo,topoI,0.25
9256,2314.0,topo,gyrase,0.25
9256,2314.0,RNAP,RNAP,1.0
9256,2314.0,mRNA,tetA,33.0
9256,2314.0,mRNA,Raspberry,2.0
9256,2314.0,mRNA,mKalama1,3.0
9257,2314.25,topo,topoI,0.25
9257,2314.25,topo,gyrase,0.25
9257,2314.25,RNAP,RNAP,1.0
9257,2314.25,mRNA,tetA,33.0
9257,2314.25,mRNA,Raspberry,2.0
9257,2314.25,mRNA,mKalama1,3.0
9258,2314.5,topo,topoI,0.25
9258,2314.5,topo,gyrase,0.25
9258,2314.5,RNAP,RNAP,1.0
9258,2314.5,mRNA,tetA,33.0
9258,2314.5,mRNA,Raspberry,2.0
9258,2314.5,mRNA,mKalama1,3.0
9259,2314.75,topo,topoI,0.25
9259,2314.75,topo,gyrase,0.25
9259,2314.75,RNAP,RNAP,1.0
9259,2314.75,mRNA,tetA,33.0
9259,2314.75,mRNA,Raspberry,2.0
9259,2314.75,mRNA,mKalama1,3.0
9260,2315.0,topo,topoI,0.25
9260,2315.0,topo,gyrase,0.25
9260,2315.0,RNAP,RNAP,1.0
9260,2315.0,mRNA,tetA,33.0
9260,2315.0,mRNA,Raspberry,2.0
9260,2315.0,mRNA,mKalama1,3.0
9261,2315.25,topo,topoI,0.25
9261,2315.25,topo,gyrase,0.25
9261,2315.25,RNAP,RNAP,1.0
9261,2315.25,mRNA,tetA,33.0
9261,2315.25,mRNA,Raspberry,2.0
9261,2315.25,mRNA,mKalama1,3.0
9262,2315.5,topo,topoI,0.25
9262,2315.5,topo,gyrase,0.25
9262,2315.5,RNAP,RNAP,1.0
9262,2315.5,mRNA,tetA,33.0
9262,2315.5,mRNA,Raspberry,2.0
9262,2315.5,mRNA,mKalama1,3.0
9263,2315.75,topo,topoI,0.25
9263,2315.75,topo,gyrase,0.25
9263,2315.75,RNAP,RNAP,1.0
9263,2315.75,mRNA,tetA,33.0
9263,2315.75,mRNA,Raspberry,2.0
9263,2315.75,mRNA,mKalama1,3.0
9264,2316.0,topo,topoI,0.25
9264,2316.0,topo,gyrase,0.25
9264,2316.0,RNAP,RNAP,1.0
9264,2316.0,mRNA,tetA,33.0
9264,2316.0,mRNA,Raspberry,2.0
9264,2316.0,mRNA,mKalama1,3.0
9265,2316.25,topo,topoI,0.25
9265,2316.25,topo,gyrase,0.25
9265,2316.25,RNAP,RNAP,1.0
9265,2316.25,mRNA,tetA,33.0
9265,2316.25,mRNA,Raspberry,2.0
9265,2316.25,mRNA,mKalama1,3.0
9266,2316.5,topo,topoI,0.25
9266,2316.5,topo,gyrase,0.25
9266,2316.5,RNAP,RNAP,1.0
9266,2316.5,mRNA,tetA,33.0
9266,2316.5,mRNA,Raspberry,2.0
9266,2316.5,mRNA,mKalama1,3.0
9267,2316.75,topo,topoI,0.25
9267,2316.75,topo,gyrase,0.25
9267,2316.75,RNAP,RNAP,1.0
9267,2316.75,mRNA,tetA,33.0
9267,2316.75,mRNA,Raspberry,2.0
9267,2316.75,mRNA,mKalama1,3.0
9268,2317.0,topo,topoI,0.25
9268,2317.0,topo,gyrase,0.25
9268,2317.0,RNAP,RNAP,1.0
9268,2317.0,mRNA,tetA,33.0
9268,2317.0,mRNA,Raspberry,2.0
9268,2317.0,mRNA,mKalama1,3.0
9269,2317.25,topo,topoI,0.25
9269,2317.25,topo,gyrase,0.25
9269,2317.25,RNAP,RNAP,1.0
9269,2317.25,mRNA,tetA,33.0
9269,2317.25,mRNA,Raspberry,2.0
9269,2317.25,mRNA,mKalama1,3.0
9270,2317.5,topo,topoI,0.25
9270,2317.5,topo,gyrase,0.25
9270,2317.5,RNAP,RNAP,1.0
9270,2317.5,mRNA,tetA,33.0
9270,2317.5,mRNA,Raspberry,2.0
9270,2317.5,mRNA,mKalama1,3.0
9271,2317.75,topo,topoI,0.25
9271,2317.75,topo,gyrase,0.25
9271,2317.75,RNAP,RNAP,1.0
9271,2317.75,mRNA,tetA,33.0
9271,2317.75,mRNA,Raspberry,2.0
9271,2317.75,mRNA,mKalama1,3.0
9272,2318.0,topo,topoI,0.25
9272,2318.0,topo,gyrase,0.25
9272,2318.0,RNAP,RNAP,1.0
9272,2318.0,mRNA,tetA,33.0
9272,2318.0,mRNA,Raspberry,2.0
9272,2318.0,mRNA,mKalama1,3.0
9273,2318.25,topo,topoI,0.25
9273,2318.25,topo,gyrase,0.25
9273,2318.25,RNAP,RNAP,1.0
9273,2318.25,mRNA,tetA,33.0
9273,2318.25,mRNA,Raspberry,2.0
9273,2318.25,mRNA,mKalama1,3.0
9274,2318.5,topo,topoI,0.25
9274,2318.5,topo,gyrase,0.25
9274,2318.5,RNAP,RNAP,1.0
9274,2318.5,mRNA,tetA,33.0
9274,2318.5,mRNA,Raspberry,2.0
9274,2318.5,mRNA,mKalama1,3.0
9275,2318.75,topo,topoI,0.25
9275,2318.75,topo,gyrase,0.25
9275,2318.75,RNAP,RNAP,1.0
9275,2318.75,mRNA,tetA,33.0
9275,2318.75,mRNA,Raspberry,2.0
9275,2318.75,mRNA,mKalama1,3.0
9276,2319.0,topo,topoI,0.25
9276,2319.0,topo,gyrase,0.25
9276,2319.0,RNAP,RNAP,1.0
9276,2319.0,mRNA,tetA,33.0
9276,2319.0,mRNA,Raspberry,2.0
9276,2319.0,mRNA,mKalama1,3.0
9277,2319.25,topo,topoI,0.25
9277,2319.25,topo,gyrase,0.25
9277,2319.25,RNAP,RNAP,1.0
9277,2319.25,mRNA,tetA,33.0
9277,2319.25,mRNA,Raspberry,2.0
9277,2319.25,mRNA,mKalama1,3.0
9278,2319.5,topo,topoI,0.25
9278,2319.5,topo,gyrase,0.25
9278,2319.5,RNAP,RNAP,1.0
9278,2319.5,mRNA,tetA,33.0
9278,2319.5,mRNA,Raspberry,2.0
9278,2319.5,mRNA,mKalama1,3.0
9279,2319.75,topo,topoI,0.25
9279,2319.75,topo,gyrase,0.25
9279,2319.75,RNAP,RNAP,1.0
9279,2319.75,mRNA,tetA,33.0
9279,2319.75,mRNA,Raspberry,2.0
9279,2319.75,mRNA,mKalama1,3.0
9280,2320.0,topo,topoI,0.25
9280,2320.0,topo,gyrase,0.25
9280,2320.0,RNAP,RNAP,1.0
9280,2320.0,mRNA,tetA,33.0
9280,2320.0,mRNA,Raspberry,2.0
9280,2320.0,mRNA,mKalama1,3.0
9281,2320.25,topo,topoI,0.25
9281,2320.25,topo,gyrase,0.25
9281,2320.25,RNAP,RNAP,1.0
9281,2320.25,mRNA,tetA,33.0
9281,2320.25,mRNA,Raspberry,2.0
9281,2320.25,mRNA,mKalama1,3.0
9282,2320.5,topo,topoI,0.25
9282,2320.5,topo,gyrase,0.25
9282,2320.5,RNAP,RNAP,1.0
9282,2320.5,mRNA,tetA,33.0
9282,2320.5,mRNA,Raspberry,2.0
9282,2320.5,mRNA,mKalama1,3.0
9283,2320.75,topo,topoI,0.25
9283,2320.75,topo,gyrase,0.25
9283,2320.75,RNAP,RNAP,1.0
9283,2320.75,mRNA,tetA,33.0
9283,2320.75,mRNA,Raspberry,2.0
9283,2320.75,mRNA,mKalama1,3.0
9284,2321.0,topo,topoI,0.25
9284,2321.0,topo,gyrase,0.25
9284,2321.0,RNAP,RNAP,1.0
9284,2321.0,mRNA,tetA,33.0
9284,2321.0,mRNA,Raspberry,2.0
9284,2321.0,mRNA,mKalama1,3.0
9285,2321.25,topo,topoI,0.25
9285,2321.25,topo,gyrase,0.25
9285,2321.25,RNAP,RNAP,1.0
9285,2321.25,mRNA,tetA,33.0
9285,2321.25,mRNA,Raspberry,2.0
9285,2321.25,mRNA,mKalama1,3.0
9286,2321.5,topo,topoI,0.25
9286,2321.5,topo,gyrase,0.25
9286,2321.5,RNAP,RNAP,1.0
9286,2321.5,mRNA,tetA,33.0
9286,2321.5,mRNA,Raspberry,2.0
9286,2321.5,mRNA,mKalama1,3.0
9287,2321.75,topo,topoI,0.25
9287,2321.75,topo,gyrase,0.25
9287,2321.75,RNAP,RNAP,1.0
9287,2321.75,mRNA,tetA,33.0
9287,2321.75,mRNA,Raspberry,2.0
9287,2321.75,mRNA,mKalama1,3.0
9288,2322.0,topo,topoI,0.25
9288,2322.0,topo,gyrase,0.25
9288,2322.0,RNAP,RNAP,1.0
9288,2322.0,mRNA,tetA,33.0
9288,2322.0,mRNA,Raspberry,2.0
9288,2322.0,mRNA,mKalama1,3.0
9289,2322.25,topo,topoI,0.25
9289,2322.25,topo,gyrase,0.25
9289,2322.25,RNAP,RNAP,1.0
9289,2322.25,mRNA,tetA,33.0
9289,2322.25,mRNA,Raspberry,2.0
9289,2322.25,mRNA,mKalama1,3.0
9290,2322.5,topo,topoI,0.25
9290,2322.5,topo,gyrase,0.25
9290,2322.5,RNAP,RNAP,1.0
9290,2322.5,mRNA,tetA,33.0
9290,2322.5,mRNA,Raspberry,2.0
9290,2322.5,mRNA,mKalama1,3.0
9291,2322.75,topo,topoI,0.25
9291,2322.75,topo,gyrase,0.25
9291,2322.75,RNAP,RNAP,1.0
9291,2322.75,mRNA,tetA,33.0
9291,2322.75,mRNA,Raspberry,2.0
9291,2322.75,mRNA,mKalama1,3.0
9292,2323.0,topo,topoI,0.25
9292,2323.0,topo,gyrase,0.25
9292,2323.0,RNAP,RNAP,1.0
9292,2323.0,mRNA,tetA,33.0
9292,2323.0,mRNA,Raspberry,2.0
9292,2323.0,mRNA,mKalama1,3.0
9293,2323.25,topo,topoI,0.25
9293,2323.25,topo,gyrase,0.25
9293,2323.25,RNAP,RNAP,1.0
9293,2323.25,mRNA,tetA,33.0
9293,2323.25,mRNA,Raspberry,2.0
9293,2323.25,mRNA,mKalama1,3.0
9294,2323.5,topo,topoI,0.25
9294,2323.5,topo,gyrase,0.25
9294,2323.5,RNAP,RNAP,1.0
9294,2323.5,mRNA,tetA,33.0
9294,2323.5,mRNA,Raspberry,2.0
9294,2323.5,mRNA,mKalama1,3.0
9295,2323.75,topo,topoI,0.25
9295,2323.75,topo,gyrase,0.25
9295,2323.75,RNAP,RNAP,1.0
9295,2323.75,mRNA,tetA,33.0
9295,2323.75,mRNA,Raspberry,2.0
9295,2323.75,mRNA,mKalama1,3.0
9296,2324.0,topo,topoI,0.25
9296,2324.0,topo,gyrase,0.25
9296,2324.0,RNAP,RNAP,1.0
9296,2324.0,mRNA,tetA,33.0
9296,2324.0,mRNA,Raspberry,2.0
9296,2324.0,mRNA,mKalama1,3.0
9297,2324.25,topo,topoI,0.25
9297,2324.25,topo,gyrase,0.25
9297,2324.25,RNAP,RNAP,1.0
9297,2324.25,mRNA,tetA,33.0
9297,2324.25,mRNA,Raspberry,2.0
9297,2324.25,mRNA,mKalama1,3.0
9298,2324.5,topo,topoI,0.25
9298,2324.5,topo,gyrase,0.25
9298,2324.5,RNAP,RNAP,1.0
9298,2324.5,mRNA,tetA,33.0
9298,2324.5,mRNA,Raspberry,2.0
9298,2324.5,mRNA,mKalama1,3.0
9299,2324.75,topo,topoI,0.25
9299,2324.75,topo,gyrase,0.25
9299,2324.75,RNAP,RNAP,1.0
9299,2324.75,mRNA,tetA,33.0
9299,2324.75,mRNA,Raspberry,2.0
9299,2324.75,mRNA,mKalama1,3.0
9300,2325.0,topo,topoI,0.25
9300,2325.0,topo,gyrase,0.25
9300,2325.0,RNAP,RNAP,1.0
9300,2325.0,mRNA,tetA,33.0
9300,2325.0,mRNA,Raspberry,2.0
9300,2325.0,mRNA,mKalama1,3.0
9301,2325.25,topo,topoI,0.25
9301,2325.25,topo,gyrase,0.25
9301,2325.25,RNAP,RNAP,1.0
9301,2325.25,mRNA,tetA,33.0
9301,2325.25,mRNA,Raspberry,2.0
9301,2325.25,mRNA,mKalama1,3.0
9302,2325.5,topo,topoI,0.25
9302,2325.5,topo,gyrase,0.25
9302,2325.5,RNAP,RNAP,1.0
9302,2325.5,mRNA,tetA,33.0
9302,2325.5,mRNA,Raspberry,2.0
9302,2325.5,mRNA,mKalama1,3.0
9303,2325.75,topo,topoI,0.25
9303,2325.75,topo,gyrase,0.25
9303,2325.75,RNAP,RNAP,1.0
9303,2325.75,mRNA,tetA,33.0
9303,2325.75,mRNA,Raspberry,2.0
9303,2325.75,mRNA,mKalama1,3.0
9304,2326.0,topo,topoI,0.25
9304,2326.0,topo,gyrase,0.25
9304,2326.0,RNAP,RNAP,1.0
9304,2326.0,mRNA,tetA,33.0
9304,2326.0,mRNA,Raspberry,2.0
9304,2326.0,mRNA,mKalama1,3.0
9305,2326.25,topo,topoI,0.25
9305,2326.25,topo,gyrase,0.25
9305,2326.25,RNAP,RNAP,1.0
9305,2326.25,mRNA,tetA,33.0
9305,2326.25,mRNA,Raspberry,2.0
9305,2326.25,mRNA,mKalama1,3.0
9306,2326.5,topo,topoI,0.25
9306,2326.5,topo,gyrase,0.25
9306,2326.5,RNAP,RNAP,1.0
9306,2326.5,mRNA,tetA,33.0
9306,2326.5,mRNA,Raspberry,2.0
9306,2326.5,mRNA,mKalama1,3.0
9307,2326.75,topo,topoI,0.25
9307,2326.75,topo,gyrase,0.25
9307,2326.75,RNAP,RNAP,1.0
9307,2326.75,mRNA,tetA,33.0
9307,2326.75,mRNA,Raspberry,2.0
9307,2326.75,mRNA,mKalama1,3.0
9308,2327.0,topo,topoI,0.25
9308,2327.0,topo,gyrase,0.25
9308,2327.0,RNAP,RNAP,1.0
9308,2327.0,mRNA,tetA,33.0
9308,2327.0,mRNA,Raspberry,2.0
9308,2327.0,mRNA,mKalama1,3.0
9309,2327.25,topo,topoI,0.25
9309,2327.25,topo,gyrase,0.25
9309,2327.25,RNAP,RNAP,1.0
9309,2327.25,mRNA,tetA,33.0
9309,2327.25,mRNA,Raspberry,2.0
9309,2327.25,mRNA,mKalama1,3.0
9310,2327.5,topo,topoI,0.25
9310,2327.5,topo,gyrase,0.25
9310,2327.5,RNAP,RNAP,1.0
9310,2327.5,mRNA,tetA,33.0
9310,2327.5,mRNA,Raspberry,2.0
9310,2327.5,mRNA,mKalama1,3.0
9311,2327.75,topo,topoI,0.25
9311,2327.75,topo,gyrase,0.25
9311,2327.75,RNAP,RNAP,1.0
9311,2327.75,mRNA,tetA,33.0
9311,2327.75,mRNA,Raspberry,2.0
9311,2327.75,mRNA,mKalama1,3.0
9312,2328.0,topo,topoI,0.25
9312,2328.0,topo,gyrase,0.25
9312,2328.0,RNAP,RNAP,1.0
9312,2328.0,mRNA,tetA,33.0
9312,2328.0,mRNA,Raspberry,2.0
9312,2328.0,mRNA,mKalama1,3.0
9313,2328.25,topo,topoI,0.25
9313,2328.25,topo,gyrase,0.25
9313,2328.25,RNAP,RNAP,1.0
9313,2328.25,mRNA,tetA,33.0
9313,2328.25,mRNA,Raspberry,2.0
9313,2328.25,mRNA,mKalama1,3.0
9314,2328.5,topo,topoI,0.25
9314,2328.5,topo,gyrase,0.25
9314,2328.5,RNAP,RNAP,1.0
9314,2328.5,mRNA,tetA,33.0
9314,2328.5,mRNA,Raspberry,2.0
9314,2328.5,mRNA,mKalama1,3.0
9315,2328.75,topo,topoI,0.25
9315,2328.75,topo,gyrase,0.25
9315,2328.75,RNAP,RNAP,1.0
9315,2328.75,mRNA,tetA,33.0
9315,2328.75,mRNA,Raspberry,2.0
9315,2328.75,mRNA,mKalama1,3.0
9316,2329.0,topo,topoI,0.25
9316,2329.0,topo,gyrase,0.25
9316,2329.0,RNAP,RNAP,1.0
9316,2329.0,mRNA,tetA,33.0
9316,2329.0,mRNA,Raspberry,2.0
9316,2329.0,mRNA,mKalama1,3.0
9317,2329.25,topo,topoI,0.25
9317,2329.25,topo,gyrase,0.25
9317,2329.25,RNAP,RNAP,1.0
9317,2329.25,mRNA,tetA,33.0
9317,2329.25,mRNA,Raspberry,2.0
9317,2329.25,mRNA,mKalama1,3.0
9318,2329.5,topo,topoI,0.25
9318,2329.5,topo,gyrase,0.25
9318,2329.5,RNAP,RNAP,1.0
9318,2329.5,mRNA,tetA,33.0
9318,2329.5,mRNA,Raspberry,2.0
9318,2329.5,mRNA,mKalama1,3.0
9319,2329.75,topo,topoI,0.25
9319,2329.75,topo,gyrase,0.25
9319,2329.75,RNAP,RNAP,1.0
9319,2329.75,mRNA,tetA,33.0
9319,2329.75,mRNA,Raspberry,2.0
9319,2329.75,mRNA,mKalama1,3.0
9320,2330.0,topo,topoI,0.25
9320,2330.0,topo,gyrase,0.25
9320,2330.0,RNAP,RNAP,1.0
9320,2330.0,mRNA,tetA,33.0
9320,2330.0,mRNA,Raspberry,2.0
9320,2330.0,mRNA,mKalama1,3.0
9321,2330.25,topo,topoI,0.25
9321,2330.25,topo,gyrase,0.25
9321,2330.25,RNAP,RNAP,1.0
9321,2330.25,mRNA,tetA,33.0
9321,2330.25,mRNA,Raspberry,2.0
9321,2330.25,mRNA,mKalama1,3.0
9322,2330.5,topo,topoI,0.25
9322,2330.5,topo,gyrase,0.25
9322,2330.5,RNAP,RNAP,1.0
9322,2330.5,mRNA,tetA,33.0
9322,2330.5,mRNA,Raspberry,2.0
9322,2330.5,mRNA,mKalama1,3.0
9323,2330.75,topo,topoI,0.25
9323,2330.75,topo,gyrase,0.25
9323,2330.75,RNAP,RNAP,1.0
9323,2330.75,mRNA,tetA,33.0
9323,2330.75,mRNA,Raspberry,2.0
9323,2330.75,mRNA,mKalama1,3.0
9324,2331.0,topo,topoI,0.25
9324,2331.0,topo,gyrase,0.25
9324,2331.0,RNAP,RNAP,1.0
9324,2331.0,mRNA,tetA,33.0
9324,2331.0,mRNA,Raspberry,2.0
9324,2331.0,mRNA,mKalama1,3.0
9325,2331.25,topo,topoI,0.25
9325,2331.25,topo,gyrase,0.25
9325,2331.25,RNAP,RNAP,1.0
9325,2331.25,mRNA,tetA,33.0
9325,2331.25,mRNA,Raspberry,2.0
9325,2331.25,mRNA,mKalama1,3.0
9326,2331.5,topo,topoI,0.25
9326,2331.5,topo,gyrase,0.25
9326,2331.5,RNAP,RNAP,1.0
9326,2331.5,mRNA,tetA,33.0
9326,2331.5,mRNA,Raspberry,2.0
9326,2331.5,mRNA,mKalama1,3.0
9327,2331.75,topo,topoI,0.25
9327,2331.75,topo,gyrase,0.25
9327,2331.75,RNAP,RNAP,1.0
9327,2331.75,mRNA,tetA,33.0
9327,2331.75,mRNA,Raspberry,2.0
9327,2331.75,mRNA,mKalama1,3.0
9328,2332.0,topo,topoI,0.25
9328,2332.0,topo,gyrase,0.25
9328,2332.0,RNAP,RNAP,1.0
9328,2332.0,mRNA,tetA,33.0
9328,2332.0,mRNA,Raspberry,2.0
9328,2332.0,mRNA,mKalama1,3.0
9329,2332.25,topo,topoI,0.25
9329,2332.25,topo,gyrase,0.25
9329,2332.25,RNAP,RNAP,1.0
9329,2332.25,mRNA,tetA,33.0
9329,2332.25,mRNA,Raspberry,2.0
9329,2332.25,mRNA,mKalama1,3.0
9330,2332.5,topo,topoI,0.25
9330,2332.5,topo,gyrase,0.25
9330,2332.5,RNAP,RNAP,1.0
9330,2332.5,mRNA,tetA,33.0
9330,2332.5,mRNA,Raspberry,2.0
9330,2332.5,mRNA,mKalama1,3.0
9331,2332.75,topo,topoI,0.25
9331,2332.75,topo,gyrase,0.25
9331,2332.75,RNAP,RNAP,1.0
9331,2332.75,mRNA,tetA,33.0
9331,2332.75,mRNA,Raspberry,2.0
9331,2332.75,mRNA,mKalama1,3.0
9332,2333.0,topo,topoI,0.25
9332,2333.0,topo,gyrase,0.25
9332,2333.0,RNAP,RNAP,1.0
9332,2333.0,mRNA,tetA,33.0
9332,2333.0,mRNA,Raspberry,2.0
9332,2333.0,mRNA,mKalama1,3.0
9333,2333.25,topo,topoI,0.25
9333,2333.25,topo,gyrase,0.25
9333,2333.25,RNAP,RNAP,1.0
9333,2333.25,mRNA,tetA,33.0
9333,2333.25,mRNA,Raspberry,2.0
9333,2333.25,mRNA,mKalama1,3.0
9334,2333.5,topo,topoI,0.25
9334,2333.5,topo,gyrase,0.25
9334,2333.5,RNAP,RNAP,1.0
9334,2333.5,mRNA,tetA,33.0
9334,2333.5,mRNA,Raspberry,2.0
9334,2333.5,mRNA,mKalama1,3.0
9335,2333.75,topo,topoI,0.25
9335,2333.75,topo,gyrase,0.25
9335,2333.75,RNAP,RNAP,1.0
9335,2333.75,mRNA,tetA,33.0
9335,2333.75,mRNA,Raspberry,2.0
9335,2333.75,mRNA,mKalama1,3.0
9336,2334.0,topo,topoI,0.25
9336,2334.0,topo,gyrase,0.25
9336,2334.0,RNAP,RNAP,1.0
9336,2334.0,mRNA,tetA,33.0
9336,2334.0,mRNA,Raspberry,2.0
9336,2334.0,mRNA,mKalama1,3.0
9337,2334.25,topo,topoI,0.25
9337,2334.25,topo,gyrase,0.25
9337,2334.25,RNAP,RNAP,1.0
9337,2334.25,mRNA,tetA,33.0
9337,2334.25,mRNA,Raspberry,2.0
9337,2334.25,mRNA,mKalama1,3.0
9338,2334.5,topo,topoI,0.25
9338,2334.5,topo,gyrase,0.25
9338,2334.5,RNAP,RNAP,1.0
9338,2334.5,mRNA,tetA,33.0
9338,2334.5,mRNA,Raspberry,2.0
9338,2334.5,mRNA,mKalama1,3.0
9339,2334.75,topo,topoI,0.25
9339,2334.75,topo,gyrase,0.25
9339,2334.75,RNAP,RNAP,1.0
9339,2334.75,mRNA,tetA,33.0
9339,2334.75,mRNA,Raspberry,2.0
9339,2334.75,mRNA,mKalama1,3.0
9340,2335.0,topo,topoI,0.25
9340,2335.0,topo,gyrase,0.25
9340,2335.0,RNAP,RNAP,1.0
9340,2335.0,mRNA,tetA,33.0
9340,2335.0,mRNA,Raspberry,2.0
9340,2335.0,mRNA,mKalama1,3.0
9341,2335.25,topo,topoI,0.25
9341,2335.25,topo,gyrase,0.25
9341,2335.25,RNAP,RNAP,1.0
9341,2335.25,mRNA,tetA,33.0
9341,2335.25,mRNA,Raspberry,2.0
9341,2335.25,mRNA,mKalama1,3.0
9342,2335.5,topo,topoI,0.25
9342,2335.5,topo,gyrase,0.25
9342,2335.5,RNAP,RNAP,1.0
9342,2335.5,mRNA,tetA,33.0
9342,2335.5,mRNA,Raspberry,2.0
9342,2335.5,mRNA,mKalama1,3.0
9343,2335.75,topo,topoI,0.25
9343,2335.75,topo,gyrase,0.25
9343,2335.75,RNAP,RNAP,1.0
9343,2335.75,mRNA,tetA,33.0
9343,2335.75,mRNA,Raspberry,2.0
9343,2335.75,mRNA,mKalama1,3.0
9344,2336.0,topo,topoI,0.25
9344,2336.0,topo,gyrase,0.25
9344,2336.0,RNAP,RNAP,1.0
9344,2336.0,mRNA,tetA,33.0
9344,2336.0,mRNA,Raspberry,2.0
9344,2336.0,mRNA,mKalama1,3.0
9345,2336.25,topo,topoI,0.25
9345,2336.25,topo,gyrase,0.25
9345,2336.25,RNAP,RNAP,1.0
9345,2336.25,mRNA,tetA,33.0
9345,2336.25,mRNA,Raspberry,2.0
9345,2336.25,mRNA,mKalama1,3.0
9346,2336.5,topo,topoI,0.25
9346,2336.5,topo,gyrase,0.25
9346,2336.5,RNAP,RNAP,1.0
9346,2336.5,mRNA,tetA,33.0
9346,2336.5,mRNA,Raspberry,2.0
9346,2336.5,mRNA,mKalama1,3.0
9347,2336.75,topo,topoI,0.25
9347,2336.75,topo,gyrase,0.25
9347,2336.75,RNAP,RNAP,1.0
9347,2336.75,mRNA,tetA,33.0
9347,2336.75,mRNA,Raspberry,2.0
9347,2336.75,mRNA,mKalama1,3.0
9348,2337.0,topo,topoI,0.25
9348,2337.0,topo,gyrase,0.25
9348,2337.0,RNAP,RNAP,1.0
9348,2337.0,mRNA,tetA,33.0
9348,2337.0,mRNA,Raspberry,2.0
9348,2337.0,mRNA,mKalama1,3.0
9349,2337.25,topo,topoI,0.25
9349,2337.25,topo,gyrase,0.25
9349,2337.25,RNAP,RNAP,1.0
9349,2337.25,mRNA,tetA,33.0
9349,2337.25,mRNA,Raspberry,2.0
9349,2337.25,mRNA,mKalama1,3.0
9350,2337.5,topo,topoI,0.25
9350,2337.5,topo,gyrase,0.25
9350,2337.5,RNAP,RNAP,1.0
9350,2337.5,mRNA,tetA,33.0
9350,2337.5,mRNA,Raspberry,2.0
9350,2337.5,mRNA,mKalama1,3.0
9351,2337.75,topo,topoI,0.25
9351,2337.75,topo,gyrase,0.25
9351,2337.75,RNAP,RNAP,1.0
9351,2337.75,mRNA,tetA,33.0
9351,2337.75,mRNA,Raspberry,2.0
9351,2337.75,mRNA,mKalama1,3.0
9352,2338.0,topo,topoI,0.25
9352,2338.0,topo,gyrase,0.25
9352,2338.0,RNAP,RNAP,1.0
9352,2338.0,mRNA,tetA,33.0
9352,2338.0,mRNA,Raspberry,2.0
9352,2338.0,mRNA,mKalama1,3.0
9353,2338.25,topo,topoI,0.25
9353,2338.25,topo,gyrase,0.25
9353,2338.25,RNAP,RNAP,1.0
9353,2338.25,mRNA,tetA,33.0
9353,2338.25,mRNA,Raspberry,2.0
9353,2338.25,mRNA,mKalama1,3.0
9354,2338.5,topo,topoI,0.25
9354,2338.5,topo,gyrase,0.25
9354,2338.5,RNAP,RNAP,1.0
9354,2338.5,mRNA,tetA,33.0
9354,2338.5,mRNA,Raspberry,2.0
9354,2338.5,mRNA,mKalama1,3.0
9355,2338.75,topo,topoI,0.25
9355,2338.75,topo,gyrase,0.25
9355,2338.75,RNAP,RNAP,1.0
9355,2338.75,mRNA,tetA,33.0
9355,2338.75,mRNA,Raspberry,2.0
9355,2338.75,mRNA,mKalama1,3.0
9356,2339.0,topo,topoI,0.25
9356,2339.0,topo,gyrase,0.25
9356,2339.0,RNAP,RNAP,1.0
9356,2339.0,mRNA,tetA,33.0
9356,2339.0,mRNA,Raspberry,2.0
9356,2339.0,mRNA,mKalama1,3.0
9357,2339.25,topo,topoI,0.25
9357,2339.25,topo,gyrase,0.25
9357,2339.25,RNAP,RNAP,1.0
9357,2339.25,mRNA,tetA,33.0
9357,2339.25,mRNA,Raspberry,2.0
9357,2339.25,mRNA,mKalama1,3.0
9358,2339.5,topo,topoI,0.25
9358,2339.5,topo,gyrase,0.25
9358,2339.5,RNAP,RNAP,1.0
9358,2339.5,mRNA,tetA,33.0
9358,2339.5,mRNA,Raspberry,2.0
9358,2339.5,mRNA,mKalama1,3.0
9359,2339.75,topo,topoI,0.25
9359,2339.75,topo,gyrase,0.25
9359,2339.75,RNAP,RNAP,1.0
9359,2339.75,mRNA,tetA,33.0
9359,2339.75,mRNA,Raspberry,2.0
9359,2339.75,mRNA,mKalama1,3.0
9360,2340.0,topo,topoI,0.25
9360,2340.0,topo,gyrase,0.25
9360,2340.0,RNAP,RNAP,1.0
9360,2340.0,mRNA,tetA,33.0
9360,2340.0,mRNA,Raspberry,2.0
9360,2340.0,mRNA,mKalama1,3.0
9361,2340.25,topo,topoI,0.25
9361,2340.25,topo,gyrase,0.25
9361,2340.25,RNAP,RNAP,1.0
9361,2340.25,mRNA,tetA,33.0
9361,2340.25,mRNA,Raspberry,2.0
9361,2340.25,mRNA,mKalama1,3.0
9362,2340.5,topo,topoI,0.25
9362,2340.5,topo,gyrase,0.25
9362,2340.5,RNAP,RNAP,1.0
9362,2340.5,mRNA,tetA,33.0
9362,2340.5,mRNA,Raspberry,2.0
9362,2340.5,mRNA,mKalama1,3.0
9363,2340.75,topo,topoI,0.25
9363,2340.75,topo,gyrase,0.25
9363,2340.75,RNAP,RNAP,1.0
9363,2340.75,mRNA,tetA,33.0
9363,2340.75,mRNA,Raspberry,2.0
9363,2340.75,mRNA,mKalama1,3.0
9364,2341.0,topo,topoI,0.25
9364,2341.0,topo,gyrase,0.25
9364,2341.0,RNAP,RNAP,1.0
9364,2341.0,mRNA,tetA,33.0
9364,2341.0,mRNA,Raspberry,2.0
9364,2341.0,mRNA,mKalama1,3.0
9365,2341.25,topo,topoI,0.25
9365,2341.25,topo,gyrase,0.25
9365,2341.25,RNAP,RNAP,1.0
9365,2341.25,mRNA,tetA,33.0
9365,2341.25,mRNA,Raspberry,2.0
9365,2341.25,mRNA,mKalama1,3.0
9366,2341.5,topo,topoI,0.25
9366,2341.5,topo,gyrase,0.25
9366,2341.5,RNAP,RNAP,1.0
9366,2341.5,mRNA,tetA,33.0
9366,2341.5,mRNA,Raspberry,2.0
9366,2341.5,mRNA,mKalama1,3.0
9367,2341.75,topo,topoI,0.25
9367,2341.75,topo,gyrase,0.25
9367,2341.75,RNAP,RNAP,1.0
9367,2341.75,mRNA,tetA,33.0
9367,2341.75,mRNA,Raspberry,2.0
9367,2341.75,mRNA,mKalama1,3.0
9368,2342.0,topo,topoI,0.25
9368,2342.0,topo,gyrase,0.25
9368,2342.0,RNAP,RNAP,1.0
9368,2342.0,mRNA,tetA,33.0
9368,2342.0,mRNA,Raspberry,2.0
9368,2342.0,mRNA,mKalama1,3.0
9369,2342.25,topo,topoI,0.25
9369,2342.25,topo,gyrase,0.25
9369,2342.25,RNAP,RNAP,1.0
9369,2342.25,mRNA,tetA,33.0
9369,2342.25,mRNA,Raspberry,2.0
9369,2342.25,mRNA,mKalama1,3.0
9370,2342.5,topo,topoI,0.25
9370,2342.5,topo,gyrase,0.25
9370,2342.5,RNAP,RNAP,1.0
9370,2342.5,mRNA,tetA,33.0
9370,2342.5,mRNA,Raspberry,2.0
9370,2342.5,mRNA,mKalama1,3.0
9371,2342.75,topo,topoI,0.25
9371,2342.75,topo,gyrase,0.25
9371,2342.75,RNAP,RNAP,1.0
9371,2342.75,mRNA,tetA,33.0
9371,2342.75,mRNA,Raspberry,2.0
9371,2342.75,mRNA,mKalama1,3.0
9372,2343.0,topo,topoI,0.25
9372,2343.0,topo,gyrase,0.25
9372,2343.0,RNAP,RNAP,1.0
9372,2343.0,mRNA,tetA,33.0
9372,2343.0,mRNA,Raspberry,2.0
9372,2343.0,mRNA,mKalama1,3.0
9373,2343.25,topo,topoI,0.25
9373,2343.25,topo,gyrase,0.25
9373,2343.25,RNAP,RNAP,1.0
9373,2343.25,mRNA,tetA,33.0
9373,2343.25,mRNA,Raspberry,2.0
9373,2343.25,mRNA,mKalama1,3.0
9374,2343.5,topo,topoI,0.25
9374,2343.5,topo,gyrase,0.25
9374,2343.5,RNAP,RNAP,1.0
9374,2343.5,mRNA,tetA,33.0
9374,2343.5,mRNA,Raspberry,2.0
9374,2343.5,mRNA,mKalama1,3.0
9375,2343.75,topo,topoI,0.25
9375,2343.75,topo,gyrase,0.25
9375,2343.75,RNAP,RNAP,1.0
9375,2343.75,mRNA,tetA,33.0
9375,2343.75,mRNA,Raspberry,2.0
9375,2343.75,mRNA,mKalama1,3.0
9376,2344.0,topo,topoI,0.25
9376,2344.0,topo,gyrase,0.25
9376,2344.0,RNAP,RNAP,1.0
9376,2344.0,mRNA,tetA,33.0
9376,2344.0,mRNA,Raspberry,2.0
9376,2344.0,mRNA,mKalama1,3.0
9377,2344.25,topo,topoI,0.25
9377,2344.25,topo,gyrase,0.25
9377,2344.25,RNAP,RNAP,1.0
9377,2344.25,mRNA,tetA,33.0
9377,2344.25,mRNA,Raspberry,2.0
9377,2344.25,mRNA,mKalama1,3.0
9378,2344.5,topo,topoI,0.25
9378,2344.5,topo,gyrase,0.25
9378,2344.5,RNAP,RNAP,1.0
9378,2344.5,mRNA,tetA,33.0
9378,2344.5,mRNA,Raspberry,2.0
9378,2344.5,mRNA,mKalama1,3.0
9379,2344.75,topo,topoI,0.25
9379,2344.75,topo,gyrase,0.25
9379,2344.75,RNAP,RNAP,1.0
9379,2344.75,mRNA,tetA,33.0
9379,2344.75,mRNA,Raspberry,2.0
9379,2344.75,mRNA,mKalama1,3.0
9380,2345.0,topo,topoI,0.25
9380,2345.0,topo,gyrase,0.25
9380,2345.0,RNAP,RNAP,1.0
9380,2345.0,mRNA,tetA,33.0
9380,2345.0,mRNA,Raspberry,2.0
9380,2345.0,mRNA,mKalama1,3.0
9381,2345.25,topo,topoI,0.25
9381,2345.25,topo,gyrase,0.25
9381,2345.25,RNAP,RNAP,1.0
9381,2345.25,mRNA,tetA,33.0
9381,2345.25,mRNA,Raspberry,2.0
9381,2345.25,mRNA,mKalama1,3.0
9382,2345.5,topo,topoI,0.25
9382,2345.5,topo,gyrase,0.25
9382,2345.5,RNAP,RNAP,1.0
9382,2345.5,mRNA,tetA,33.0
9382,2345.5,mRNA,Raspberry,2.0
9382,2345.5,mRNA,mKalama1,3.0
9383,2345.75,topo,topoI,0.25
9383,2345.75,topo,gyrase,0.25
9383,2345.75,RNAP,RNAP,1.0
9383,2345.75,mRNA,tetA,33.0
9383,2345.75,mRNA,Raspberry,2.0
9383,2345.75,mRNA,mKalama1,3.0
9384,2346.0,topo,topoI,0.25
9384,2346.0,topo,gyrase,0.25
9384,2346.0,RNAP,RNAP,1.0
9384,2346.0,mRNA,tetA,33.0
9384,2346.0,mRNA,Raspberry,2.0
9384,2346.0,mRNA,mKalama1,3.0
9385,2346.25,topo,topoI,0.25
9385,2346.25,topo,gyrase,0.25
9385,2346.25,RNAP,RNAP,1.0
9385,2346.25,mRNA,tetA,33.0
9385,2346.25,mRNA,Raspberry,2.0
9385,2346.25,mRNA,mKalama1,3.0
9386,2346.5,topo,topoI,0.25
9386,2346.5,topo,gyrase,0.25
9386,2346.5,RNAP,RNAP,1.0
9386,2346.5,mRNA,tetA,33.0
9386,2346.5,mRNA,Raspberry,2.0
9386,2346.5,mRNA,mKalama1,3.0
9387,2346.75,topo,topoI,0.25
9387,2346.75,topo,gyrase,0.25
9387,2346.75,RNAP,RNAP,1.0
9387,2346.75,mRNA,tetA,33.0
9387,2346.75,mRNA,Raspberry,2.0
9387,2346.75,mRNA,mKalama1,3.0
9388,2347.0,topo,topoI,0.25
9388,2347.0,topo,gyrase,0.25
9388,2347.0,RNAP,RNAP,1.0
9388,2347.0,mRNA,tetA,33.0
9388,2347.0,mRNA,Raspberry,2.0
9388,2347.0,mRNA,mKalama1,3.0
9389,2347.25,topo,topoI,0.25
9389,2347.25,topo,gyrase,0.25
9389,2347.25,RNAP,RNAP,1.0
9389,2347.25,mRNA,tetA,33.0
9389,2347.25,mRNA,Raspberry,2.0
9389,2347.25,mRNA,mKalama1,3.0
9390,2347.5,topo,topoI,0.25
9390,2347.5,topo,gyrase,0.25
9390,2347.5,RNAP,RNAP,1.0
9390,2347.5,mRNA,tetA,33.0
9390,2347.5,mRNA,Raspberry,2.0
9390,2347.5,mRNA,mKalama1,3.0
9391,2347.75,topo,topoI,0.25
9391,2347.75,topo,gyrase,0.25
9391,2347.75,RNAP,RNAP,1.0
9391,2347.75,mRNA,tetA,33.0
9391,2347.75,mRNA,Raspberry,2.0
9391,2347.75,mRNA,mKalama1,3.0
9392,2348.0,topo,topoI,0.25
9392,2348.0,topo,gyrase,0.25
9392,2348.0,RNAP,RNAP,1.0
9392,2348.0,mRNA,tetA,33.0
9392,2348.0,mRNA,Raspberry,2.0
9392,2348.0,mRNA,mKalama1,3.0
9393,2348.25,topo,topoI,0.25
9393,2348.25,topo,gyrase,0.25
9393,2348.25,RNAP,RNAP,1.0
9393,2348.25,mRNA,tetA,33.0
9393,2348.25,mRNA,Raspberry,2.0
9393,2348.25,mRNA,mKalama1,3.0
9394,2348.5,topo,topoI,0.25
9394,2348.5,topo,gyrase,0.25
9394,2348.5,RNAP,RNAP,1.0
9394,2348.5,mRNA,tetA,33.0
9394,2348.5,mRNA,Raspberry,2.0
9394,2348.5,mRNA,mKalama1,3.0
9395,2348.75,topo,topoI,0.25
9395,2348.75,topo,gyrase,0.25
9395,2348.75,RNAP,RNAP,1.0
9395,2348.75,mRNA,tetA,33.0
9395,2348.75,mRNA,Raspberry,2.0
9395,2348.75,mRNA,mKalama1,3.0
9396,2349.0,topo,topoI,0.25
9396,2349.0,topo,gyrase,0.25
9396,2349.0,RNAP,RNAP,1.0
9396,2349.0,mRNA,tetA,33.0
9396,2349.0,mRNA,Raspberry,2.0
9396,2349.0,mRNA,mKalama1,3.0
9397,2349.25,topo,topoI,0.25
9397,2349.25,topo,gyrase,0.25
9397,2349.25,RNAP,RNAP,1.0
9397,2349.25,mRNA,tetA,33.0
9397,2349.25,mRNA,Raspberry,2.0
9397,2349.25,mRNA,mKalama1,3.0
9398,2349.5,topo,topoI,0.25
9398,2349.5,topo,gyrase,0.25
9398,2349.5,RNAP,RNAP,1.0
9398,2349.5,mRNA,tetA,33.0
9398,2349.5,mRNA,Raspberry,2.0
9398,2349.5,mRNA,mKalama1,3.0
9399,2349.75,topo,topoI,0.25
9399,2349.75,topo,gyrase,0.25
9399,2349.75,RNAP,RNAP,1.0
9399,2349.75,mRNA,tetA,33.0
9399,2349.75,mRNA,Raspberry,2.0
9399,2349.75,mRNA,mKalama1,3.0
9400,2350.0,topo,topoI,0.25
9400,2350.0,topo,gyrase,0.25
9400,2350.0,RNAP,RNAP,1.0
9400,2350.0,mRNA,tetA,33.0
9400,2350.0,mRNA,Raspberry,2.0
9400,2350.0,mRNA,mKalama1,3.0
9401,2350.25,topo,topoI,0.25
9401,2350.25,topo,gyrase,0.25
9401,2350.25,RNAP,RNAP,1.0
9401,2350.25,mRNA,tetA,33.0
9401,2350.25,mRNA,Raspberry,2.0
9401,2350.25,mRNA,mKalama1,3.0
9402,2350.5,topo,topoI,0.25
9402,2350.5,topo,gyrase,0.25
9402,2350.5,RNAP,RNAP,1.0
9402,2350.5,mRNA,tetA,33.0
9402,2350.5,mRNA,Raspberry,2.0
9402,2350.5,mRNA,mKalama1,3.0
9403,2350.75,topo,topoI,0.25
9403,2350.75,topo,gyrase,0.25
9403,2350.75,RNAP,RNAP,1.0
9403,2350.75,mRNA,tetA,33.0
9403,2350.75,mRNA,Raspberry,2.0
9403,2350.75,mRNA,mKalama1,3.0
9404,2351.0,topo,topoI,0.25
9404,2351.0,topo,gyrase,0.25
9404,2351.0,RNAP,RNAP,1.0
9404,2351.0,mRNA,tetA,33.0
9404,2351.0,mRNA,Raspberry,2.0
9404,2351.0,mRNA,mKalama1,3.0
9405,2351.25,topo,topoI,0.25
9405,2351.25,topo,gyrase,0.25
9405,2351.25,RNAP,RNAP,1.0
9405,2351.25,mRNA,tetA,33.0
9405,2351.25,mRNA,Raspberry,2.0
9405,2351.25,mRNA,mKalama1,3.0
9406,2351.5,topo,topoI,0.25
9406,2351.5,topo,gyrase,0.25
9406,2351.5,RNAP,RNAP,1.0
9406,2351.5,mRNA,tetA,33.0
9406,2351.5,mRNA,Raspberry,2.0
9406,2351.5,mRNA,mKalama1,3.0
9407,2351.75,topo,topoI,0.25
9407,2351.75,topo,gyrase,0.25
9407,2351.75,RNAP,RNAP,1.0
9407,2351.75,mRNA,tetA,33.0
9407,2351.75,mRNA,Raspberry,2.0
9407,2351.75,mRNA,mKalama1,3.0
9408,2352.0,topo,topoI,0.25
9408,2352.0,topo,gyrase,0.25
9408,2352.0,RNAP,RNAP,1.0
9408,2352.0,mRNA,tetA,33.0
9408,2352.0,mRNA,Raspberry,2.0
9408,2352.0,mRNA,mKalama1,3.0
9409,2352.25,topo,topoI,0.25
9409,2352.25,topo,gyrase,0.25
9409,2352.25,RNAP,RNAP,1.0
9409,2352.25,mRNA,tetA,33.0
9409,2352.25,mRNA,Raspberry,2.0
9409,2352.25,mRNA,mKalama1,3.0
9410,2352.5,topo,topoI,0.25
9410,2352.5,topo,gyrase,0.25
9410,2352.5,RNAP,RNAP,1.0
9410,2352.5,mRNA,tetA,33.0
9410,2352.5,mRNA,Raspberry,2.0
9410,2352.5,mRNA,mKalama1,3.0
9411,2352.75,topo,topoI,0.25
9411,2352.75,topo,gyrase,0.25
9411,2352.75,RNAP,RNAP,1.0
9411,2352.75,mRNA,tetA,33.0
9411,2352.75,mRNA,Raspberry,2.0
9411,2352.75,mRNA,mKalama1,3.0
9412,2353.0,topo,topoI,0.25
9412,2353.0,topo,gyrase,0.25
9412,2353.0,RNAP,RNAP,1.0
9412,2353.0,mRNA,tetA,33.0
9412,2353.0,mRNA,Raspberry,2.0
9412,2353.0,mRNA,mKalama1,3.0
9413,2353.25,topo,topoI,0.25
9413,2353.25,topo,gyrase,0.25
9413,2353.25,RNAP,RNAP,1.0
9413,2353.25,mRNA,tetA,33.0
9413,2353.25,mRNA,Raspberry,2.0
9413,2353.25,mRNA,mKalama1,3.0
9414,2353.5,topo,topoI,0.25
9414,2353.5,topo,gyrase,0.25
9414,2353.5,RNAP,RNAP,1.0
9414,2353.5,mRNA,tetA,33.0
9414,2353.5,mRNA,Raspberry,2.0
9414,2353.5,mRNA,mKalama1,3.0
9415,2353.75,topo,topoI,0.25
9415,2353.75,topo,gyrase,0.25
9415,2353.75,RNAP,RNAP,1.0
9415,2353.75,mRNA,tetA,33.0
9415,2353.75,mRNA,Raspberry,2.0
9415,2353.75,mRNA,mKalama1,3.0
9416,2354.0,topo,topoI,0.25
9416,2354.0,topo,gyrase,0.25
9416,2354.0,RNAP,RNAP,1.0
9416,2354.0,mRNA,tetA,33.0
9416,2354.0,mRNA,Raspberry,2.0
9416,2354.0,mRNA,mKalama1,3.0
9417,2354.25,topo,topoI,0.25
9417,2354.25,topo,gyrase,0.25
9417,2354.25,RNAP,RNAP,1.0
9417,2354.25,mRNA,tetA,33.0
9417,2354.25,mRNA,Raspberry,2.0
9417,2354.25,mRNA,mKalama1,3.0
9418,2354.5,topo,topoI,0.25
9418,2354.5,topo,gyrase,0.25
9418,2354.5,RNAP,RNAP,1.0
9418,2354.5,mRNA,tetA,33.0
9418,2354.5,mRNA,Raspberry,2.0
9418,2354.5,mRNA,mKalama1,3.0
9419,2354.75,topo,topoI,0.25
9419,2354.75,topo,gyrase,0.25
9419,2354.75,RNAP,RNAP,1.0
9419,2354.75,mRNA,tetA,33.0
9419,2354.75,mRNA,Raspberry,2.0
9419,2354.75,mRNA,mKalama1,3.0
9420,2355.0,topo,topoI,0.25
9420,2355.0,topo,gyrase,0.25
9420,2355.0,RNAP,RNAP,1.0
9420,2355.0,mRNA,tetA,33.0
9420,2355.0,mRNA,Raspberry,2.0
9420,2355.0,mRNA,mKalama1,3.0
9421,2355.25,topo,topoI,0.25
9421,2355.25,topo,gyrase,0.25
9421,2355.25,RNAP,RNAP,1.0
9421,2355.25,mRNA,tetA,33.0
9421,2355.25,mRNA,Raspberry,2.0
9421,2355.25,mRNA,mKalama1,3.0
9422,2355.5,topo,topoI,0.25
9422,2355.5,topo,gyrase,0.25
9422,2355.5,RNAP,RNAP,1.0
9422,2355.5,mRNA,tetA,33.0
9422,2355.5,mRNA,Raspberry,2.0
9422,2355.5,mRNA,mKalama1,3.0
9423,2355.75,topo,topoI,0.25
9423,2355.75,topo,gyrase,0.25
9423,2355.75,RNAP,RNAP,1.0
9423,2355.75,mRNA,tetA,33.0
9423,2355.75,mRNA,Raspberry,2.0
9423,2355.75,mRNA,mKalama1,3.0
9424,2356.0,topo,topoI,0.25
9424,2356.0,topo,gyrase,0.25
9424,2356.0,RNAP,RNAP,1.0
9424,2356.0,mRNA,tetA,33.0
9424,2356.0,mRNA,Raspberry,2.0
9424,2356.0,mRNA,mKalama1,3.0
9425,2356.25,topo,topoI,0.25
9425,2356.25,topo,gyrase,0.25
9425,2356.25,RNAP,RNAP,1.0
9425,2356.25,mRNA,tetA,33.0
9425,2356.25,mRNA,Raspberry,2.0
9425,2356.25,mRNA,mKalama1,3.0
9426,2356.5,topo,topoI,0.25
9426,2356.5,topo,gyrase,0.25
9426,2356.5,RNAP,RNAP,1.0
9426,2356.5,mRNA,tetA,33.0
9426,2356.5,mRNA,Raspberry,2.0
9426,2356.5,mRNA,mKalama1,3.0
9427,2356.75,topo,topoI,0.25
9427,2356.75,topo,gyrase,0.25
9427,2356.75,RNAP,RNAP,1.0
9427,2356.75,mRNA,tetA,33.0
9427,2356.75,mRNA,Raspberry,2.0
9427,2356.75,mRNA,mKalama1,3.0
9428,2357.0,topo,topoI,0.25
9428,2357.0,topo,gyrase,0.25
9428,2357.0,RNAP,RNAP,1.0
9428,2357.0,mRNA,tetA,33.0
9428,2357.0,mRNA,Raspberry,2.0
9428,2357.0,mRNA,mKalama1,3.0
9429,2357.25,topo,topoI,0.25
9429,2357.25,topo,gyrase,0.25
9429,2357.25,RNAP,RNAP,1.0
9429,2357.25,mRNA,tetA,33.0
9429,2357.25,mRNA,Raspberry,2.0
9429,2357.25,mRNA,mKalama1,3.0
9430,2357.5,topo,topoI,0.25
9430,2357.5,topo,gyrase,0.25
9430,2357.5,RNAP,RNAP,1.0
9430,2357.5,mRNA,tetA,33.0
9430,2357.5,mRNA,Raspberry,2.0
9430,2357.5,mRNA,mKalama1,3.0
9431,2357.75,topo,topoI,0.25
9431,2357.75,topo,gyrase,0.25
9431,2357.75,RNAP,RNAP,1.0
9431,2357.75,mRNA,tetA,33.0
9431,2357.75,mRNA,Raspberry,2.0
9431,2357.75,mRNA,mKalama1,3.0
9432,2358.0,topo,topoI,0.25
9432,2358.0,topo,gyrase,0.25
9432,2358.0,RNAP,RNAP,1.0
9432,2358.0,mRNA,tetA,33.0
9432,2358.0,mRNA,Raspberry,2.0
9432,2358.0,mRNA,mKalama1,3.0
9433,2358.25,topo,topoI,0.25
9433,2358.25,topo,gyrase,0.25
9433,2358.25,RNAP,RNAP,1.0
9433,2358.25,mRNA,tetA,33.0
9433,2358.25,mRNA,Raspberry,2.0
9433,2358.25,mRNA,mKalama1,3.0
9434,2358.5,topo,topoI,0.25
9434,2358.5,topo,gyrase,0.25
9434,2358.5,RNAP,RNAP,1.0
9434,2358.5,mRNA,tetA,33.0
9434,2358.5,mRNA,Raspberry,2.0
9434,2358.5,mRNA,mKalama1,3.0
9435,2358.75,topo,topoI,0.25
9435,2358.75,topo,gyrase,0.25
9435,2358.75,RNAP,RNAP,1.0
9435,2358.75,mRNA,tetA,33.0
9435,2358.75,mRNA,Raspberry,2.0
9435,2358.75,mRNA,mKalama1,3.0
9436,2359.0,topo,topoI,0.25
9436,2359.0,topo,gyrase,0.25
9436,2359.0,RNAP,RNAP,1.0
9436,2359.0,mRNA,tetA,33.0
9436,2359.0,mRNA,Raspberry,2.0
9436,2359.0,mRNA,mKalama1,3.0
9437,2359.25,topo,topoI,0.25
9437,2359.25,topo,gyrase,0.25
9437,2359.25,RNAP,RNAP,1.0
9437,2359.25,mRNA,tetA,33.0
9437,2359.25,mRNA,Raspberry,2.0
9437,2359.25,mRNA,mKalama1,3.0
9438,2359.5,topo,topoI,0.25
9438,2359.5,topo,gyrase,0.25
9438,2359.5,RNAP,RNAP,1.0
9438,2359.5,mRNA,tetA,33.0
9438,2359.5,mRNA,Raspberry,2.0
9438,2359.5,mRNA,mKalama1,3.0
9439,2359.75,topo,topoI,0.25
9439,2359.75,topo,gyrase,0.25
9439,2359.75,RNAP,RNAP,1.0
9439,2359.75,mRNA,tetA,33.0
9439,2359.75,mRNA,Raspberry,2.0
9439,2359.75,mRNA,mKalama1,3.0
9440,2360.0,topo,topoI,0.25
9440,2360.0,topo,gyrase,0.25
9440,2360.0,RNAP,RNAP,1.0
9440,2360.0,mRNA,tetA,33.0
9440,2360.0,mRNA,Raspberry,2.0
9440,2360.0,mRNA,mKalama1,3.0
9441,2360.25,topo,topoI,0.25
9441,2360.25,topo,gyrase,0.25
9441,2360.25,RNAP,RNAP,1.0
9441,2360.25,mRNA,tetA,33.0
9441,2360.25,mRNA,Raspberry,2.0
9441,2360.25,mRNA,mKalama1,3.0
9442,2360.5,topo,topoI,0.25
9442,2360.5,topo,gyrase,0.25
9442,2360.5,RNAP,RNAP,1.0
9442,2360.5,mRNA,tetA,33.0
9442,2360.5,mRNA,Raspberry,2.0
9442,2360.5,mRNA,mKalama1,3.0
9443,2360.75,topo,topoI,0.25
9443,2360.75,topo,gyrase,0.25
9443,2360.75,RNAP,RNAP,1.0
9443,2360.75,mRNA,tetA,33.0
9443,2360.75,mRNA,Raspberry,2.0
9443,2360.75,mRNA,mKalama1,3.0
9444,2361.0,topo,topoI,0.25
9444,2361.0,topo,gyrase,0.25
9444,2361.0,RNAP,RNAP,1.0
9444,2361.0,mRNA,tetA,33.0
9444,2361.0,mRNA,Raspberry,2.0
9444,2361.0,mRNA,mKalama1,3.0
9445,2361.25,topo,topoI,0.25
9445,2361.25,topo,gyrase,0.25
9445,2361.25,RNAP,RNAP,1.0
9445,2361.25,mRNA,tetA,33.0
9445,2361.25,mRNA,Raspberry,2.0
9445,2361.25,mRNA,mKalama1,3.0
9446,2361.5,topo,topoI,0.25
9446,2361.5,topo,gyrase,0.25
9446,2361.5,RNAP,RNAP,1.0
9446,2361.5,mRNA,tetA,33.0
9446,2361.5,mRNA,Raspberry,2.0
9446,2361.5,mRNA,mKalama1,3.0
9447,2361.75,topo,topoI,0.25
9447,2361.75,topo,gyrase,0.25
9447,2361.75,RNAP,RNAP,1.0
9447,2361.75,mRNA,tetA,33.0
9447,2361.75,mRNA,Raspberry,2.0
9447,2361.75,mRNA,mKalama1,3.0
9448,2362.0,topo,topoI,0.25
9448,2362.0,topo,gyrase,0.25
9448,2362.0,RNAP,RNAP,1.0
9448,2362.0,mRNA,tetA,33.0
9448,2362.0,mRNA,Raspberry,2.0
9448,2362.0,mRNA,mKalama1,3.0
9449,2362.25,topo,topoI,0.25
9449,2362.25,topo,gyrase,0.25
9449,2362.25,RNAP,RNAP,1.0
9449,2362.25,mRNA,tetA,33.0
9449,2362.25,mRNA,Raspberry,2.0
9449,2362.25,mRNA,mKalama1,3.0
9450,2362.5,topo,topoI,0.25
9450,2362.5,topo,gyrase,0.25
9450,2362.5,RNAP,RNAP,1.0
9450,2362.5,mRNA,tetA,33.0
9450,2362.5,mRNA,Raspberry,2.0
9450,2362.5,mRNA,mKalama1,3.0
9451,2362.75,topo,topoI,0.25
9451,2362.75,topo,gyrase,0.25
9451,2362.75,RNAP,RNAP,1.0
9451,2362.75,mRNA,tetA,33.0
9451,2362.75,mRNA,Raspberry,2.0
9451,2362.75,mRNA,mKalama1,3.0
9452,2363.0,topo,topoI,0.25
9452,2363.0,topo,gyrase,0.25
9452,2363.0,RNAP,RNAP,1.0
9452,2363.0,mRNA,tetA,33.0
9452,2363.0,mRNA,Raspberry,2.0
9452,2363.0,mRNA,mKalama1,3.0
9453,2363.25,topo,topoI,0.25
9453,2363.25,topo,gyrase,0.25
9453,2363.25,RNAP,RNAP,1.0
9453,2363.25,mRNA,tetA,33.0
9453,2363.25,mRNA,Raspberry,2.0
9453,2363.25,mRNA,mKalama1,3.0
9454,2363.5,topo,topoI,0.25
9454,2363.5,topo,gyrase,0.25
9454,2363.5,RNAP,RNAP,1.0
9454,2363.5,mRNA,tetA,33.0
9454,2363.5,mRNA,Raspberry,2.0
9454,2363.5,mRNA,mKalama1,3.0
9455,2363.75,topo,topoI,0.25
9455,2363.75,topo,gyrase,0.25
9455,2363.75,RNAP,RNAP,1.0
9455,2363.75,mRNA,tetA,33.0
9455,2363.75,mRNA,Raspberry,2.0
9455,2363.75,mRNA,mKalama1,3.0
9456,2364.0,topo,topoI,0.25
9456,2364.0,topo,gyrase,0.25
9456,2364.0,RNAP,RNAP,1.0
9456,2364.0,mRNA,tetA,33.0
9456,2364.0,mRNA,Raspberry,2.0
9456,2364.0,mRNA,mKalama1,3.0
9457,2364.25,topo,topoI,0.25
9457,2364.25,topo,gyrase,0.25
9457,2364.25,RNAP,RNAP,1.0
9457,2364.25,mRNA,tetA,33.0
9457,2364.25,mRNA,Raspberry,2.0
9457,2364.25,mRNA,mKalama1,3.0
9458,2364.5,topo,topoI,0.25
9458,2364.5,topo,gyrase,0.25
9458,2364.5,RNAP,RNAP,1.0
9458,2364.5,mRNA,tetA,33.0
9458,2364.5,mRNA,Raspberry,2.0
9458,2364.5,mRNA,mKalama1,3.0
9459,2364.75,topo,topoI,0.25
9459,2364.75,topo,gyrase,0.25
9459,2364.75,RNAP,RNAP,1.0
9459,2364.75,mRNA,tetA,33.0
9459,2364.75,mRNA,Raspberry,2.0
9459,2364.75,mRNA,mKalama1,3.0
9460,2365.0,topo,topoI,0.25
9460,2365.0,topo,gyrase,0.25
9460,2365.0,RNAP,RNAP,1.0
9460,2365.0,mRNA,tetA,33.0
9460,2365.0,mRNA,Raspberry,2.0
9460,2365.0,mRNA,mKalama1,3.0
9461,2365.25,topo,topoI,0.25
9461,2365.25,topo,gyrase,0.25
9461,2365.25,RNAP,RNAP,1.0
9461,2365.25,mRNA,tetA,33.0
9461,2365.25,mRNA,Raspberry,2.0
9461,2365.25,mRNA,mKalama1,3.0
9462,2365.5,topo,topoI,0.25
9462,2365.5,topo,gyrase,0.25
9462,2365.5,RNAP,RNAP,1.0
9462,2365.5,mRNA,tetA,33.0
9462,2365.5,mRNA,Raspberry,2.0
9462,2365.5,mRNA,mKalama1,3.0
9463,2365.75,topo,topoI,0.25
9463,2365.75,topo,gyrase,0.25
9463,2365.75,RNAP,RNAP,1.0
9463,2365.75,mRNA,tetA,33.0
9463,2365.75,mRNA,Raspberry,2.0
9463,2365.75,mRNA,mKalama1,3.0
9464,2366.0,topo,topoI,0.25
9464,2366.0,topo,gyrase,0.25
9464,2366.0,RNAP,RNAP,1.0
9464,2366.0,mRNA,tetA,33.0
9464,2366.0,mRNA,Raspberry,2.0
9464,2366.0,mRNA,mKalama1,3.0
9465,2366.25,topo,topoI,0.25
9465,2366.25,topo,gyrase,0.25
9465,2366.25,RNAP,RNAP,1.0
9465,2366.25,mRNA,tetA,33.0
9465,2366.25,mRNA,Raspberry,2.0
9465,2366.25,mRNA,mKalama1,3.0
9466,2366.5,topo,topoI,0.25
9466,2366.5,topo,gyrase,0.25
9466,2366.5,RNAP,RNAP,1.0
9466,2366.5,mRNA,tetA,33.0
9466,2366.5,mRNA,Raspberry,2.0
9466,2366.5,mRNA,mKalama1,3.0
9467,2366.75,topo,topoI,0.25
9467,2366.75,topo,gyrase,0.25
9467,2366.75,RNAP,RNAP,1.0
9467,2366.75,mRNA,tetA,33.0
9467,2366.75,mRNA,Raspberry,2.0
9467,2366.75,mRNA,mKalama1,3.0
9468,2367.0,topo,topoI,0.25
9468,2367.0,topo,gyrase,0.25
9468,2367.0,RNAP,RNAP,1.0
9468,2367.0,mRNA,tetA,33.0
9468,2367.0,mRNA,Raspberry,2.0
9468,2367.0,mRNA,mKalama1,3.0
9469,2367.25,topo,topoI,0.25
9469,2367.25,topo,gyrase,0.25
9469,2367.25,RNAP,RNAP,1.0
9469,2367.25,mRNA,tetA,33.0
9469,2367.25,mRNA,Raspberry,2.0
9469,2367.25,mRNA,mKalama1,3.0
9470,2367.5,topo,topoI,0.25
9470,2367.5,topo,gyrase,0.25
9470,2367.5,RNAP,RNAP,1.0
9470,2367.5,mRNA,tetA,33.0
9470,2367.5,mRNA,Raspberry,2.0
9470,2367.5,mRNA,mKalama1,3.0
9471,2367.75,topo,topoI,0.25
9471,2367.75,topo,gyrase,0.25
9471,2367.75,RNAP,RNAP,1.0
9471,2367.75,mRNA,tetA,33.0
9471,2367.75,mRNA,Raspberry,2.0
9471,2367.75,mRNA,mKalama1,3.0
9472,2368.0,topo,topoI,0.25
9472,2368.0,topo,gyrase,0.25
9472,2368.0,RNAP,RNAP,1.0
9472,2368.0,mRNA,tetA,33.0
9472,2368.0,mRNA,Raspberry,2.0
9472,2368.0,mRNA,mKalama1,3.0
9473,2368.25,topo,topoI,0.25
9473,2368.25,topo,gyrase,0.25
9473,2368.25,RNAP,RNAP,1.0
9473,2368.25,mRNA,tetA,33.0
9473,2368.25,mRNA,Raspberry,2.0
9473,2368.25,mRNA,mKalama1,3.0
9474,2368.5,topo,topoI,0.25
9474,2368.5,topo,gyrase,0.25
9474,2368.5,RNAP,RNAP,1.0
9474,2368.5,mRNA,tetA,33.0
9474,2368.5,mRNA,Raspberry,2.0
9474,2368.5,mRNA,mKalama1,3.0
9475,2368.75,topo,topoI,0.25
9475,2368.75,topo,gyrase,0.25
9475,2368.75,RNAP,RNAP,1.0
9475,2368.75,mRNA,tetA,33.0
9475,2368.75,mRNA,Raspberry,2.0
9475,2368.75,mRNA,mKalama1,3.0
9476,2369.0,topo,topoI,0.25
9476,2369.0,topo,gyrase,0.25
9476,2369.0,RNAP,RNAP,1.0
9476,2369.0,mRNA,tetA,33.0
9476,2369.0,mRNA,Raspberry,2.0
9476,2369.0,mRNA,mKalama1,3.0
9477,2369.25,topo,topoI,0.25
9477,2369.25,topo,gyrase,0.25
9477,2369.25,RNAP,RNAP,1.0
9477,2369.25,mRNA,tetA,33.0
9477,2369.25,mRNA,Raspberry,2.0
9477,2369.25,mRNA,mKalama1,3.0
9478,2369.5,topo,topoI,0.25
9478,2369.5,topo,gyrase,0.25
9478,2369.5,RNAP,RNAP,1.0
9478,2369.5,mRNA,tetA,33.0
9478,2369.5,mRNA,Raspberry,2.0
9478,2369.5,mRNA,mKalama1,3.0
9479,2369.75,topo,topoI,0.25
9479,2369.75,topo,gyrase,0.25
9479,2369.75,RNAP,RNAP,1.0
9479,2369.75,mRNA,tetA,33.0
9479,2369.75,mRNA,Raspberry,2.0
9479,2369.75,mRNA,mKalama1,3.0
9480,2370.0,topo,topoI,0.25
9480,2370.0,topo,gyrase,0.25
9480,2370.0,RNAP,RNAP,1.0
9480,2370.0,mRNA,tetA,33.0
9480,2370.0,mRNA,Raspberry,2.0
9480,2370.0,mRNA,mKalama1,3.0
9481,2370.25,topo,topoI,0.25
9481,2370.25,topo,gyrase,0.25
9481,2370.25,RNAP,RNAP,1.0
9481,2370.25,mRNA,tetA,33.0
9481,2370.25,mRNA,Raspberry,2.0
9481,2370.25,mRNA,mKalama1,3.0
9482,2370.5,topo,topoI,0.25
9482,2370.5,topo,gyrase,0.25
9482,2370.5,RNAP,RNAP,1.0
9482,2370.5,mRNA,tetA,33.0
9482,2370.5,mRNA,Raspberry,2.0
9482,2370.5,mRNA,mKalama1,3.0
9483,2370.75,topo,topoI,0.25
9483,2370.75,topo,gyrase,0.25
9483,2370.75,RNAP,RNAP,1.0
9483,2370.75,mRNA,tetA,33.0
9483,2370.75,mRNA,Raspberry,2.0
9483,2370.75,mRNA,mKalama1,3.0
9484,2371.0,topo,topoI,0.25
9484,2371.0,topo,gyrase,0.25
9484,2371.0,RNAP,RNAP,1.0
9484,2371.0,mRNA,tetA,33.0
9484,2371.0,mRNA,Raspberry,2.0
9484,2371.0,mRNA,mKalama1,3.0
9485,2371.25,topo,topoI,0.25
9485,2371.25,topo,gyrase,0.25
9485,2371.25,RNAP,RNAP,1.0
9485,2371.25,mRNA,tetA,33.0
9485,2371.25,mRNA,Raspberry,2.0
9485,2371.25,mRNA,mKalama1,3.0
9486,2371.5,topo,topoI,0.25
9486,2371.5,topo,gyrase,0.25
9486,2371.5,RNAP,RNAP,1.0
9486,2371.5,mRNA,tetA,33.0
9486,2371.5,mRNA,Raspberry,2.0
9486,2371.5,mRNA,mKalama1,3.0
9487,2371.75,topo,topoI,0.25
9487,2371.75,topo,gyrase,0.25
9487,2371.75,RNAP,RNAP,1.0
9487,2371.75,mRNA,tetA,33.0
9487,2371.75,mRNA,Raspberry,2.0
9487,2371.75,mRNA,mKalama1,3.0
9488,2372.0,topo,topoI,0.25
9488,2372.0,topo,gyrase,0.25
9488,2372.0,RNAP,RNAP,1.0
9488,2372.0,mRNA,tetA,33.0
9488,2372.0,mRNA,Raspberry,2.0
9488,2372.0,mRNA,mKalama1,3.0
9489,2372.25,topo,topoI,0.25
9489,2372.25,topo,gyrase,0.25
9489,2372.25,RNAP,RNAP,1.0
9489,2372.25,mRNA,tetA,33.0
9489,2372.25,mRNA,Raspberry,2.0
9489,2372.25,mRNA,mKalama1,3.0
9490,2372.5,topo,topoI,0.25
9490,2372.5,topo,gyrase,0.25
9490,2372.5,RNAP,RNAP,1.0
9490,2372.5,mRNA,tetA,33.0
9490,2372.5,mRNA,Raspberry,2.0
9490,2372.5,mRNA,mKalama1,3.0
9491,2372.75,topo,topoI,0.25
9491,2372.75,topo,gyrase,0.25
9491,2372.75,RNAP,RNAP,1.0
9491,2372.75,mRNA,tetA,33.0
9491,2372.75,mRNA,Raspberry,2.0
9491,2372.75,mRNA,mKalama1,3.0
9492,2373.0,topo,topoI,0.25
9492,2373.0,topo,gyrase,0.25
9492,2373.0,RNAP,RNAP,1.0
9492,2373.0,mRNA,tetA,33.0
9492,2373.0,mRNA,Raspberry,2.0
9492,2373.0,mRNA,mKalama1,3.0
9493,2373.25,topo,topoI,0.25
9493,2373.25,topo,gyrase,0.25
9493,2373.25,RNAP,RNAP,1.0
9493,2373.25,mRNA,tetA,33.0
9493,2373.25,mRNA,Raspberry,2.0
9493,2373.25,mRNA,mKalama1,3.0
9494,2373.5,topo,topoI,0.25
9494,2373.5,topo,gyrase,0.25
9494,2373.5,RNAP,RNAP,1.0
9494,2373.5,mRNA,tetA,33.0
9494,2373.5,mRNA,Raspberry,2.0
9494,2373.5,mRNA,mKalama1,3.0
9495,2373.75,topo,topoI,0.25
9495,2373.75,topo,gyrase,0.25
9495,2373.75,RNAP,RNAP,1.0
9495,2373.75,mRNA,tetA,33.0
9495,2373.75,mRNA,Raspberry,2.0
9495,2373.75,mRNA,mKalama1,3.0
9496,2374.0,topo,topoI,0.25
9496,2374.0,topo,gyrase,0.25
9496,2374.0,RNAP,RNAP,1.0
9496,2374.0,mRNA,tetA,33.0
9496,2374.0,mRNA,Raspberry,2.0
9496,2374.0,mRNA,mKalama1,3.0
9497,2374.25,topo,topoI,0.25
9497,2374.25,topo,gyrase,0.25
9497,2374.25,RNAP,RNAP,1.0
9497,2374.25,mRNA,tetA,33.0
9497,2374.25,mRNA,Raspberry,2.0
9497,2374.25,mRNA,mKalama1,3.0
9498,2374.5,topo,topoI,0.25
9498,2374.5,topo,gyrase,0.25
9498,2374.5,RNAP,RNAP,1.0
9498,2374.5,mRNA,tetA,33.0
9498,2374.5,mRNA,Raspberry,2.0
9498,2374.5,mRNA,mKalama1,3.0
9499,2374.75,topo,topoI,0.25
9499,2374.75,topo,gyrase,0.25
9499,2374.75,RNAP,RNAP,1.0
9499,2374.75,mRNA,tetA,33.0
9499,2374.75,mRNA,Raspberry,2.0
9499,2374.75,mRNA,mKalama1,3.0
9500,2375.0,topo,topoI,0.25
9500,2375.0,topo,gyrase,0.25
9500,2375.0,RNAP,RNAP,1.0
9500,2375.0,mRNA,tetA,33.0
9500,2375.0,mRNA,Raspberry,2.0
9500,2375.0,mRNA,mKalama1,3.0
9501,2375.25,topo,topoI,0.25
9501,2375.25,topo,gyrase,0.25
9501,2375.25,RNAP,RNAP,1.0
9501,2375.25,mRNA,tetA,33.0
9501,2375.25,mRNA,Raspberry,2.0
9501,2375.25,mRNA,mKalama1,3.0
9502,2375.5,topo,topoI,0.25
9502,2375.5,topo,gyrase,0.25
9502,2375.5,RNAP,RNAP,1.0
9502,2375.5,mRNA,tetA,33.0
9502,2375.5,mRNA,Raspberry,2.0
9502,2375.5,mRNA,mKalama1,3.0
9503,2375.75,topo,topoI,0.25
9503,2375.75,topo,gyrase,0.25
9503,2375.75,RNAP,RNAP,1.0
9503,2375.75,mRNA,tetA,33.0
9503,2375.75,mRNA,Raspberry,2.0
9503,2375.75,mRNA,mKalama1,3.0
9504,2376.0,topo,topoI,0.25
9504,2376.0,topo,gyrase,0.25
9504,2376.0,RNAP,RNAP,1.0
9504,2376.0,mRNA,tetA,33.0
9504,2376.0,mRNA,Raspberry,2.0
9504,2376.0,mRNA,mKalama1,3.0
9505,2376.25,topo,topoI,0.25
9505,2376.25,topo,gyrase,0.25
9505,2376.25,RNAP,RNAP,1.0
9505,2376.25,mRNA,tetA,33.0
9505,2376.25,mRNA,Raspberry,2.0
9505,2376.25,mRNA,mKalama1,3.0
9506,2376.5,topo,topoI,0.25
9506,2376.5,topo,gyrase,0.25
9506,2376.5,RNAP,RNAP,1.0
9506,2376.5,mRNA,tetA,33.0
9506,2376.5,mRNA,Raspberry,2.0
9506,2376.5,mRNA,mKalama1,3.0
9507,2376.75,topo,topoI,0.25
9507,2376.75,topo,gyrase,0.25
9507,2376.75,RNAP,RNAP,1.0
9507,2376.75,mRNA,tetA,33.0
9507,2376.75,mRNA,Raspberry,2.0
9507,2376.75,mRNA,mKalama1,3.0
9508,2377.0,topo,topoI,0.25
9508,2377.0,topo,gyrase,0.25
9508,2377.0,RNAP,RNAP,1.0
9508,2377.0,mRNA,tetA,33.0
9508,2377.0,mRNA,Raspberry,2.0
9508,2377.0,mRNA,mKalama1,3.0
9509,2377.25,topo,topoI,0.25
9509,2377.25,topo,gyrase,0.25
9509,2377.25,RNAP,RNAP,1.0
9509,2377.25,mRNA,tetA,33.0
9509,2377.25,mRNA,Raspberry,2.0
9509,2377.25,mRNA,mKalama1,3.0
9510,2377.5,topo,topoI,0.25
9510,2377.5,topo,gyrase,0.25
9510,2377.5,RNAP,RNAP,1.0
9510,2377.5,mRNA,tetA,33.0
9510,2377.5,mRNA,Raspberry,2.0
9510,2377.5,mRNA,mKalama1,3.0
9511,2377.75,topo,topoI,0.25
9511,2377.75,topo,gyrase,0.25
9511,2377.75,RNAP,RNAP,1.0
9511,2377.75,mRNA,tetA,33.0
9511,2377.75,mRNA,Raspberry,2.0
9511,2377.75,mRNA,mKalama1,3.0
9512,2378.0,topo,topoI,0.25
9512,2378.0,topo,gyrase,0.25
9512,2378.0,RNAP,RNAP,1.0
9512,2378.0,mRNA,tetA,33.0
9512,2378.0,mRNA,Raspberry,2.0
9512,2378.0,mRNA,mKalama1,3.0
9513,2378.25,topo,topoI,0.25
9513,2378.25,topo,gyrase,0.25
9513,2378.25,RNAP,RNAP,1.0
9513,2378.25,mRNA,tetA,33.0
9513,2378.25,mRNA,Raspberry,2.0
9513,2378.25,mRNA,mKalama1,3.0
9514,2378.5,topo,topoI,0.25
9514,2378.5,topo,gyrase,0.25
9514,2378.5,RNAP,RNAP,1.0
9514,2378.5,mRNA,tetA,33.0
9514,2378.5,mRNA,Raspberry,2.0
9514,2378.5,mRNA,mKalama1,3.0
9515,2378.75,topo,topoI,0.25
9515,2378.75,topo,gyrase,0.25
9515,2378.75,RNAP,RNAP,1.0
9515,2378.75,mRNA,tetA,33.0
9515,2378.75,mRNA,Raspberry,2.0
9515,2378.75,mRNA,mKalama1,3.0
9516,2379.0,topo,topoI,0.25
9516,2379.0,topo,gyrase,0.25
9516,2379.0,RNAP,RNAP,1.0
9516,2379.0,mRNA,tetA,33.0
9516,2379.0,mRNA,Raspberry,2.0
9516,2379.0,mRNA,mKalama1,3.0
9517,2379.25,topo,topoI,0.25
9517,2379.25,topo,gyrase,0.25
9517,2379.25,RNAP,RNAP,1.0
9517,2379.25,mRNA,tetA,33.0
9517,2379.25,mRNA,Raspberry,2.0
9517,2379.25,mRNA,mKalama1,3.0
9518,2379.5,topo,topoI,0.25
9518,2379.5,topo,gyrase,0.25
9518,2379.5,RNAP,RNAP,1.0
9518,2379.5,mRNA,tetA,33.0
9518,2379.5,mRNA,Raspberry,2.0
9518,2379.5,mRNA,mKalama1,3.0
9519,2379.75,topo,topoI,0.25
9519,2379.75,topo,gyrase,0.25
9519,2379.75,RNAP,RNAP,1.0
9519,2379.75,mRNA,tetA,33.0
9519,2379.75,mRNA,Raspberry,2.0
9519,2379.75,mRNA,mKalama1,3.0
9520,2380.0,topo,topoI,0.25
9520,2380.0,topo,gyrase,0.25
9520,2380.0,RNAP,RNAP,1.0
9520,2380.0,mRNA,tetA,33.0
9520,2380.0,mRNA,Raspberry,2.0
9520,2380.0,mRNA,mKalama1,3.0
9521,2380.25,topo,topoI,0.25
9521,2380.25,topo,gyrase,0.25
9521,2380.25,RNAP,RNAP,1.0
9521,2380.25,mRNA,tetA,33.0
9521,2380.25,mRNA,Raspberry,2.0
9521,2380.25,mRNA,mKalama1,3.0
9522,2380.5,topo,topoI,0.25
9522,2380.5,topo,gyrase,0.25
9522,2380.5,RNAP,RNAP,1.0
9522,2380.5,mRNA,tetA,33.0
9522,2380.5,mRNA,Raspberry,2.0
9522,2380.5,mRNA,mKalama1,3.0
9523,2380.75,topo,topoI,0.25
9523,2380.75,topo,gyrase,0.25
9523,2380.75,RNAP,RNAP,1.0
9523,2380.75,mRNA,tetA,33.0
9523,2380.75,mRNA,Raspberry,2.0
9523,2380.75,mRNA,mKalama1,3.0
9524,2381.0,topo,topoI,0.25
9524,2381.0,topo,gyrase,0.25
9524,2381.0,RNAP,RNAP,1.0
9524,2381.0,mRNA,tetA,33.0
9524,2381.0,mRNA,Raspberry,2.0
9524,2381.0,mRNA,mKalama1,3.0
9525,2381.25,topo,topoI,0.25
9525,2381.25,topo,gyrase,0.25
9525,2381.25,RNAP,RNAP,1.0
9525,2381.25,mRNA,tetA,33.0
9525,2381.25,mRNA,Raspberry,2.0
9525,2381.25,mRNA,mKalama1,3.0
9526,2381.5,topo,topoI,0.25
9526,2381.5,topo,gyrase,0.25
9526,2381.5,RNAP,RNAP,1.0
9526,2381.5,mRNA,tetA,33.0
9526,2381.5,mRNA,Raspberry,2.0
9526,2381.5,mRNA,mKalama1,3.0
9527,2381.75,topo,topoI,0.25
9527,2381.75,topo,gyrase,0.25
9527,2381.75,RNAP,RNAP,1.0
9527,2381.75,mRNA,tetA,33.0
9527,2381.75,mRNA,Raspberry,2.0
9527,2381.75,mRNA,mKalama1,3.0
9528,2382.0,topo,topoI,0.25
9528,2382.0,topo,gyrase,0.25
9528,2382.0,RNAP,RNAP,1.0
9528,2382.0,mRNA,tetA,33.0
9528,2382.0,mRNA,Raspberry,2.0
9528,2382.0,mRNA,mKalama1,3.0
9529,2382.25,topo,topoI,0.25
9529,2382.25,topo,gyrase,0.25
9529,2382.25,RNAP,RNAP,1.0
9529,2382.25,mRNA,tetA,33.0
9529,2382.25,mRNA,Raspberry,2.0
9529,2382.25,mRNA,mKalama1,3.0
9530,2382.5,topo,topoI,0.25
9530,2382.5,topo,gyrase,0.25
9530,2382.5,RNAP,RNAP,1.0
9530,2382.5,mRNA,tetA,33.0
9530,2382.5,mRNA,Raspberry,2.0
9530,2382.5,mRNA,mKalama1,3.0
9531,2382.75,topo,topoI,0.25
9531,2382.75,topo,gyrase,0.25
9531,2382.75,RNAP,RNAP,1.0
9531,2382.75,mRNA,tetA,33.0
9531,2382.75,mRNA,Raspberry,2.0
9531,2382.75,mRNA,mKalama1,3.0
9532,2383.0,topo,topoI,0.25
9532,2383.0,topo,gyrase,0.25
9532,2383.0,RNAP,RNAP,1.0
9532,2383.0,mRNA,tetA,33.0
9532,2383.0,mRNA,Raspberry,2.0
9532,2383.0,mRNA,mKalama1,3.0
9533,2383.25,topo,topoI,0.25
9533,2383.25,topo,gyrase,0.25
9533,2383.25,RNAP,RNAP,1.0
9533,2383.25,mRNA,tetA,33.0
9533,2383.25,mRNA,Raspberry,2.0
9533,2383.25,mRNA,mKalama1,3.0
9534,2383.5,topo,topoI,0.25
9534,2383.5,topo,gyrase,0.25
9534,2383.5,RNAP,RNAP,1.0
9534,2383.5,mRNA,tetA,33.0
9534,2383.5,mRNA,Raspberry,2.0
9534,2383.5,mRNA,mKalama1,3.0
9535,2383.75,topo,topoI,0.25
9535,2383.75,topo,gyrase,0.25
9535,2383.75,RNAP,RNAP,1.0
9535,2383.75,mRNA,tetA,33.0
9535,2383.75,mRNA,Raspberry,2.0
9535,2383.75,mRNA,mKalama1,3.0
9536,2384.0,topo,topoI,0.25
9536,2384.0,topo,gyrase,0.25
9536,2384.0,RNAP,RNAP,1.0
9536,2384.0,mRNA,tetA,33.0
9536,2384.0,mRNA,Raspberry,2.0
9536,2384.0,mRNA,mKalama1,3.0
9537,2384.25,topo,topoI,0.25
9537,2384.25,topo,gyrase,0.25
9537,2384.25,RNAP,RNAP,1.0
9537,2384.25,mRNA,tetA,33.0
9537,2384.25,mRNA,Raspberry,2.0
9537,2384.25,mRNA,mKalama1,3.0
9538,2384.5,topo,topoI,0.25
9538,2384.5,topo,gyrase,0.25
9538,2384.5,RNAP,RNAP,1.0
9538,2384.5,mRNA,tetA,33.0
9538,2384.5,mRNA,Raspberry,2.0
9538,2384.5,mRNA,mKalama1,3.0
9539,2384.75,topo,topoI,0.25
9539,2384.75,topo,gyrase,0.25
9539,2384.75,RNAP,RNAP,1.0
9539,2384.75,mRNA,tetA,33.0
9539,2384.75,mRNA,Raspberry,2.0
9539,2384.75,mRNA,mKalama1,3.0
9540,2385.0,topo,topoI,0.25
9540,2385.0,topo,gyrase,0.25
9540,2385.0,RNAP,RNAP,1.0
9540,2385.0,mRNA,tetA,33.0
9540,2385.0,mRNA,Raspberry,2.0
9540,2385.0,mRNA,mKalama1,3.0
9541,2385.25,topo,topoI,0.25
9541,2385.25,topo,gyrase,0.25
9541,2385.25,RNAP,RNAP,1.0
9541,2385.25,mRNA,tetA,33.0
9541,2385.25,mRNA,Raspberry,2.0
9541,2385.25,mRNA,mKalama1,3.0
9542,2385.5,topo,topoI,0.25
9542,2385.5,topo,gyrase,0.25
9542,2385.5,RNAP,RNAP,1.0
9542,2385.5,mRNA,tetA,33.0
9542,2385.5,mRNA,Raspberry,2.0
9542,2385.5,mRNA,mKalama1,3.0
9543,2385.75,topo,topoI,0.25
9543,2385.75,topo,gyrase,0.25
9543,2385.75,RNAP,RNAP,1.0
9543,2385.75,mRNA,tetA,33.0
9543,2385.75,mRNA,Raspberry,2.0
9543,2385.75,mRNA,mKalama1,3.0
9544,2386.0,topo,topoI,0.25
9544,2386.0,topo,gyrase,0.25
9544,2386.0,RNAP,RNAP,1.0
9544,2386.0,mRNA,tetA,33.0
9544,2386.0,mRNA,Raspberry,2.0
9544,2386.0,mRNA,mKalama1,3.0
9545,2386.25,topo,topoI,0.25
9545,2386.25,topo,gyrase,0.25
9545,2386.25,RNAP,RNAP,1.0
9545,2386.25,mRNA,tetA,33.0
9545,2386.25,mRNA,Raspberry,2.0
9545,2386.25,mRNA,mKalama1,3.0
9546,2386.5,topo,topoI,0.25
9546,2386.5,topo,gyrase,0.25
9546,2386.5,RNAP,RNAP,1.0
9546,2386.5,mRNA,tetA,33.0
9546,2386.5,mRNA,Raspberry,2.0
9546,2386.5,mRNA,mKalama1,3.0
9547,2386.75,topo,topoI,0.25
9547,2386.75,topo,gyrase,0.25
9547,2386.75,RNAP,RNAP,1.0
9547,2386.75,mRNA,tetA,33.0
9547,2386.75,mRNA,Raspberry,2.0
9547,2386.75,mRNA,mKalama1,3.0
9548,2387.0,topo,topoI,0.25
9548,2387.0,topo,gyrase,0.25
9548,2387.0,RNAP,RNAP,1.0
9548,2387.0,mRNA,tetA,33.0
9548,2387.0,mRNA,Raspberry,2.0
9548,2387.0,mRNA,mKalama1,3.0
9549,2387.25,topo,topoI,0.25
9549,2387.25,topo,gyrase,0.25
9549,2387.25,RNAP,RNAP,1.0
9549,2387.25,mRNA,tetA,33.0
9549,2387.25,mRNA,Raspberry,2.0
9549,2387.25,mRNA,mKalama1,3.0
9550,2387.5,topo,topoI,0.25
9550,2387.5,topo,gyrase,0.25
9550,2387.5,RNAP,RNAP,1.0
9550,2387.5,mRNA,tetA,33.0
9550,2387.5,mRNA,Raspberry,2.0
9550,2387.5,mRNA,mKalama1,3.0
9551,2387.75,topo,topoI,0.25
9551,2387.75,topo,gyrase,0.25
9551,2387.75,RNAP,RNAP,1.0
9551,2387.75,mRNA,tetA,33.0
9551,2387.75,mRNA,Raspberry,2.0
9551,2387.75,mRNA,mKalama1,3.0
9552,2388.0,topo,topoI,0.25
9552,2388.0,topo,gyrase,0.25
9552,2388.0,RNAP,RNAP,1.0
9552,2388.0,mRNA,tetA,33.0
9552,2388.0,mRNA,Raspberry,2.0
9552,2388.0,mRNA,mKalama1,3.0
9553,2388.25,topo,topoI,0.25
9553,2388.25,topo,gyrase,0.25
9553,2388.25,RNAP,RNAP,1.0
9553,2388.25,mRNA,tetA,33.0
9553,2388.25,mRNA,Raspberry,2.0
9553,2388.25,mRNA,mKalama1,3.0
9554,2388.5,topo,topoI,0.25
9554,2388.5,topo,gyrase,0.25
9554,2388.5,RNAP,RNAP,1.0
9554,2388.5,mRNA,tetA,33.0
9554,2388.5,mRNA,Raspberry,2.0
9554,2388.5,mRNA,mKalama1,3.0
9555,2388.75,topo,topoI,0.25
9555,2388.75,topo,gyrase,0.25
9555,2388.75,RNAP,RNAP,1.0
9555,2388.75,mRNA,tetA,33.0
9555,2388.75,mRNA,Raspberry,2.0
9555,2388.75,mRNA,mKalama1,3.0
9556,2389.0,topo,topoI,0.25
9556,2389.0,topo,gyrase,0.25
9556,2389.0,RNAP,RNAP,1.0
9556,2389.0,mRNA,tetA,33.0
9556,2389.0,mRNA,Raspberry,2.0
9556,2389.0,mRNA,mKalama1,3.0
9557,2389.25,topo,topoI,0.25
9557,2389.25,topo,gyrase,0.25
9557,2389.25,RNAP,RNAP,1.0
9557,2389.25,mRNA,tetA,33.0
9557,2389.25,mRNA,Raspberry,2.0
9557,2389.25,mRNA,mKalama1,3.0
9558,2389.5,topo,topoI,0.25
9558,2389.5,topo,gyrase,0.25
9558,2389.5,RNAP,RNAP,1.0
9558,2389.5,mRNA,tetA,33.0
9558,2389.5,mRNA,Raspberry,2.0
9558,2389.5,mRNA,mKalama1,3.0
9559,2389.75,topo,topoI,0.25
9559,2389.75,topo,gyrase,0.25
9559,2389.75,RNAP,RNAP,1.0
9559,2389.75,mRNA,tetA,33.0
9559,2389.75,mRNA,Raspberry,2.0
9559,2389.75,mRNA,mKalama1,3.0
9560,2390.0,topo,topoI,0.25
9560,2390.0,topo,gyrase,0.25
9560,2390.0,RNAP,RNAP,1.0
9560,2390.0,mRNA,tetA,33.0
9560,2390.0,mRNA,Raspberry,2.0
9560,2390.0,mRNA,mKalama1,3.0
9561,2390.25,topo,topoI,0.25
9561,2390.25,topo,gyrase,0.25
9561,2390.25,RNAP,RNAP,1.0
9561,2390.25,mRNA,tetA,33.0
9561,2390.25,mRNA,Raspberry,2.0
9561,2390.25,mRNA,mKalama1,3.0
9562,2390.5,topo,topoI,0.25
9562,2390.5,topo,gyrase,0.25
9562,2390.5,RNAP,RNAP,1.0
9562,2390.5,mRNA,tetA,33.0
9562,2390.5,mRNA,Raspberry,2.0
9562,2390.5,mRNA,mKalama1,3.0
9563,2390.75,topo,topoI,0.25
9563,2390.75,topo,gyrase,0.25
9563,2390.75,RNAP,RNAP,1.0
9563,2390.75,mRNA,tetA,33.0
9563,2390.75,mRNA,Raspberry,2.0
9563,2390.75,mRNA,mKalama1,3.0
9564,2391.0,topo,topoI,0.25
9564,2391.0,topo,gyrase,0.25
9564,2391.0,RNAP,RNAP,1.0
9564,2391.0,mRNA,tetA,33.0
9564,2391.0,mRNA,Raspberry,2.0
9564,2391.0,mRNA,mKalama1,3.0
9565,2391.25,topo,topoI,0.25
9565,2391.25,topo,gyrase,0.25
9565,2391.25,RNAP,RNAP,1.0
9565,2391.25,mRNA,tetA,33.0
9565,2391.25,mRNA,Raspberry,2.0
9565,2391.25,mRNA,mKalama1,3.0
9566,2391.5,topo,topoI,0.25
9566,2391.5,topo,gyrase,0.25
9566,2391.5,RNAP,RNAP,1.0
9566,2391.5,mRNA,tetA,33.0
9566,2391.5,mRNA,Raspberry,2.0
9566,2391.5,mRNA,mKalama1,3.0
9567,2391.75,topo,topoI,0.25
9567,2391.75,topo,gyrase,0.25
9567,2391.75,RNAP,RNAP,1.0
9567,2391.75,mRNA,tetA,33.0
9567,2391.75,mRNA,Raspberry,2.0
9567,2391.75,mRNA,mKalama1,3.0
9568,2392.0,topo,topoI,0.25
9568,2392.0,topo,gyrase,0.25
9568,2392.0,RNAP,RNAP,1.0
9568,2392.0,mRNA,tetA,33.0
9568,2392.0,mRNA,Raspberry,2.0
9568,2392.0,mRNA,mKalama1,3.0
9569,2392.25,topo,topoI,0.25
9569,2392.25,topo,gyrase,0.25
9569,2392.25,RNAP,RNAP,1.0
9569,2392.25,mRNA,tetA,33.0
9569,2392.25,mRNA,Raspberry,2.0
9569,2392.25,mRNA,mKalama1,3.0
9570,2392.5,topo,topoI,0.25
9570,2392.5,topo,gyrase,0.25
9570,2392.5,RNAP,RNAP,1.0
9570,2392.5,mRNA,tetA,33.0
9570,2392.5,mRNA,Raspberry,2.0
9570,2392.5,mRNA,mKalama1,3.0
9571,2392.75,topo,topoI,0.25
9571,2392.75,topo,gyrase,0.25
9571,2392.75,RNAP,RNAP,1.0
9571,2392.75,mRNA,tetA,33.0
9571,2392.75,mRNA,Raspberry,2.0
9571,2392.75,mRNA,mKalama1,3.0
9572,2393.0,topo,topoI,0.25
9572,2393.0,topo,gyrase,0.25
9572,2393.0,RNAP,RNAP,1.0
9572,2393.0,mRNA,tetA,33.0
9572,2393.0,mRNA,Raspberry,2.0
9572,2393.0,mRNA,mKalama1,3.0
9573,2393.25,topo,topoI,0.25
9573,2393.25,topo,gyrase,0.25
9573,2393.25,RNAP,RNAP,1.0
9573,2393.25,mRNA,tetA,33.0
9573,2393.25,mRNA,Raspberry,2.0
9573,2393.25,mRNA,mKalama1,3.0
9574,2393.5,topo,topoI,0.25
9574,2393.5,topo,gyrase,0.25
9574,2393.5,RNAP,RNAP,1.0
9574,2393.5,mRNA,tetA,33.0
9574,2393.5,mRNA,Raspberry,2.0
9574,2393.5,mRNA,mKalama1,3.0
9575,2393.75,topo,topoI,0.25
9575,2393.75,topo,gyrase,0.25
9575,2393.75,RNAP,RNAP,1.0
9575,2393.75,mRNA,tetA,33.0
9575,2393.75,mRNA,Raspberry,2.0
9575,2393.75,mRNA,mKalama1,3.0
9576,2394.0,topo,topoI,0.25
9576,2394.0,topo,gyrase,0.25
9576,2394.0,RNAP,RNAP,1.0
9576,2394.0,mRNA,tetA,33.0
9576,2394.0,mRNA,Raspberry,2.0
9576,2394.0,mRNA,mKalama1,3.0
9577,2394.25,topo,topoI,0.25
9577,2394.25,topo,gyrase,0.25
9577,2394.25,RNAP,RNAP,1.0
9577,2394.25,mRNA,tetA,33.0
9577,2394.25,mRNA,Raspberry,2.0
9577,2394.25,mRNA,mKalama1,3.0
9578,2394.5,topo,topoI,0.25
9578,2394.5,topo,gyrase,0.25
9578,2394.5,RNAP,RNAP,1.0
9578,2394.5,mRNA,tetA,33.0
9578,2394.5,mRNA,Raspberry,2.0
9578,2394.5,mRNA,mKalama1,3.0
9579,2394.75,topo,topoI,0.25
9579,2394.75,topo,gyrase,0.25
9579,2394.75,RNAP,RNAP,1.0
9579,2394.75,mRNA,tetA,33.0
9579,2394.75,mRNA,Raspberry,2.0
9579,2394.75,mRNA,mKalama1,3.0
9580,2395.0,topo,topoI,0.25
9580,2395.0,topo,gyrase,0.25
9580,2395.0,RNAP,RNAP,1.0
9580,2395.0,mRNA,tetA,33.0
9580,2395.0,mRNA,Raspberry,2.0
9580,2395.0,mRNA,mKalama1,3.0
9581,2395.25,topo,topoI,0.25
9581,2395.25,topo,gyrase,0.25
9581,2395.25,RNAP,RNAP,1.0
9581,2395.25,mRNA,tetA,33.0
9581,2395.25,mRNA,Raspberry,2.0
9581,2395.25,mRNA,mKalama1,3.0
9582,2395.5,topo,topoI,0.25
9582,2395.5,topo,gyrase,0.25
9582,2395.5,RNAP,RNAP,1.0
9582,2395.5,mRNA,tetA,33.0
9582,2395.5,mRNA,Raspberry,2.0
9582,2395.5,mRNA,mKalama1,3.0
9583,2395.75,topo,topoI,0.25
9583,2395.75,topo,gyrase,0.25
9583,2395.75,RNAP,RNAP,1.0
9583,2395.75,mRNA,tetA,33.0
9583,2395.75,mRNA,Raspberry,2.0
9583,2395.75,mRNA,mKalama1,3.0
9584,2396.0,topo,topoI,0.25
9584,2396.0,topo,gyrase,0.25
9584,2396.0,RNAP,RNAP,1.0
9584,2396.0,mRNA,tetA,33.0
9584,2396.0,mRNA,Raspberry,2.0
9584,2396.0,mRNA,mKalama1,3.0
9585,2396.25,topo,topoI,0.25
9585,2396.25,topo,gyrase,0.25
9585,2396.25,RNAP,RNAP,1.0
9585,2396.25,mRNA,tetA,33.0
9585,2396.25,mRNA,Raspberry,2.0
9585,2396.25,mRNA,mKalama1,3.0
9586,2396.5,topo,topoI,0.25
9586,2396.5,topo,gyrase,0.25
9586,2396.5,RNAP,RNAP,1.0
9586,2396.5,mRNA,tetA,33.0
9586,2396.5,mRNA,Raspberry,2.0
9586,2396.5,mRNA,mKalama1,3.0
9587,2396.75,topo,topoI,0.25
9587,2396.75,topo,gyrase,0.25
9587,2396.75,RNAP,RNAP,1.0
9587,2396.75,mRNA,tetA,33.0
9587,2396.75,mRNA,Raspberry,2.0
9587,2396.75,mRNA,mKalama1,3.0
9588,2397.0,topo,topoI,0.25
9588,2397.0,topo,gyrase,0.25
9588,2397.0,RNAP,RNAP,1.0
9588,2397.0,mRNA,tetA,33.0
9588,2397.0,mRNA,Raspberry,2.0
9588,2397.0,mRNA,mKalama1,3.0
9589,2397.25,topo,topoI,0.25
9589,2397.25,topo,gyrase,0.25
9589,2397.25,RNAP,RNAP,1.0
9589,2397.25,mRNA,tetA,33.0
9589,2397.25,mRNA,Raspberry,2.0
9589,2397.25,mRNA,mKalama1,3.0
9590,2397.5,topo,topoI,0.25
9590,2397.5,topo,gyrase,0.25
9590,2397.5,RNAP,RNAP,1.0
9590,2397.5,mRNA,tetA,33.0
9590,2397.5,mRNA,Raspberry,2.0
9590,2397.5,mRNA,mKalama1,3.0
9591,2397.75,topo,topoI,0.25
9591,2397.75,topo,gyrase,0.25
9591,2397.75,RNAP,RNAP,1.0
9591,2397.75,mRNA,tetA,33.0
9591,2397.75,mRNA,Raspberry,2.0
9591,2397.75,mRNA,mKalama1,3.0
9592,2398.0,topo,topoI,0.25
9592,2398.0,topo,gyrase,0.25
9592,2398.0,RNAP,RNAP,1.0
9592,2398.0,mRNA,tetA,33.0
9592,2398.0,mRNA,Raspberry,2.0
9592,2398.0,mRNA,mKalama1,3.0
9593,2398.25,topo,topoI,0.25
9593,2398.25,topo,gyrase,0.25
9593,2398.25,RNAP,RNAP,1.0
9593,2398.25,mRNA,tetA,33.0
9593,2398.25,mRNA,Raspberry,2.0
9593,2398.25,mRNA,mKalama1,3.0
9594,2398.5,topo,topoI,0.25
9594,2398.5,topo,gyrase,0.25
9594,2398.5,RNAP,RNAP,1.0
9594,2398.5,mRNA,tetA,33.0
9594,2398.5,mRNA,Raspberry,2.0
9594,2398.5,mRNA,mKalama1,3.0
9595,2398.75,topo,topoI,0.25
9595,2398.75,topo,gyrase,0.25
9595,2398.75,RNAP,RNAP,1.0
9595,2398.75,mRNA,tetA,33.0
9595,2398.75,mRNA,Raspberry,2.0
9595,2398.75,mRNA,mKalama1,3.0
9596,2399.0,topo,topoI,0.25
9596,2399.0,topo,gyrase,0.25
9596,2399.0,RNAP,RNAP,1.0
9596,2399.0,mRNA,tetA,33.0
9596,2399.0,mRNA,Raspberry,2.0
9596,2399.0,mRNA,mKalama1,3.0
9597,2399.25,topo,topoI,0.25
9597,2399.25,topo,gyrase,0.25
9597,2399.25,RNAP,RNAP,1.0
9597,2399.25,mRNA,tetA,33.0
9597,2399.25,mRNA,Raspberry,2.0
9597,2399.25,mRNA,mKalama1,3.0
9598,2399.5,topo,topoI,0.25
9598,2399.5,topo,gyrase,0.25
9598,2399.5,RNAP,RNAP,1.0
9598,2399.5,mRNA,tetA,33.0
9598,2399.5,mRNA,Raspberry,2.0
9598,2399.5,mRNA,mKalama1,3.0
9599,2399.75,topo,topoI,0.25
9599,2399.75,topo,gyrase,0.25
9599,2399.75,RNAP,RNAP,1.0
9599,2399.75,mRNA,tetA,33.0
9599,2399.75,mRNA,Raspberry,2.0
9599,2399.75,mRNA,mKalama1,3.0
9600,2400.0,topo,topoI,0.25
9600,2400.0,topo,gyrase,0.25
9600,2400.0,RNAP,RNAP,1.0
9600,2400.0,mRNA,tetA,33.0
9600,2400.0,mRNA,Raspberry,2.0
9600,2400.0,mRNA,mKalama1,3.0
9601,2400.25,topo,topoI,0.25
9601,2400.25,topo,gyrase,0.25
9601,2400.25,RNAP,RNAP,1.0
9601,2400.25,mRNA,tetA,33.0
9601,2400.25,mRNA,Raspberry,2.0
9601,2400.25,mRNA,mKalama1,3.0
9602,2400.5,topo,topoI,0.25
9602,2400.5,topo,gyrase,0.25
9602,2400.5,RNAP,RNAP,1.0
9602,2400.5,mRNA,tetA,33.0
9602,2400.5,mRNA,Raspberry,2.0
9602,2400.5,mRNA,mKalama1,3.0
9603,2400.75,topo,topoI,0.25
9603,2400.75,topo,gyrase,0.25
9603,2400.75,RNAP,RNAP,1.0
9603,2400.75,mRNA,tetA,33.0
9603,2400.75,mRNA,Raspberry,2.0
9603,2400.75,mRNA,mKalama1,3.0
9604,2401.0,topo,topoI,0.25
9604,2401.0,topo,gyrase,0.25
9604,2401.0,RNAP,RNAP,1.0
9604,2401.0,mRNA,tetA,33.0
9604,2401.0,mRNA,Raspberry,2.0
9604,2401.0,mRNA,mKalama1,3.0
9605,2401.25,topo,topoI,0.25
9605,2401.25,topo,gyrase,0.25
9605,2401.25,RNAP,RNAP,1.0
9605,2401.25,mRNA,tetA,33.0
9605,2401.25,mRNA,Raspberry,2.0
9605,2401.25,mRNA,mKalama1,3.0
9606,2401.5,topo,topoI,0.25
9606,2401.5,topo,gyrase,0.25
9606,2401.5,RNAP,RNAP,1.0
9606,2401.5,mRNA,tetA,33.0
9606,2401.5,mRNA,Raspberry,2.0
9606,2401.5,mRNA,mKalama1,3.0
9607,2401.75,topo,topoI,0.25
9607,2401.75,topo,gyrase,0.25
9607,2401.75,RNAP,RNAP,1.0
9607,2401.75,mRNA,tetA,33.0
9607,2401.75,mRNA,Raspberry,2.0
9607,2401.75,mRNA,mKalama1,3.0
9608,2402.0,topo,topoI,0.25
9608,2402.0,topo,gyrase,0.25
9608,2402.0,RNAP,RNAP,1.0
9608,2402.0,mRNA,tetA,33.0
9608,2402.0,mRNA,Raspberry,2.0
9608,2402.0,mRNA,mKalama1,3.0
9609,2402.25,topo,topoI,0.25
9609,2402.25,topo,gyrase,0.25
9609,2402.25,RNAP,RNAP,1.0
9609,2402.25,mRNA,tetA,33.0
9609,2402.25,mRNA,Raspberry,2.0
9609,2402.25,mRNA,mKalama1,3.0
9610,2402.5,topo,topoI,0.25
9610,2402.5,topo,gyrase,0.25
9610,2402.5,RNAP,RNAP,1.0
9610,2402.5,mRNA,tetA,33.0
9610,2402.5,mRNA,Raspberry,2.0
9610,2402.5,mRNA,mKalama1,3.0
9611,2402.75,topo,topoI,0.25
9611,2402.75,topo,gyrase,0.25
9611,2402.75,RNAP,RNAP,1.0
9611,2402.75,mRNA,tetA,33.0
9611,2402.75,mRNA,Raspberry,2.0
9611,2402.75,mRNA,mKalama1,3.0
9612,2403.0,topo,topoI,0.25
9612,2403.0,topo,gyrase,0.25
9612,2403.0,RNAP,RNAP,1.0
9612,2403.0,mRNA,tetA,33.0
9612,2403.0,mRNA,Raspberry,2.0
9612,2403.0,mRNA,mKalama1,3.0
9613,2403.25,topo,topoI,0.25
9613,2403.25,topo,gyrase,0.25
9613,2403.25,RNAP,RNAP,1.0
9613,2403.25,mRNA,tetA,33.0
9613,2403.25,mRNA,Raspberry,2.0
9613,2403.25,mRNA,mKalama1,3.0
9614,2403.5,topo,topoI,0.25
9614,2403.5,topo,gyrase,0.25
9614,2403.5,RNAP,RNAP,1.0
9614,2403.5,mRNA,tetA,33.0
9614,2403.5,mRNA,Raspberry,2.0
9614,2403.5,mRNA,mKalama1,3.0
9615,2403.75,topo,topoI,0.25
9615,2403.75,topo,gyrase,0.25
9615,2403.75,RNAP,RNAP,1.0
9615,2403.75,mRNA,tetA,33.0
9615,2403.75,mRNA,Raspberry,2.0
9615,2403.75,mRNA,mKalama1,3.0
9616,2404.0,topo,topoI,0.25
9616,2404.0,topo,gyrase,0.25
9616,2404.0,RNAP,RNAP,1.0
9616,2404.0,mRNA,tetA,33.0
9616,2404.0,mRNA,Raspberry,2.0
9616,2404.0,mRNA,mKalama1,3.0
9617,2404.25,topo,topoI,0.25
9617,2404.25,topo,gyrase,0.25
9617,2404.25,RNAP,RNAP,1.0
9617,2404.25,mRNA,tetA,33.0
9617,2404.25,mRNA,Raspberry,2.0
9617,2404.25,mRNA,mKalama1,3.0
9618,2404.5,topo,topoI,0.25
9618,2404.5,topo,gyrase,0.25
9618,2404.5,RNAP,RNAP,1.0
9618,2404.5,mRNA,tetA,33.0
9618,2404.5,mRNA,Raspberry,2.0
9618,2404.5,mRNA,mKalama1,3.0
9619,2404.75,topo,topoI,0.25
9619,2404.75,topo,gyrase,0.25
9619,2404.75,RNAP,RNAP,1.0
9619,2404.75,mRNA,tetA,33.0
9619,2404.75,mRNA,Raspberry,2.0
9619,2404.75,mRNA,mKalama1,3.0
9620,2405.0,topo,topoI,0.25
9620,2405.0,topo,gyrase,0.25
9620,2405.0,RNAP,RNAP,1.0
9620,2405.0,mRNA,tetA,33.0
9620,2405.0,mRNA,Raspberry,2.0
9620,2405.0,mRNA,mKalama1,3.0
9621,2405.25,topo,topoI,0.25
9621,2405.25,topo,gyrase,0.25
9621,2405.25,RNAP,RNAP,1.0
9621,2405.25,mRNA,tetA,33.0
9621,2405.25,mRNA,Raspberry,2.0
9621,2405.25,mRNA,mKalama1,3.0
9622,2405.5,topo,topoI,0.25
9622,2405.5,topo,gyrase,0.25
9622,2405.5,RNAP,RNAP,1.0
9622,2405.5,mRNA,tetA,33.0
9622,2405.5,mRNA,Raspberry,2.0
9622,2405.5,mRNA,mKalama1,3.0
9623,2405.75,topo,topoI,0.25
9623,2405.75,topo,gyrase,0.25
9623,2405.75,RNAP,RNAP,1.0
9623,2405.75,mRNA,tetA,33.0
9623,2405.75,mRNA,Raspberry,2.0
9623,2405.75,mRNA,mKalama1,3.0
9624,2406.0,topo,topoI,0.25
9624,2406.0,topo,gyrase,0.25
9624,2406.0,RNAP,RNAP,1.0
9624,2406.0,mRNA,tetA,33.0
9624,2406.0,mRNA,Raspberry,2.0
9624,2406.0,mRNA,mKalama1,3.0
9625,2406.25,topo,topoI,0.25
9625,2406.25,topo,gyrase,0.25
9625,2406.25,RNAP,RNAP,1.0
9625,2406.25,mRNA,tetA,33.0
9625,2406.25,mRNA,Raspberry,2.0
9625,2406.25,mRNA,mKalama1,3.0
9626,2406.5,topo,topoI,0.25
9626,2406.5,topo,gyrase,0.25
9626,2406.5,RNAP,RNAP,1.0
9626,2406.5,mRNA,tetA,33.0
9626,2406.5,mRNA,Raspberry,2.0
9626,2406.5,mRNA,mKalama1,3.0
9627,2406.75,topo,topoI,0.25
9627,2406.75,topo,gyrase,0.25
9627,2406.75,RNAP,RNAP,1.0
9627,2406.75,mRNA,tetA,33.0
9627,2406.75,mRNA,Raspberry,2.0
9627,2406.75,mRNA,mKalama1,3.0
9628,2407.0,topo,topoI,0.25
9628,2407.0,topo,gyrase,0.25
9628,2407.0,RNAP,RNAP,1.0
9628,2407.0,mRNA,tetA,33.0
9628,2407.0,mRNA,Raspberry,2.0
9628,2407.0,mRNA,mKalama1,3.0
9629,2407.25,topo,topoI,0.25
9629,2407.25,topo,gyrase,0.25
9629,2407.25,RNAP,RNAP,1.0
9629,2407.25,mRNA,tetA,33.0
9629,2407.25,mRNA,Raspberry,2.0
9629,2407.25,mRNA,mKalama1,3.0
9630,2407.5,topo,topoI,0.25
9630,2407.5,topo,gyrase,0.25
9630,2407.5,RNAP,RNAP,1.0
9630,2407.5,mRNA,tetA,33.0
9630,2407.5,mRNA,Raspberry,2.0
9630,2407.5,mRNA,mKalama1,3.0
9631,2407.75,topo,topoI,0.25
9631,2407.75,topo,gyrase,0.25
9631,2407.75,RNAP,RNAP,1.0
9631,2407.75,mRNA,tetA,33.0
9631,2407.75,mRNA,Raspberry,2.0
9631,2407.75,mRNA,mKalama1,3.0
9632,2408.0,topo,topoI,0.25
9632,2408.0,topo,gyrase,0.25
9632,2408.0,RNAP,RNAP,1.0
9632,2408.0,mRNA,tetA,33.0
9632,2408.0,mRNA,Raspberry,2.0
9632,2408.0,mRNA,mKalama1,3.0
9633,2408.25,topo,topoI,0.25
9633,2408.25,topo,gyrase,0.25
9633,2408.25,RNAP,RNAP,1.0
9633,2408.25,mRNA,tetA,33.0
9633,2408.25,mRNA,Raspberry,2.0
9633,2408.25,mRNA,mKalama1,3.0
9634,2408.5,topo,topoI,0.25
9634,2408.5,topo,gyrase,0.25
9634,2408.5,RNAP,RNAP,1.0
9634,2408.5,mRNA,tetA,33.0
9634,2408.5,mRNA,Raspberry,2.0
9634,2408.5,mRNA,mKalama1,3.0
9635,2408.75,topo,topoI,0.25
9635,2408.75,topo,gyrase,0.25
9635,2408.75,RNAP,RNAP,1.0
9635,2408.75,mRNA,tetA,33.0
9635,2408.75,mRNA,Raspberry,2.0
9635,2408.75,mRNA,mKalama1,3.0
9636,2409.0,topo,topoI,0.25
9636,2409.0,topo,gyrase,0.25
9636,2409.0,RNAP,RNAP,1.0
9636,2409.0,mRNA,tetA,33.0
9636,2409.0,mRNA,Raspberry,2.0
9636,2409.0,mRNA,mKalama1,3.0
9637,2409.25,topo,topoI,0.25
9637,2409.25,topo,gyrase,0.25
9637,2409.25,RNAP,RNAP,1.0
9637,2409.25,mRNA,tetA,33.0
9637,2409.25,mRNA,Raspberry,2.0
9637,2409.25,mRNA,mKalama1,3.0
9638,2409.5,topo,topoI,0.25
9638,2409.5,topo,gyrase,0.25
9638,2409.5,RNAP,RNAP,1.0
9638,2409.5,mRNA,tetA,33.0
9638,2409.5,mRNA,Raspberry,2.0
9638,2409.5,mRNA,mKalama1,3.0
9639,2409.75,topo,topoI,0.25
9639,2409.75,topo,gyrase,0.25
9639,2409.75,RNAP,RNAP,1.0
9639,2409.75,mRNA,tetA,33.0
9639,2409.75,mRNA,Raspberry,2.0
9639,2409.75,mRNA,mKalama1,3.0
9640,2410.0,topo,topoI,0.25
9640,2410.0,topo,gyrase,0.25
9640,2410.0,RNAP,RNAP,1.0
9640,2410.0,mRNA,tetA,33.0
9640,2410.0,mRNA,Raspberry,2.0
9640,2410.0,mRNA,mKalama1,3.0
9641,2410.25,topo,topoI,0.25
9641,2410.25,topo,gyrase,0.25
9641,2410.25,RNAP,RNAP,1.0
9641,2410.25,mRNA,tetA,33.0
9641,2410.25,mRNA,Raspberry,2.0
9641,2410.25,mRNA,mKalama1,3.0
9642,2410.5,topo,topoI,0.25
9642,2410.5,topo,gyrase,0.25
9642,2410.5,RNAP,RNAP,1.0
9642,2410.5,mRNA,tetA,33.0
9642,2410.5,mRNA,Raspberry,2.0
9642,2410.5,mRNA,mKalama1,3.0
9643,2410.75,topo,topoI,0.25
9643,2410.75,topo,gyrase,0.25
9643,2410.75,RNAP,RNAP,1.0
9643,2410.75,mRNA,tetA,33.0
9643,2410.75,mRNA,Raspberry,2.0
9643,2410.75,mRNA,mKalama1,3.0
9644,2411.0,topo,topoI,0.25
9644,2411.0,topo,gyrase,0.25
9644,2411.0,RNAP,RNAP,1.0
9644,2411.0,mRNA,tetA,33.0
9644,2411.0,mRNA,Raspberry,2.0
9644,2411.0,mRNA,mKalama1,3.0
9645,2411.25,topo,topoI,0.25
9645,2411.25,topo,gyrase,0.25
9645,2411.25,RNAP,RNAP,1.0
9645,2411.25,mRNA,tetA,33.0
9645,2411.25,mRNA,Raspberry,2.0
9645,2411.25,mRNA,mKalama1,3.0
9646,2411.5,topo,topoI,0.25
9646,2411.5,topo,gyrase,0.25
9646,2411.5,RNAP,RNAP,1.0
9646,2411.5,mRNA,tetA,33.0
9646,2411.5,mRNA,Raspberry,2.0
9646,2411.5,mRNA,mKalama1,3.0
9647,2411.75,topo,topoI,0.25
9647,2411.75,topo,gyrase,0.25
9647,2411.75,RNAP,RNAP,1.0
9647,2411.75,mRNA,tetA,33.0
9647,2411.75,mRNA,Raspberry,2.0
9647,2411.75,mRNA,mKalama1,3.0
9648,2412.0,topo,topoI,0.25
9648,2412.0,topo,gyrase,0.25
9648,2412.0,RNAP,RNAP,1.0
9648,2412.0,mRNA,tetA,33.0
9648,2412.0,mRNA,Raspberry,2.0
9648,2412.0,mRNA,mKalama1,3.0
9649,2412.25,topo,topoI,0.25
9649,2412.25,topo,gyrase,0.25
9649,2412.25,RNAP,RNAP,1.0
9649,2412.25,mRNA,tetA,33.0
9649,2412.25,mRNA,Raspberry,2.0
9649,2412.25,mRNA,mKalama1,3.0
9650,2412.5,topo,topoI,0.25
9650,2412.5,topo,gyrase,0.25
9650,2412.5,RNAP,RNAP,1.0
9650,2412.5,mRNA,tetA,33.0
9650,2412.5,mRNA,Raspberry,2.0
9650,2412.5,mRNA,mKalama1,3.0
9651,2412.75,topo,topoI,0.25
9651,2412.75,topo,gyrase,0.25
9651,2412.75,RNAP,RNAP,1.0
9651,2412.75,mRNA,tetA,33.0
9651,2412.75,mRNA,Raspberry,2.0
9651,2412.75,mRNA,mKalama1,3.0
9652,2413.0,topo,topoI,0.25
9652,2413.0,topo,gyrase,0.25
9652,2413.0,RNAP,RNAP,1.0
9652,2413.0,mRNA,tetA,33.0
9652,2413.0,mRNA,Raspberry,2.0
9652,2413.0,mRNA,mKalama1,3.0
9653,2413.25,topo,topoI,0.25
9653,2413.25,topo,gyrase,0.25
9653,2413.25,RNAP,RNAP,1.0
9653,2413.25,mRNA,tetA,33.0
9653,2413.25,mRNA,Raspberry,2.0
9653,2413.25,mRNA,mKalama1,3.0
9654,2413.5,topo,topoI,0.25
9654,2413.5,topo,gyrase,0.25
9654,2413.5,RNAP,RNAP,1.0
9654,2413.5,mRNA,tetA,33.0
9654,2413.5,mRNA,Raspberry,2.0
9654,2413.5,mRNA,mKalama1,3.0
9655,2413.75,topo,topoI,0.25
9655,2413.75,topo,gyrase,0.25
9655,2413.75,RNAP,RNAP,1.0
9655,2413.75,mRNA,tetA,33.0
9655,2413.75,mRNA,Raspberry,2.0
9655,2413.75,mRNA,mKalama1,3.0
9656,2414.0,topo,topoI,0.25
9656,2414.0,topo,gyrase,0.25
9656,2414.0,RNAP,RNAP,1.0
9656,2414.0,mRNA,tetA,33.0
9656,2414.0,mRNA,Raspberry,2.0
9656,2414.0,mRNA,mKalama1,3.0
9657,2414.25,topo,topoI,0.25
9657,2414.25,topo,gyrase,0.25
9657,2414.25,RNAP,RNAP,1.0
9657,2414.25,mRNA,tetA,33.0
9657,2414.25,mRNA,Raspberry,2.0
9657,2414.25,mRNA,mKalama1,3.0
9658,2414.5,topo,topoI,0.25
9658,2414.5,topo,gyrase,0.25
9658,2414.5,RNAP,RNAP,1.0
9658,2414.5,mRNA,tetA,33.0
9658,2414.5,mRNA,Raspberry,2.0
9658,2414.5,mRNA,mKalama1,3.0
9659,2414.75,topo,topoI,0.25
9659,2414.75,topo,gyrase,0.25
9659,2414.75,RNAP,RNAP,1.0
9659,2414.75,mRNA,tetA,33.0
9659,2414.75,mRNA,Raspberry,2.0
9659,2414.75,mRNA,mKalama1,3.0
9660,2415.0,topo,topoI,0.25
9660,2415.0,topo,gyrase,0.25
9660,2415.0,RNAP,RNAP,1.0
9660,2415.0,mRNA,tetA,33.0
9660,2415.0,mRNA,Raspberry,2.0
9660,2415.0,mRNA,mKalama1,3.0
9661,2415.25,topo,topoI,0.25
9661,2415.25,topo,gyrase,0.25
9661,2415.25,RNAP,RNAP,1.0
9661,2415.25,mRNA,tetA,33.0
9661,2415.25,mRNA,Raspberry,2.0
9661,2415.25,mRNA,mKalama1,3.0
9662,2415.5,topo,topoI,0.25
9662,2415.5,topo,gyrase,0.25
9662,2415.5,RNAP,RNAP,1.0
9662,2415.5,mRNA,tetA,33.0
9662,2415.5,mRNA,Raspberry,2.0
9662,2415.5,mRNA,mKalama1,3.0
9663,2415.75,topo,topoI,0.25
9663,2415.75,topo,gyrase,0.25
9663,2415.75,RNAP,RNAP,1.0
9663,2415.75,mRNA,tetA,33.0
9663,2415.75,mRNA,Raspberry,2.0
9663,2415.75,mRNA,mKalama1,3.0
9664,2416.0,topo,topoI,0.25
9664,2416.0,topo,gyrase,0.25
9664,2416.0,RNAP,RNAP,1.0
9664,2416.0,mRNA,tetA,33.0
9664,2416.0,mRNA,Raspberry,2.0
9664,2416.0,mRNA,mKalama1,3.0
9665,2416.25,topo,topoI,0.25
9665,2416.25,topo,gyrase,0.25
9665,2416.25,RNAP,RNAP,1.0
9665,2416.25,mRNA,tetA,33.0
9665,2416.25,mRNA,Raspberry,2.0
9665,2416.25,mRNA,mKalama1,3.0
9666,2416.5,topo,topoI,0.25
9666,2416.5,topo,gyrase,0.25
9666,2416.5,RNAP,RNAP,1.0
9666,2416.5,mRNA,tetA,33.0
9666,2416.5,mRNA,Raspberry,2.0
9666,2416.5,mRNA,mKalama1,3.0
9667,2416.75,topo,topoI,0.25
9667,2416.75,topo,gyrase,0.25
9667,2416.75,RNAP,RNAP,1.0
9667,2416.75,mRNA,tetA,33.0
9667,2416.75,mRNA,Raspberry,2.0
9667,2416.75,mRNA,mKalama1,3.0
9668,2417.0,topo,topoI,0.25
9668,2417.0,topo,gyrase,0.25
9668,2417.0,RNAP,RNAP,1.0
9668,2417.0,mRNA,tetA,33.0
9668,2417.0,mRNA,Raspberry,2.0
9668,2417.0,mRNA,mKalama1,3.0
9669,2417.25,topo,topoI,0.25
9669,2417.25,topo,gyrase,0.25
9669,2417.25,RNAP,RNAP,1.0
9669,2417.25,mRNA,tetA,33.0
9669,2417.25,mRNA,Raspberry,2.0
9669,2417.25,mRNA,mKalama1,3.0
9670,2417.5,topo,topoI,0.25
9670,2417.5,topo,gyrase,0.25
9670,2417.5,RNAP,RNAP,1.0
9670,2417.5,mRNA,tetA,33.0
9670,2417.5,mRNA,Raspberry,2.0
9670,2417.5,mRNA,mKalama1,3.0
9671,2417.75,topo,topoI,0.25
9671,2417.75,topo,gyrase,0.25
9671,2417.75,RNAP,RNAP,1.0
9671,2417.75,mRNA,tetA,33.0
9671,2417.75,mRNA,Raspberry,2.0
9671,2417.75,mRNA,mKalama1,3.0
9672,2418.0,topo,topoI,0.25
9672,2418.0,topo,gyrase,0.25
9672,2418.0,RNAP,RNAP,1.0
9672,2418.0,mRNA,tetA,33.0
9672,2418.0,mRNA,Raspberry,2.0
9672,2418.0,mRNA,mKalama1,3.0
9673,2418.25,topo,topoI,0.25
9673,2418.25,topo,gyrase,0.25
9673,2418.25,RNAP,RNAP,1.0
9673,2418.25,mRNA,tetA,33.0
9673,2418.25,mRNA,Raspberry,2.0
9673,2418.25,mRNA,mKalama1,3.0
9674,2418.5,topo,topoI,0.25
9674,2418.5,topo,gyrase,0.25
9674,2418.5,RNAP,RNAP,1.0
9674,2418.5,mRNA,tetA,33.0
9674,2418.5,mRNA,Raspberry,2.0
9674,2418.5,mRNA,mKalama1,3.0
9675,2418.75,topo,topoI,0.25
9675,2418.75,topo,gyrase,0.25
9675,2418.75,RNAP,RNAP,1.0
9675,2418.75,mRNA,tetA,33.0
9675,2418.75,mRNA,Raspberry,2.0
9675,2418.75,mRNA,mKalama1,3.0
9676,2419.0,topo,topoI,0.25
9676,2419.0,topo,gyrase,0.25
9676,2419.0,RNAP,RNAP,1.0
9676,2419.0,mRNA,tetA,33.0
9676,2419.0,mRNA,Raspberry,2.0
9676,2419.0,mRNA,mKalama1,3.0
9677,2419.25,topo,topoI,0.25
9677,2419.25,topo,gyrase,0.25
9677,2419.25,RNAP,RNAP,1.0
9677,2419.25,mRNA,tetA,33.0
9677,2419.25,mRNA,Raspberry,2.0
9677,2419.25,mRNA,mKalama1,3.0
9678,2419.5,topo,topoI,0.25
9678,2419.5,topo,gyrase,0.25
9678,2419.5,RNAP,RNAP,1.0
9678,2419.5,mRNA,tetA,33.0
9678,2419.5,mRNA,Raspberry,2.0
9678,2419.5,mRNA,mKalama1,3.0
9679,2419.75,topo,topoI,0.25
9679,2419.75,topo,gyrase,0.25
9679,2419.75,RNAP,RNAP,1.0
9679,2419.75,mRNA,tetA,33.0
9679,2419.75,mRNA,Raspberry,2.0
9679,2419.75,mRNA,mKalama1,3.0
9680,2420.0,topo,topoI,0.25
9680,2420.0,topo,gyrase,0.25
9680,2420.0,RNAP,RNAP,1.0
9680,2420.0,mRNA,tetA,33.0
9680,2420.0,mRNA,Raspberry,2.0
9680,2420.0,mRNA,mKalama1,3.0
9681,2420.25,topo,topoI,0.25
9681,2420.25,topo,gyrase,0.25
9681,2420.25,RNAP,RNAP,1.0
9681,2420.25,mRNA,tetA,33.0
9681,2420.25,mRNA,Raspberry,2.0
9681,2420.25,mRNA,mKalama1,3.0
9682,2420.5,topo,topoI,0.25
9682,2420.5,topo,gyrase,0.25
9682,2420.5,RNAP,RNAP,1.0
9682,2420.5,mRNA,tetA,33.0
9682,2420.5,mRNA,Raspberry,2.0
9682,2420.5,mRNA,mKalama1,3.0
9683,2420.75,topo,topoI,0.25
9683,2420.75,topo,gyrase,0.25
9683,2420.75,RNAP,RNAP,1.0
9683,2420.75,mRNA,tetA,33.0
9683,2420.75,mRNA,Raspberry,2.0
9683,2420.75,mRNA,mKalama1,3.0
9684,2421.0,topo,topoI,0.25
9684,2421.0,topo,gyrase,0.25
9684,2421.0,RNAP,RNAP,1.0
9684,2421.0,mRNA,tetA,33.0
9684,2421.0,mRNA,Raspberry,2.0
9684,2421.0,mRNA,mKalama1,3.0
9685,2421.25,topo,topoI,0.25
9685,2421.25,topo,gyrase,0.25
9685,2421.25,RNAP,RNAP,1.0
9685,2421.25,mRNA,tetA,33.0
9685,2421.25,mRNA,Raspberry,2.0
9685,2421.25,mRNA,mKalama1,3.0
9686,2421.5,topo,topoI,0.25
9686,2421.5,topo,gyrase,0.25
9686,2421.5,RNAP,RNAP,1.0
9686,2421.5,mRNA,tetA,33.0
9686,2421.5,mRNA,Raspberry,2.0
9686,2421.5,mRNA,mKalama1,3.0
9687,2421.75,topo,topoI,0.25
9687,2421.75,topo,gyrase,0.25
9687,2421.75,RNAP,RNAP,1.0
9687,2421.75,mRNA,tetA,33.0
9687,2421.75,mRNA,Raspberry,2.0
9687,2421.75,mRNA,mKalama1,3.0
9688,2422.0,topo,topoI,0.25
9688,2422.0,topo,gyrase,0.25
9688,2422.0,RNAP,RNAP,1.0
9688,2422.0,mRNA,tetA,33.0
9688,2422.0,mRNA,Raspberry,2.0
9688,2422.0,mRNA,mKalama1,3.0
9689,2422.25,topo,topoI,0.25
9689,2422.25,topo,gyrase,0.25
9689,2422.25,RNAP,RNAP,1.0
9689,2422.25,mRNA,tetA,33.0
9689,2422.25,mRNA,Raspberry,2.0
9689,2422.25,mRNA,mKalama1,3.0
9690,2422.5,topo,topoI,0.25
9690,2422.5,topo,gyrase,0.25
9690,2422.5,RNAP,RNAP,1.0
9690,2422.5,mRNA,tetA,33.0
9690,2422.5,mRNA,Raspberry,2.0
9690,2422.5,mRNA,mKalama1,3.0
9691,2422.75,topo,topoI,0.25
9691,2422.75,topo,gyrase,0.25
9691,2422.75,RNAP,RNAP,1.0
9691,2422.75,mRNA,tetA,33.0
9691,2422.75,mRNA,Raspberry,2.0
9691,2422.75,mRNA,mKalama1,3.0
9692,2423.0,topo,topoI,0.25
9692,2423.0,topo,gyrase,0.25
9692,2423.0,RNAP,RNAP,1.0
9692,2423.0,mRNA,tetA,33.0
9692,2423.0,mRNA,Raspberry,2.0
9692,2423.0,mRNA,mKalama1,3.0
9693,2423.25,topo,topoI,0.25
9693,2423.25,topo,gyrase,0.25
9693,2423.25,RNAP,RNAP,1.0
9693,2423.25,mRNA,tetA,33.0
9693,2423.25,mRNA,Raspberry,2.0
9693,2423.25,mRNA,mKalama1,3.0
9694,2423.5,topo,topoI,0.25
9694,2423.5,topo,gyrase,0.25
9694,2423.5,RNAP,RNAP,1.0
9694,2423.5,mRNA,tetA,33.0
9694,2423.5,mRNA,Raspberry,2.0
9694,2423.5,mRNA,mKalama1,3.0
9695,2423.75,topo,topoI,0.25
9695,2423.75,topo,gyrase,0.25
9695,2423.75,RNAP,RNAP,1.0
9695,2423.75,mRNA,tetA,33.0
9695,2423.75,mRNA,Raspberry,2.0
9695,2423.75,mRNA,mKalama1,3.0
9696,2424.0,topo,topoI,0.25
9696,2424.0,topo,gyrase,0.25
9696,2424.0,RNAP,RNAP,1.0
9696,2424.0,mRNA,tetA,33.0
9696,2424.0,mRNA,Raspberry,2.0
9696,2424.0,mRNA,mKalama1,3.0
9697,2424.25,topo,topoI,0.25
9697,2424.25,topo,gyrase,0.25
9697,2424.25,RNAP,RNAP,1.0
9697,2424.25,mRNA,tetA,33.0
9697,2424.25,mRNA,Raspberry,2.0
9697,2424.25,mRNA,mKalama1,3.0
9698,2424.5,topo,topoI,0.25
9698,2424.5,topo,gyrase,0.25
9698,2424.5,RNAP,RNAP,1.0
9698,2424.5,mRNA,tetA,33.0
9698,2424.5,mRNA,Raspberry,2.0
9698,2424.5,mRNA,mKalama1,3.0
9699,2424.75,topo,topoI,0.25
9699,2424.75,topo,gyrase,0.25
9699,2424.75,RNAP,RNAP,1.0
9699,2424.75,mRNA,tetA,34.0
9699,2424.75,mRNA,Raspberry,2.0
9699,2424.75,mRNA,mKalama1,3.0
9700,2425.0,topo,topoI,0.25
9700,2425.0,topo,gyrase,0.25
9700,2425.0,RNAP,RNAP,1.0
9700,2425.0,mRNA,tetA,34.0
9700,2425.0,mRNA,Raspberry,2.0
9700,2425.0,mRNA,mKalama1,3.0
9701,2425.25,topo,topoI,0.25
9701,2425.25,topo,gyrase,0.25
9701,2425.25,RNAP,RNAP,1.0
9701,2425.25,mRNA,tetA,34.0
9701,2425.25,mRNA,Raspberry,2.0
9701,2425.25,mRNA,mKalama1,3.0
9702,2425.5,topo,topoI,0.25
9702,2425.5,topo,gyrase,0.25
9702,2425.5,RNAP,RNAP,1.0
9702,2425.5,mRNA,tetA,34.0
9702,2425.5,mRNA,Raspberry,2.0
9702,2425.5,mRNA,mKalama1,3.0
9703,2425.75,topo,topoI,0.25
9703,2425.75,topo,gyrase,0.25
9703,2425.75,RNAP,RNAP,1.0
9703,2425.75,mRNA,tetA,34.0
9703,2425.75,mRNA,Raspberry,2.0
9703,2425.75,mRNA,mKalama1,3.0
9704,2426.0,topo,topoI,0.25
9704,2426.0,topo,gyrase,0.25
9704,2426.0,RNAP,RNAP,1.0
9704,2426.0,mRNA,tetA,34.0
9704,2426.0,mRNA,Raspberry,2.0
9704,2426.0,mRNA,mKalama1,3.0
9705,2426.25,topo,topoI,0.25
9705,2426.25,topo,gyrase,0.25
9705,2426.25,RNAP,RNAP,1.0
9705,2426.25,mRNA,tetA,34.0
9705,2426.25,mRNA,Raspberry,2.0
9705,2426.25,mRNA,mKalama1,3.0
9706,2426.5,topo,topoI,0.25
9706,2426.5,topo,gyrase,0.25
9706,2426.5,RNAP,RNAP,1.0
9706,2426.5,mRNA,tetA,34.0
9706,2426.5,mRNA,Raspberry,2.0
9706,2426.5,mRNA,mKalama1,3.0
9707,2426.75,topo,topoI,0.25
9707,2426.75,topo,gyrase,0.25
9707,2426.75,RNAP,RNAP,1.0
9707,2426.75,mRNA,tetA,34.0
9707,2426.75,mRNA,Raspberry,2.0
9707,2426.75,mRNA,mKalama1,3.0
9708,2427.0,topo,topoI,0.25
9708,2427.0,topo,gyrase,0.25
9708,2427.0,RNAP,RNAP,1.0
9708,2427.0,mRNA,tetA,34.0
9708,2427.0,mRNA,Raspberry,2.0
9708,2427.0,mRNA,mKalama1,3.0
9709,2427.25,topo,topoI,0.25
9709,2427.25,topo,gyrase,0.25
9709,2427.25,RNAP,RNAP,1.0
9709,2427.25,mRNA,tetA,34.0
9709,2427.25,mRNA,Raspberry,2.0
9709,2427.25,mRNA,mKalama1,3.0
9710,2427.5,topo,topoI,0.25
9710,2427.5,topo,gyrase,0.25
9710,2427.5,RNAP,RNAP,1.0
9710,2427.5,mRNA,tetA,34.0
9710,2427.5,mRNA,Raspberry,2.0
9710,2427.5,mRNA,mKalama1,3.0
9711,2427.75,topo,topoI,0.25
9711,2427.75,topo,gyrase,0.25
9711,2427.75,RNAP,RNAP,1.0
9711,2427.75,mRNA,tetA,34.0
9711,2427.75,mRNA,Raspberry,2.0
9711,2427.75,mRNA,mKalama1,3.0
9712,2428.0,topo,topoI,0.25
9712,2428.0,topo,gyrase,0.25
9712,2428.0,RNAP,RNAP,1.0
9712,2428.0,mRNA,tetA,34.0
9712,2428.0,mRNA,Raspberry,2.0
9712,2428.0,mRNA,mKalama1,3.0
9713,2428.25,topo,topoI,0.25
9713,2428.25,topo,gyrase,0.25
9713,2428.25,RNAP,RNAP,1.0
9713,2428.25,mRNA,tetA,34.0
9713,2428.25,mRNA,Raspberry,2.0
9713,2428.25,mRNA,mKalama1,3.0
9714,2428.5,topo,topoI,0.25
9714,2428.5,topo,gyrase,0.25
9714,2428.5,RNAP,RNAP,1.0
9714,2428.5,mRNA,tetA,34.0
9714,2428.5,mRNA,Raspberry,2.0
9714,2428.5,mRNA,mKalama1,3.0
9715,2428.75,topo,topoI,0.25
9715,2428.75,topo,gyrase,0.25
9715,2428.75,RNAP,RNAP,1.0
9715,2428.75,mRNA,tetA,34.0
9715,2428.75,mRNA,Raspberry,2.0
9715,2428.75,mRNA,mKalama1,3.0
9716,2429.0,topo,topoI,0.25
9716,2429.0,topo,gyrase,0.25
9716,2429.0,RNAP,RNAP,1.0
9716,2429.0,mRNA,tetA,34.0
9716,2429.0,mRNA,Raspberry,2.0
9716,2429.0,mRNA,mKalama1,3.0
9717,2429.25,topo,topoI,0.25
9717,2429.25,topo,gyrase,0.25
9717,2429.25,RNAP,RNAP,1.0
9717,2429.25,mRNA,tetA,34.0
9717,2429.25,mRNA,Raspberry,2.0
9717,2429.25,mRNA,mKalama1,3.0
9718,2429.5,topo,topoI,0.25
9718,2429.5,topo,gyrase,0.25
9718,2429.5,RNAP,RNAP,1.0
9718,2429.5,mRNA,tetA,34.0
9718,2429.5,mRNA,Raspberry,2.0
9718,2429.5,mRNA,mKalama1,3.0
9719,2429.75,topo,topoI,0.25
9719,2429.75,topo,gyrase,0.25
9719,2429.75,RNAP,RNAP,1.0
9719,2429.75,mRNA,tetA,34.0
9719,2429.75,mRNA,Raspberry,2.0
9719,2429.75,mRNA,mKalama1,3.0
9720,2430.0,topo,topoI,0.25
9720,2430.0,topo,gyrase,0.25
9720,2430.0,RNAP,RNAP,1.0
9720,2430.0,mRNA,tetA,34.0
9720,2430.0,mRNA,Raspberry,2.0
9720,2430.0,mRNA,mKalama1,3.0
9721,2430.25,topo,topoI,0.25
9721,2430.25,topo,gyrase,0.25
9721,2430.25,RNAP,RNAP,1.0
9721,2430.25,mRNA,tetA,34.0
9721,2430.25,mRNA,Raspberry,2.0
9721,2430.25,mRNA,mKalama1,3.0
9722,2430.5,topo,topoI,0.25
9722,2430.5,topo,gyrase,0.25
9722,2430.5,RNAP,RNAP,1.0
9722,2430.5,mRNA,tetA,34.0
9722,2430.5,mRNA,Raspberry,2.0
9722,2430.5,mRNA,mKalama1,3.0
9723,2430.75,topo,topoI,0.25
9723,2430.75,topo,gyrase,0.25
9723,2430.75,RNAP,RNAP,1.0
9723,2430.75,mRNA,tetA,34.0
9723,2430.75,mRNA,Raspberry,2.0
9723,2430.75,mRNA,mKalama1,3.0
9724,2431.0,topo,topoI,0.25
9724,2431.0,topo,gyrase,0.25
9724,2431.0,RNAP,RNAP,1.0
9724,2431.0,mRNA,tetA,34.0
9724,2431.0,mRNA,Raspberry,2.0
9724,2431.0,mRNA,mKalama1,3.0
9725,2431.25,topo,topoI,0.25
9725,2431.25,topo,gyrase,0.25
9725,2431.25,RNAP,RNAP,1.0
9725,2431.25,mRNA,tetA,34.0
9725,2431.25,mRNA,Raspberry,2.0
9725,2431.25,mRNA,mKalama1,3.0
9726,2431.5,topo,topoI,0.25
9726,2431.5,topo,gyrase,0.25
9726,2431.5,RNAP,RNAP,1.0
9726,2431.5,mRNA,tetA,34.0
9726,2431.5,mRNA,Raspberry,2.0
9726,2431.5,mRNA,mKalama1,3.0
9727,2431.75,topo,topoI,0.25
9727,2431.75,topo,gyrase,0.25
9727,2431.75,RNAP,RNAP,1.0
9727,2431.75,mRNA,tetA,34.0
9727,2431.75,mRNA,Raspberry,2.0
9727,2431.75,mRNA,mKalama1,3.0
9728,2432.0,topo,topoI,0.25
9728,2432.0,topo,gyrase,0.25
9728,2432.0,RNAP,RNAP,1.0
9728,2432.0,mRNA,tetA,34.0
9728,2432.0,mRNA,Raspberry,2.0
9728,2432.0,mRNA,mKalama1,3.0
9729,2432.25,topo,topoI,0.25
9729,2432.25,topo,gyrase,0.25
9729,2432.25,RNAP,RNAP,1.0
9729,2432.25,mRNA,tetA,34.0
9729,2432.25,mRNA,Raspberry,2.0
9729,2432.25,mRNA,mKalama1,3.0
9730,2432.5,topo,topoI,0.25
9730,2432.5,topo,gyrase,0.25
9730,2432.5,RNAP,RNAP,1.0
9730,2432.5,mRNA,tetA,34.0
9730,2432.5,mRNA,Raspberry,2.0
9730,2432.5,mRNA,mKalama1,3.0
9731,2432.75,topo,topoI,0.25
9731,2432.75,topo,gyrase,0.25
9731,2432.75,RNAP,RNAP,1.0
9731,2432.75,mRNA,tetA,34.0
9731,2432.75,mRNA,Raspberry,2.0
9731,2432.75,mRNA,mKalama1,3.0
9732,2433.0,topo,topoI,0.25
9732,2433.0,topo,gyrase,0.25
9732,2433.0,RNAP,RNAP,1.0
9732,2433.0,mRNA,tetA,34.0
9732,2433.0,mRNA,Raspberry,2.0
9732,2433.0,mRNA,mKalama1,3.0
9733,2433.25,topo,topoI,0.25
9733,2433.25,topo,gyrase,0.25
9733,2433.25,RNAP,RNAP,1.0
9733,2433.25,mRNA,tetA,34.0
9733,2433.25,mRNA,Raspberry,2.0
9733,2433.25,mRNA,mKalama1,3.0
9734,2433.5,topo,topoI,0.25
9734,2433.5,topo,gyrase,0.25
9734,2433.5,RNAP,RNAP,1.0
9734,2433.5,mRNA,tetA,34.0
9734,2433.5,mRNA,Raspberry,2.0
9734,2433.5,mRNA,mKalama1,3.0
9735,2433.75,topo,topoI,0.25
9735,2433.75,topo,gyrase,0.25
9735,2433.75,RNAP,RNAP,1.0
9735,2433.75,mRNA,tetA,34.0
9735,2433.75,mRNA,Raspberry,2.0
9735,2433.75,mRNA,mKalama1,3.0
9736,2434.0,topo,topoI,0.25
9736,2434.0,topo,gyrase,0.25
9736,2434.0,RNAP,RNAP,1.0
9736,2434.0,mRNA,tetA,34.0
9736,2434.0,mRNA,Raspberry,2.0
9736,2434.0,mRNA,mKalama1,3.0
9737,2434.25,topo,topoI,0.25
9737,2434.25,topo,gyrase,0.25
9737,2434.25,RNAP,RNAP,1.0
9737,2434.25,mRNA,tetA,34.0
9737,2434.25,mRNA,Raspberry,2.0
9737,2434.25,mRNA,mKalama1,3.0
9738,2434.5,topo,topoI,0.25
9738,2434.5,topo,gyrase,0.25
9738,2434.5,RNAP,RNAP,1.0
9738,2434.5,mRNA,tetA,34.0
9738,2434.5,mRNA,Raspberry,2.0
9738,2434.5,mRNA,mKalama1,3.0
9739,2434.75,topo,topoI,0.25
9739,2434.75,topo,gyrase,0.25
9739,2434.75,RNAP,RNAP,1.0
9739,2434.75,mRNA,tetA,34.0
9739,2434.75,mRNA,Raspberry,2.0
9739,2434.75,mRNA,mKalama1,3.0
9740,2435.0,topo,topoI,0.25
9740,2435.0,topo,gyrase,0.25
9740,2435.0,RNAP,RNAP,1.0
9740,2435.0,mRNA,tetA,34.0
9740,2435.0,mRNA,Raspberry,2.0
9740,2435.0,mRNA,mKalama1,3.0
9741,2435.25,topo,topoI,0.25
9741,2435.25,topo,gyrase,0.25
9741,2435.25,RNAP,RNAP,1.0
9741,2435.25,mRNA,tetA,34.0
9741,2435.25,mRNA,Raspberry,2.0
9741,2435.25,mRNA,mKalama1,3.0
9742,2435.5,topo,topoI,0.25
9742,2435.5,topo,gyrase,0.25
9742,2435.5,RNAP,RNAP,1.0
9742,2435.5,mRNA,tetA,34.0
9742,2435.5,mRNA,Raspberry,2.0
9742,2435.5,mRNA,mKalama1,3.0
9743,2435.75,topo,topoI,0.25
9743,2435.75,topo,gyrase,0.25
9743,2435.75,RNAP,RNAP,1.0
9743,2435.75,mRNA,tetA,34.0
9743,2435.75,mRNA,Raspberry,2.0
9743,2435.75,mRNA,mKalama1,3.0
9744,2436.0,topo,topoI,0.25
9744,2436.0,topo,gyrase,0.25
9744,2436.0,RNAP,RNAP,1.0
9744,2436.0,mRNA,tetA,34.0
9744,2436.0,mRNA,Raspberry,2.0
9744,2436.0,mRNA,mKalama1,3.0
9745,2436.25,topo,topoI,0.25
9745,2436.25,topo,gyrase,0.25
9745,2436.25,RNAP,RNAP,1.0
9745,2436.25,mRNA,tetA,34.0
9745,2436.25,mRNA,Raspberry,2.0
9745,2436.25,mRNA,mKalama1,3.0
9746,2436.5,topo,topoI,0.25
9746,2436.5,topo,gyrase,0.25
9746,2436.5,RNAP,RNAP,1.0
9746,2436.5,mRNA,tetA,34.0
9746,2436.5,mRNA,Raspberry,2.0
9746,2436.5,mRNA,mKalama1,3.0
9747,2436.75,topo,topoI,0.25
9747,2436.75,topo,gyrase,0.25
9747,2436.75,RNAP,RNAP,1.0
9747,2436.75,mRNA,tetA,34.0
9747,2436.75,mRNA,Raspberry,2.0
9747,2436.75,mRNA,mKalama1,3.0
9748,2437.0,topo,topoI,0.25
9748,2437.0,topo,gyrase,0.25
9748,2437.0,RNAP,RNAP,1.0
9748,2437.0,mRNA,tetA,34.0
9748,2437.0,mRNA,Raspberry,2.0
9748,2437.0,mRNA,mKalama1,3.0
9749,2437.25,topo,topoI,0.25
9749,2437.25,topo,gyrase,0.25
9749,2437.25,RNAP,RNAP,1.0
9749,2437.25,mRNA,tetA,34.0
9749,2437.25,mRNA,Raspberry,2.0
9749,2437.25,mRNA,mKalama1,3.0
9750,2437.5,topo,topoI,0.25
9750,2437.5,topo,gyrase,0.25
9750,2437.5,RNAP,RNAP,1.0
9750,2437.5,mRNA,tetA,34.0
9750,2437.5,mRNA,Raspberry,2.0
9750,2437.5,mRNA,mKalama1,3.0
9751,2437.75,topo,topoI,0.25
9751,2437.75,topo,gyrase,0.25
9751,2437.75,RNAP,RNAP,1.0
9751,2437.75,mRNA,tetA,34.0
9751,2437.75,mRNA,Raspberry,2.0
9751,2437.75,mRNA,mKalama1,3.0
9752,2438.0,topo,topoI,0.25
9752,2438.0,topo,gyrase,0.25
9752,2438.0,RNAP,RNAP,1.0
9752,2438.0,mRNA,tetA,34.0
9752,2438.0,mRNA,Raspberry,2.0
9752,2438.0,mRNA,mKalama1,3.0
9753,2438.25,topo,topoI,0.25
9753,2438.25,topo,gyrase,0.25
9753,2438.25,RNAP,RNAP,1.0
9753,2438.25,mRNA,tetA,34.0
9753,2438.25,mRNA,Raspberry,2.0
9753,2438.25,mRNA,mKalama1,3.0
9754,2438.5,topo,topoI,0.25
9754,2438.5,topo,gyrase,0.25
9754,2438.5,RNAP,RNAP,1.0
9754,2438.5,mRNA,tetA,34.0
9754,2438.5,mRNA,Raspberry,2.0
9754,2438.5,mRNA,mKalama1,3.0
9755,2438.75,topo,topoI,0.25
9755,2438.75,topo,gyrase,0.25
9755,2438.75,RNAP,RNAP,1.0
9755,2438.75,mRNA,tetA,34.0
9755,2438.75,mRNA,Raspberry,2.0
9755,2438.75,mRNA,mKalama1,3.0
9756,2439.0,topo,topoI,0.25
9756,2439.0,topo,gyrase,0.25
9756,2439.0,RNAP,RNAP,1.0
9756,2439.0,mRNA,tetA,34.0
9756,2439.0,mRNA,Raspberry,2.0
9756,2439.0,mRNA,mKalama1,3.0
9757,2439.25,topo,topoI,0.25
9757,2439.25,topo,gyrase,0.25
9757,2439.25,RNAP,RNAP,1.0
9757,2439.25,mRNA,tetA,34.0
9757,2439.25,mRNA,Raspberry,2.0
9757,2439.25,mRNA,mKalama1,3.0
9758,2439.5,topo,topoI,0.25
9758,2439.5,topo,gyrase,0.25
9758,2439.5,RNAP,RNAP,1.0
9758,2439.5,mRNA,tetA,34.0
9758,2439.5,mRNA,Raspberry,2.0
9758,2439.5,mRNA,mKalama1,3.0
9759,2439.75,topo,topoI,0.25
9759,2439.75,topo,gyrase,0.25
9759,2439.75,RNAP,RNAP,1.0
9759,2439.75,mRNA,tetA,34.0
9759,2439.75,mRNA,Raspberry,2.0
9759,2439.75,mRNA,mKalama1,3.0
9760,2440.0,topo,topoI,0.25
9760,2440.0,topo,gyrase,0.25
9760,2440.0,RNAP,RNAP,1.0
9760,2440.0,mRNA,tetA,34.0
9760,2440.0,mRNA,Raspberry,2.0
9760,2440.0,mRNA,mKalama1,3.0
9761,2440.25,topo,topoI,0.25
9761,2440.25,topo,gyrase,0.25
9761,2440.25,RNAP,RNAP,1.0
9761,2440.25,mRNA,tetA,34.0
9761,2440.25,mRNA,Raspberry,2.0
9761,2440.25,mRNA,mKalama1,3.0
9762,2440.5,topo,topoI,0.25
9762,2440.5,topo,gyrase,0.25
9762,2440.5,RNAP,RNAP,1.0
9762,2440.5,mRNA,tetA,34.0
9762,2440.5,mRNA,Raspberry,2.0
9762,2440.5,mRNA,mKalama1,3.0
9763,2440.75,topo,topoI,0.25
9763,2440.75,topo,gyrase,0.25
9763,2440.75,RNAP,RNAP,1.0
9763,2440.75,mRNA,tetA,34.0
9763,2440.75,mRNA,Raspberry,2.0
9763,2440.75,mRNA,mKalama1,3.0
9764,2441.0,topo,topoI,0.25
9764,2441.0,topo,gyrase,0.25
9764,2441.0,RNAP,RNAP,1.0
9764,2441.0,mRNA,tetA,34.0
9764,2441.0,mRNA,Raspberry,2.0
9764,2441.0,mRNA,mKalama1,3.0
9765,2441.25,topo,topoI,0.25
9765,2441.25,topo,gyrase,0.25
9765,2441.25,RNAP,RNAP,1.0
9765,2441.25,mRNA,tetA,34.0
9765,2441.25,mRNA,Raspberry,2.0
9765,2441.25,mRNA,mKalama1,3.0
9766,2441.5,topo,topoI,0.25
9766,2441.5,topo,gyrase,0.25
9766,2441.5,RNAP,RNAP,1.0
9766,2441.5,mRNA,tetA,34.0
9766,2441.5,mRNA,Raspberry,2.0
9766,2441.5,mRNA,mKalama1,3.0
9767,2441.75,topo,topoI,0.25
9767,2441.75,topo,gyrase,0.25
9767,2441.75,RNAP,RNAP,1.0
9767,2441.75,mRNA,tetA,34.0
9767,2441.75,mRNA,Raspberry,2.0
9767,2441.75,mRNA,mKalama1,3.0
9768,2442.0,topo,topoI,0.25
9768,2442.0,topo,gyrase,0.25
9768,2442.0,RNAP,RNAP,1.0
9768,2442.0,mRNA,tetA,34.0
9768,2442.0,mRNA,Raspberry,2.0
9768,2442.0,mRNA,mKalama1,3.0
9769,2442.25,topo,topoI,0.25
9769,2442.25,topo,gyrase,0.25
9769,2442.25,RNAP,RNAP,1.0
9769,2442.25,mRNA,tetA,34.0
9769,2442.25,mRNA,Raspberry,2.0
9769,2442.25,mRNA,mKalama1,3.0
9770,2442.5,topo,topoI,0.25
9770,2442.5,topo,gyrase,0.25
9770,2442.5,RNAP,RNAP,1.0
9770,2442.5,mRNA,tetA,35.0
9770,2442.5,mRNA,Raspberry,2.0
9770,2442.5,mRNA,mKalama1,3.0
9771,2442.75,topo,topoI,0.25
9771,2442.75,topo,gyrase,0.25
9771,2442.75,RNAP,RNAP,1.0
9771,2442.75,mRNA,tetA,35.0
9771,2442.75,mRNA,Raspberry,2.0
9771,2442.75,mRNA,mKalama1,3.0
9772,2443.0,topo,topoI,0.25
9772,2443.0,topo,gyrase,0.25
9772,2443.0,RNAP,RNAP,1.0
9772,2443.0,mRNA,tetA,35.0
9772,2443.0,mRNA,Raspberry,2.0
9772,2443.0,mRNA,mKalama1,3.0
9773,2443.25,topo,topoI,0.25
9773,2443.25,topo,gyrase,0.25
9773,2443.25,RNAP,RNAP,1.0
9773,2443.25,mRNA,tetA,35.0
9773,2443.25,mRNA,Raspberry,2.0
9773,2443.25,mRNA,mKalama1,3.0
9774,2443.5,topo,topoI,0.25
9774,2443.5,topo,gyrase,0.25
9774,2443.5,RNAP,RNAP,1.0
9774,2443.5,mRNA,tetA,35.0
9774,2443.5,mRNA,Raspberry,2.0
9774,2443.5,mRNA,mKalama1,3.0
9775,2443.75,topo,topoI,0.25
9775,2443.75,topo,gyrase,0.25
9775,2443.75,RNAP,RNAP,1.0
9775,2443.75,mRNA,tetA,35.0
9775,2443.75,mRNA,Raspberry,2.0
9775,2443.75,mRNA,mKalama1,3.0
9776,2444.0,topo,topoI,0.25
9776,2444.0,topo,gyrase,0.25
9776,2444.0,RNAP,RNAP,1.0
9776,2444.0,mRNA,tetA,35.0
9776,2444.0,mRNA,Raspberry,2.0
9776,2444.0,mRNA,mKalama1,3.0
9777,2444.25,topo,topoI,0.25
9777,2444.25,topo,gyrase,0.25
9777,2444.25,RNAP,RNAP,1.0
9777,2444.25,mRNA,tetA,35.0
9777,2444.25,mRNA,Raspberry,2.0
9777,2444.25,mRNA,mKalama1,3.0
9778,2444.5,topo,topoI,0.25
9778,2444.5,topo,gyrase,0.25
9778,2444.5,RNAP,RNAP,1.0
9778,2444.5,mRNA,tetA,35.0
9778,2444.5,mRNA,Raspberry,2.0
9778,2444.5,mRNA,mKalama1,3.0
9779,2444.75,topo,topoI,0.25
9779,2444.75,topo,gyrase,0.25
9779,2444.75,RNAP,RNAP,1.0
9779,2444.75,mRNA,tetA,35.0
9779,2444.75,mRNA,Raspberry,2.0
9779,2444.75,mRNA,mKalama1,3.0
9780,2445.0,topo,topoI,0.25
9780,2445.0,topo,gyrase,0.25
9780,2445.0,RNAP,RNAP,1.0
9780,2445.0,mRNA,tetA,35.0
9780,2445.0,mRNA,Raspberry,2.0
9780,2445.0,mRNA,mKalama1,3.0
9781,2445.25,topo,topoI,0.25
9781,2445.25,topo,gyrase,0.25
9781,2445.25,RNAP,RNAP,1.0
9781,2445.25,mRNA,tetA,35.0
9781,2445.25,mRNA,Raspberry,2.0
9781,2445.25,mRNA,mKalama1,3.0
9782,2445.5,topo,topoI,0.25
9782,2445.5,topo,gyrase,0.25
9782,2445.5,RNAP,RNAP,1.0
9782,2445.5,mRNA,tetA,35.0
9782,2445.5,mRNA,Raspberry,2.0
9782,2445.5,mRNA,mKalama1,3.0
9783,2445.75,topo,topoI,0.25
9783,2445.75,topo,gyrase,0.25
9783,2445.75,RNAP,RNAP,1.0
9783,2445.75,mRNA,tetA,35.0
9783,2445.75,mRNA,Raspberry,2.0
9783,2445.75,mRNA,mKalama1,3.0
9784,2446.0,topo,topoI,0.25
9784,2446.0,topo,gyrase,0.25
9784,2446.0,RNAP,RNAP,1.0
9784,2446.0,mRNA,tetA,35.0
9784,2446.0,mRNA,Raspberry,2.0
9784,2446.0,mRNA,mKalama1,3.0
9785,2446.25,topo,topoI,0.25
9785,2446.25,topo,gyrase,0.25
9785,2446.25,RNAP,RNAP,1.0
9785,2446.25,mRNA,tetA,35.0
9785,2446.25,mRNA,Raspberry,2.0
9785,2446.25,mRNA,mKalama1,3.0
9786,2446.5,topo,topoI,0.25
9786,2446.5,topo,gyrase,0.25
9786,2446.5,RNAP,RNAP,1.0
9786,2446.5,mRNA,tetA,35.0
9786,2446.5,mRNA,Raspberry,2.0
9786,2446.5,mRNA,mKalama1,3.0
9787,2446.75,topo,topoI,0.25
9787,2446.75,topo,gyrase,0.25
9787,2446.75,RNAP,RNAP,1.0
9787,2446.75,mRNA,tetA,35.0
9787,2446.75,mRNA,Raspberry,2.0
9787,2446.75,mRNA,mKalama1,3.0
9788,2447.0,topo,topoI,0.25
9788,2447.0,topo,gyrase,0.25
9788,2447.0,RNAP,RNAP,1.0
9788,2447.0,mRNA,tetA,35.0
9788,2447.0,mRNA,Raspberry,2.0
9788,2447.0,mRNA,mKalama1,3.0
9789,2447.25,topo,topoI,0.25
9789,2447.25,topo,gyrase,0.25
9789,2447.25,RNAP,RNAP,1.0
9789,2447.25,mRNA,tetA,35.0
9789,2447.25,mRNA,Raspberry,2.0
9789,2447.25,mRNA,mKalama1,3.0
9790,2447.5,topo,topoI,0.25
9790,2447.5,topo,gyrase,0.25
9790,2447.5,RNAP,RNAP,1.0
9790,2447.5,mRNA,tetA,35.0
9790,2447.5,mRNA,Raspberry,2.0
9790,2447.5,mRNA,mKalama1,3.0
9791,2447.75,topo,topoI,0.25
9791,2447.75,topo,gyrase,0.25
9791,2447.75,RNAP,RNAP,1.0
9791,2447.75,mRNA,tetA,35.0
9791,2447.75,mRNA,Raspberry,2.0
9791,2447.75,mRNA,mKalama1,3.0
9792,2448.0,topo,topoI,0.25
9792,2448.0,topo,gyrase,0.25
9792,2448.0,RNAP,RNAP,1.0
9792,2448.0,mRNA,tetA,35.0
9792,2448.0,mRNA,Raspberry,2.0
9792,2448.0,mRNA,mKalama1,3.0
9793,2448.25,topo,topoI,0.25
9793,2448.25,topo,gyrase,0.25
9793,2448.25,RNAP,RNAP,1.0
9793,2448.25,mRNA,tetA,35.0
9793,2448.25,mRNA,Raspberry,2.0
9793,2448.25,mRNA,mKalama1,3.0
9794,2448.5,topo,topoI,0.25
9794,2448.5,topo,gyrase,0.25
9794,2448.5,RNAP,RNAP,1.0
9794,2448.5,mRNA,tetA,35.0
9794,2448.5,mRNA,Raspberry,2.0
9794,2448.5,mRNA,mKalama1,3.0
9795,2448.75,topo,topoI,0.25
9795,2448.75,topo,gyrase,0.25
9795,2448.75,RNAP,RNAP,1.0
9795,2448.75,mRNA,tetA,35.0
9795,2448.75,mRNA,Raspberry,2.0
9795,2448.75,mRNA,mKalama1,3.0
9796,2449.0,topo,topoI,0.25
9796,2449.0,topo,gyrase,0.25
9796,2449.0,RNAP,RNAP,1.0
9796,2449.0,mRNA,tetA,35.0
9796,2449.0,mRNA,Raspberry,2.0
9796,2449.0,mRNA,mKalama1,3.0
9797,2449.25,topo,topoI,0.25
9797,2449.25,topo,gyrase,0.25
9797,2449.25,RNAP,RNAP,1.0
9797,2449.25,mRNA,tetA,35.0
9797,2449.25,mRNA,Raspberry,2.0
9797,2449.25,mRNA,mKalama1,3.0
9798,2449.5,topo,topoI,0.25
9798,2449.5,topo,gyrase,0.25
9798,2449.5,RNAP,RNAP,1.0
9798,2449.5,mRNA,tetA,35.0
9798,2449.5,mRNA,Raspberry,2.0
9798,2449.5,mRNA,mKalama1,3.0
9799,2449.75,topo,topoI,0.25
9799,2449.75,topo,gyrase,0.25
9799,2449.75,RNAP,RNAP,1.0
9799,2449.75,mRNA,tetA,35.0
9799,2449.75,mRNA,Raspberry,2.0
9799,2449.75,mRNA,mKalama1,3.0
9800,2450.0,topo,topoI,0.25
9800,2450.0,topo,gyrase,0.25
9800,2450.0,RNAP,RNAP,1.0
9800,2450.0,mRNA,tetA,35.0
9800,2450.0,mRNA,Raspberry,2.0
9800,2450.0,mRNA,mKalama1,3.0
9801,2450.25,topo,topoI,0.25
9801,2450.25,topo,gyrase,0.25
9801,2450.25,RNAP,RNAP,1.0
9801,2450.25,mRNA,tetA,35.0
9801,2450.25,mRNA,Raspberry,2.0
9801,2450.25,mRNA,mKalama1,3.0
9802,2450.5,topo,topoI,0.25
9802,2450.5,topo,gyrase,0.25
9802,2450.5,RNAP,RNAP,1.0
9802,2450.5,mRNA,tetA,35.0
9802,2450.5,mRNA,Raspberry,2.0
9802,2450.5,mRNA,mKalama1,3.0
9803,2450.75,topo,topoI,0.25
9803,2450.75,topo,gyrase,0.25
9803,2450.75,RNAP,RNAP,1.0
9803,2450.75,mRNA,tetA,35.0
9803,2450.75,mRNA,Raspberry,2.0
9803,2450.75,mRNA,mKalama1,3.0
9804,2451.0,topo,topoI,0.25
9804,2451.0,topo,gyrase,0.25
9804,2451.0,RNAP,RNAP,1.0
9804,2451.0,mRNA,tetA,35.0
9804,2451.0,mRNA,Raspberry,2.0
9804,2451.0,mRNA,mKalama1,3.0
9805,2451.25,topo,topoI,0.25
9805,2451.25,topo,gyrase,0.25
9805,2451.25,RNAP,RNAP,1.0
9805,2451.25,mRNA,tetA,35.0
9805,2451.25,mRNA,Raspberry,2.0
9805,2451.25,mRNA,mKalama1,3.0
9806,2451.5,topo,topoI,0.25
9806,2451.5,topo,gyrase,0.25
9806,2451.5,RNAP,RNAP,1.0
9806,2451.5,mRNA,tetA,35.0
9806,2451.5,mRNA,Raspberry,2.0
9806,2451.5,mRNA,mKalama1,3.0
9807,2451.75,topo,topoI,0.25
9807,2451.75,topo,gyrase,0.25
9807,2451.75,RNAP,RNAP,1.0
9807,2451.75,mRNA,tetA,35.0
9807,2451.75,mRNA,Raspberry,2.0
9807,2451.75,mRNA,mKalama1,3.0
9808,2452.0,topo,topoI,0.25
9808,2452.0,topo,gyrase,0.25
9808,2452.0,RNAP,RNAP,1.0
9808,2452.0,mRNA,tetA,35.0
9808,2452.0,mRNA,Raspberry,2.0
9808,2452.0,mRNA,mKalama1,3.0
9809,2452.25,topo,topoI,0.25
9809,2452.25,topo,gyrase,0.25
9809,2452.25,RNAP,RNAP,1.0
9809,2452.25,mRNA,tetA,35.0
9809,2452.25,mRNA,Raspberry,2.0
9809,2452.25,mRNA,mKalama1,3.0
9810,2452.5,topo,topoI,0.25
9810,2452.5,topo,gyrase,0.25
9810,2452.5,RNAP,RNAP,1.0
9810,2452.5,mRNA,tetA,35.0
9810,2452.5,mRNA,Raspberry,2.0
9810,2452.5,mRNA,mKalama1,3.0
9811,2452.75,topo,topoI,0.25
9811,2452.75,topo,gyrase,0.25
9811,2452.75,RNAP,RNAP,1.0
9811,2452.75,mRNA,tetA,35.0
9811,2452.75,mRNA,Raspberry,2.0
9811,2452.75,mRNA,mKalama1,3.0
9812,2453.0,topo,topoI,0.25
9812,2453.0,topo,gyrase,0.25
9812,2453.0,RNAP,RNAP,1.0
9812,2453.0,mRNA,tetA,35.0
9812,2453.0,mRNA,Raspberry,2.0
9812,2453.0,mRNA,mKalama1,3.0
9813,2453.25,topo,topoI,0.25
9813,2453.25,topo,gyrase,0.25
9813,2453.25,RNAP,RNAP,1.0
9813,2453.25,mRNA,tetA,35.0
9813,2453.25,mRNA,Raspberry,2.0
9813,2453.25,mRNA,mKalama1,3.0
9814,2453.5,topo,topoI,0.25
9814,2453.5,topo,gyrase,0.25
9814,2453.5,RNAP,RNAP,1.0
9814,2453.5,mRNA,tetA,35.0
9814,2453.5,mRNA,Raspberry,2.0
9814,2453.5,mRNA,mKalama1,3.0
9815,2453.75,topo,topoI,0.25
9815,2453.75,topo,gyrase,0.25
9815,2453.75,RNAP,RNAP,1.0
9815,2453.75,mRNA,tetA,35.0
9815,2453.75,mRNA,Raspberry,2.0
9815,2453.75,mRNA,mKalama1,3.0
9816,2454.0,topo,topoI,0.25
9816,2454.0,topo,gyrase,0.25
9816,2454.0,RNAP,RNAP,1.0
9816,2454.0,mRNA,tetA,35.0
9816,2454.0,mRNA,Raspberry,2.0
9816,2454.0,mRNA,mKalama1,3.0
9817,2454.25,topo,topoI,0.25
9817,2454.25,topo,gyrase,0.25
9817,2454.25,RNAP,RNAP,1.0
9817,2454.25,mRNA,tetA,35.0
9817,2454.25,mRNA,Raspberry,2.0
9817,2454.25,mRNA,mKalama1,3.0
9818,2454.5,topo,topoI,0.25
9818,2454.5,topo,gyrase,0.25
9818,2454.5,RNAP,RNAP,1.0
9818,2454.5,mRNA,tetA,35.0
9818,2454.5,mRNA,Raspberry,2.0
9818,2454.5,mRNA,mKalama1,3.0
9819,2454.75,topo,topoI,0.25
9819,2454.75,topo,gyrase,0.25
9819,2454.75,RNAP,RNAP,1.0
9819,2454.75,mRNA,tetA,35.0
9819,2454.75,mRNA,Raspberry,2.0
9819,2454.75,mRNA,mKalama1,3.0
9820,2455.0,topo,topoI,0.25
9820,2455.0,topo,gyrase,0.25
9820,2455.0,RNAP,RNAP,1.0
9820,2455.0,mRNA,tetA,35.0
9820,2455.0,mRNA,Raspberry,2.0
9820,2455.0,mRNA,mKalama1,3.0
9821,2455.25,topo,topoI,0.25
9821,2455.25,topo,gyrase,0.25
9821,2455.25,RNAP,RNAP,1.0
9821,2455.25,mRNA,tetA,35.0
9821,2455.25,mRNA,Raspberry,2.0
9821,2455.25,mRNA,mKalama1,3.0
9822,2455.5,topo,topoI,0.25
9822,2455.5,topo,gyrase,0.25
9822,2455.5,RNAP,RNAP,1.0
9822,2455.5,mRNA,tetA,35.0
9822,2455.5,mRNA,Raspberry,2.0
9822,2455.5,mRNA,mKalama1,3.0
9823,2455.75,topo,topoI,0.25
9823,2455.75,topo,gyrase,0.25
9823,2455.75,RNAP,RNAP,1.0
9823,2455.75,mRNA,tetA,35.0
9823,2455.75,mRNA,Raspberry,2.0
9823,2455.75,mRNA,mKalama1,3.0
9824,2456.0,topo,topoI,0.25
9824,2456.0,topo,gyrase,0.25
9824,2456.0,RNAP,RNAP,1.0
9824,2456.0,mRNA,tetA,35.0
9824,2456.0,mRNA,Raspberry,2.0
9824,2456.0,mRNA,mKalama1,3.0
9825,2456.25,topo,topoI,0.25
9825,2456.25,topo,gyrase,0.25
9825,2456.25,RNAP,RNAP,1.0
9825,2456.25,mRNA,tetA,35.0
9825,2456.25,mRNA,Raspberry,2.0
9825,2456.25,mRNA,mKalama1,3.0
9826,2456.5,topo,topoI,0.25
9826,2456.5,topo,gyrase,0.25
9826,2456.5,RNAP,RNAP,1.0
9826,2456.5,mRNA,tetA,35.0
9826,2456.5,mRNA,Raspberry,2.0
9826,2456.5,mRNA,mKalama1,3.0
9827,2456.75,topo,topoI,0.25
9827,2456.75,topo,gyrase,0.25
9827,2456.75,RNAP,RNAP,1.0
9827,2456.75,mRNA,tetA,35.0
9827,2456.75,mRNA,Raspberry,2.0
9827,2456.75,mRNA,mKalama1,3.0
9828,2457.0,topo,topoI,0.25
9828,2457.0,topo,gyrase,0.25
9828,2457.0,RNAP,RNAP,1.0
9828,2457.0,mRNA,tetA,35.0
9828,2457.0,mRNA,Raspberry,2.0
9828,2457.0,mRNA,mKalama1,3.0
9829,2457.25,topo,topoI,0.25
9829,2457.25,topo,gyrase,0.25
9829,2457.25,RNAP,RNAP,1.0
9829,2457.25,mRNA,tetA,35.0
9829,2457.25,mRNA,Raspberry,2.0
9829,2457.25,mRNA,mKalama1,3.0
9830,2457.5,topo,topoI,0.25
9830,2457.5,topo,gyrase,0.25
9830,2457.5,RNAP,RNAP,1.0
9830,2457.5,mRNA,tetA,35.0
9830,2457.5,mRNA,Raspberry,2.0
9830,2457.5,mRNA,mKalama1,3.0
9831,2457.75,topo,topoI,0.25
9831,2457.75,topo,gyrase,0.25
9831,2457.75,RNAP,RNAP,1.0
9831,2457.75,mRNA,tetA,35.0
9831,2457.75,mRNA,Raspberry,2.0
9831,2457.75,mRNA,mKalama1,3.0
9832,2458.0,topo,topoI,0.25
9832,2458.0,topo,gyrase,0.25
9832,2458.0,RNAP,RNAP,1.0
9832,2458.0,mRNA,tetA,35.0
9832,2458.0,mRNA,Raspberry,2.0
9832,2458.0,mRNA,mKalama1,3.0
9833,2458.25,topo,topoI,0.25
9833,2458.25,topo,gyrase,0.25
9833,2458.25,RNAP,RNAP,1.0
9833,2458.25,mRNA,tetA,35.0
9833,2458.25,mRNA,Raspberry,2.0
9833,2458.25,mRNA,mKalama1,3.0
9834,2458.5,topo,topoI,0.25
9834,2458.5,topo,gyrase,0.25
9834,2458.5,RNAP,RNAP,1.0
9834,2458.5,mRNA,tetA,35.0
9834,2458.5,mRNA,Raspberry,2.0
9834,2458.5,mRNA,mKalama1,3.0
9835,2458.75,topo,topoI,0.25
9835,2458.75,topo,gyrase,0.25
9835,2458.75,RNAP,RNAP,1.0
9835,2458.75,mRNA,tetA,35.0
9835,2458.75,mRNA,Raspberry,2.0
9835,2458.75,mRNA,mKalama1,3.0
9836,2459.0,topo,topoI,0.25
9836,2459.0,topo,gyrase,0.25
9836,2459.0,RNAP,RNAP,1.0
9836,2459.0,mRNA,tetA,35.0
9836,2459.0,mRNA,Raspberry,2.0
9836,2459.0,mRNA,mKalama1,3.0
9837,2459.25,topo,topoI,0.25
9837,2459.25,topo,gyrase,0.25
9837,2459.25,RNAP,RNAP,1.0
9837,2459.25,mRNA,tetA,35.0
9837,2459.25,mRNA,Raspberry,2.0
9837,2459.25,mRNA,mKalama1,3.0
9838,2459.5,topo,topoI,0.25
9838,2459.5,topo,gyrase,0.25
9838,2459.5,RNAP,RNAP,1.0
9838,2459.5,mRNA,tetA,35.0
9838,2459.5,mRNA,Raspberry,2.0
9838,2459.5,mRNA,mKalama1,3.0
9839,2459.75,topo,topoI,0.25
9839,2459.75,topo,gyrase,0.25
9839,2459.75,RNAP,RNAP,1.0
9839,2459.75,mRNA,tetA,35.0
9839,2459.75,mRNA,Raspberry,2.0
9839,2459.75,mRNA,mKalama1,3.0
9840,2460.0,topo,topoI,0.25
9840,2460.0,topo,gyrase,0.25
9840,2460.0,RNAP,RNAP,1.0
9840,2460.0,mRNA,tetA,35.0
9840,2460.0,mRNA,Raspberry,2.0
9840,2460.0,mRNA,mKalama1,3.0
9841,2460.25,topo,topoI,0.25
9841,2460.25,topo,gyrase,0.25
9841,2460.25,RNAP,RNAP,1.0
9841,2460.25,mRNA,tetA,35.0
9841,2460.25,mRNA,Raspberry,2.0
9841,2460.25,mRNA,mKalama1,3.0
9842,2460.5,topo,topoI,0.25
9842,2460.5,topo,gyrase,0.25
9842,2460.5,RNAP,RNAP,1.0
9842,2460.5,mRNA,tetA,35.0
9842,2460.5,mRNA,Raspberry,2.0
9842,2460.5,mRNA,mKalama1,3.0
9843,2460.75,topo,topoI,0.25
9843,2460.75,topo,gyrase,0.25
9843,2460.75,RNAP,RNAP,1.0
9843,2460.75,mRNA,tetA,35.0
9843,2460.75,mRNA,Raspberry,2.0
9843,2460.75,mRNA,mKalama1,3.0
9844,2461.0,topo,topoI,0.25
9844,2461.0,topo,gyrase,0.25
9844,2461.0,RNAP,RNAP,1.0
9844,2461.0,mRNA,tetA,35.0
9844,2461.0,mRNA,Raspberry,2.0
9844,2461.0,mRNA,mKalama1,3.0
9845,2461.25,topo,topoI,0.25
9845,2461.25,topo,gyrase,0.25
9845,2461.25,RNAP,RNAP,1.0
9845,2461.25,mRNA,tetA,35.0
9845,2461.25,mRNA,Raspberry,2.0
9845,2461.25,mRNA,mKalama1,3.0
9846,2461.5,topo,topoI,0.25
9846,2461.5,topo,gyrase,0.25
9846,2461.5,RNAP,RNAP,1.0
9846,2461.5,mRNA,tetA,35.0
9846,2461.5,mRNA,Raspberry,2.0
9846,2461.5,mRNA,mKalama1,3.0
9847,2461.75,topo,topoI,0.25
9847,2461.75,topo,gyrase,0.25
9847,2461.75,RNAP,RNAP,1.0
9847,2461.75,mRNA,tetA,35.0
9847,2461.75,mRNA,Raspberry,2.0
9847,2461.75,mRNA,mKalama1,3.0
9848,2462.0,topo,topoI,0.25
9848,2462.0,topo,gyrase,0.25
9848,2462.0,RNAP,RNAP,1.0
9848,2462.0,mRNA,tetA,35.0
9848,2462.0,mRNA,Raspberry,2.0
9848,2462.0,mRNA,mKalama1,3.0
9849,2462.25,topo,topoI,0.25
9849,2462.25,topo,gyrase,0.25
9849,2462.25,RNAP,RNAP,1.0
9849,2462.25,mRNA,tetA,35.0
9849,2462.25,mRNA,Raspberry,2.0
9849,2462.25,mRNA,mKalama1,3.0
9850,2462.5,topo,topoI,0.25
9850,2462.5,topo,gyrase,0.25
9850,2462.5,RNAP,RNAP,1.0
9850,2462.5,mRNA,tetA,35.0
9850,2462.5,mRNA,Raspberry,2.0
9850,2462.5,mRNA,mKalama1,3.0
9851,2462.75,topo,topoI,0.25
9851,2462.75,topo,gyrase,0.25
9851,2462.75,RNAP,RNAP,1.0
9851,2462.75,mRNA,tetA,35.0
9851,2462.75,mRNA,Raspberry,2.0
9851,2462.75,mRNA,mKalama1,3.0
9852,2463.0,topo,topoI,0.25
9852,2463.0,topo,gyrase,0.25
9852,2463.0,RNAP,RNAP,1.0
9852,2463.0,mRNA,tetA,35.0
9852,2463.0,mRNA,Raspberry,2.0
9852,2463.0,mRNA,mKalama1,3.0
9853,2463.25,topo,topoI,0.25
9853,2463.25,topo,gyrase,0.25
9853,2463.25,RNAP,RNAP,1.0
9853,2463.25,mRNA,tetA,35.0
9853,2463.25,mRNA,Raspberry,2.0
9853,2463.25,mRNA,mKalama1,3.0
9854,2463.5,topo,topoI,0.25
9854,2463.5,topo,gyrase,0.25
9854,2463.5,RNAP,RNAP,1.0
9854,2463.5,mRNA,tetA,35.0
9854,2463.5,mRNA,Raspberry,2.0
9854,2463.5,mRNA,mKalama1,3.0
9855,2463.75,topo,topoI,0.25
9855,2463.75,topo,gyrase,0.25
9855,2463.75,RNAP,RNAP,1.0
9855,2463.75,mRNA,tetA,35.0
9855,2463.75,mRNA,Raspberry,2.0
9855,2463.75,mRNA,mKalama1,3.0
9856,2464.0,topo,topoI,0.25
9856,2464.0,topo,gyrase,0.25
9856,2464.0,RNAP,RNAP,1.0
9856,2464.0,mRNA,tetA,35.0
9856,2464.0,mRNA,Raspberry,2.0
9856,2464.0,mRNA,mKalama1,3.0
9857,2464.25,topo,topoI,0.25
9857,2464.25,topo,gyrase,0.25
9857,2464.25,RNAP,RNAP,1.0
9857,2464.25,mRNA,tetA,35.0
9857,2464.25,mRNA,Raspberry,2.0
9857,2464.25,mRNA,mKalama1,3.0
9858,2464.5,topo,topoI,0.25
9858,2464.5,topo,gyrase,0.25
9858,2464.5,RNAP,RNAP,1.0
9858,2464.5,mRNA,tetA,35.0
9858,2464.5,mRNA,Raspberry,2.0
9858,2464.5,mRNA,mKalama1,3.0
9859,2464.75,topo,topoI,0.25
9859,2464.75,topo,gyrase,0.25
9859,2464.75,RNAP,RNAP,1.0
9859,2464.75,mRNA,tetA,35.0
9859,2464.75,mRNA,Raspberry,2.0
9859,2464.75,mRNA,mKalama1,3.0
9860,2465.0,topo,topoI,0.25
9860,2465.0,topo,gyrase,0.25
9860,2465.0,RNAP,RNAP,1.0
9860,2465.0,mRNA,tetA,35.0
9860,2465.0,mRNA,Raspberry,2.0
9860,2465.0,mRNA,mKalama1,3.0
9861,2465.25,topo,topoI,0.25
9861,2465.25,topo,gyrase,0.25
9861,2465.25,RNAP,RNAP,1.0
9861,2465.25,mRNA,tetA,35.0
9861,2465.25,mRNA,Raspberry,2.0
9861,2465.25,mRNA,mKalama1,3.0
9862,2465.5,topo,topoI,0.25
9862,2465.5,topo,gyrase,0.25
9862,2465.5,RNAP,RNAP,1.0
9862,2465.5,mRNA,tetA,35.0
9862,2465.5,mRNA,Raspberry,2.0
9862,2465.5,mRNA,mKalama1,3.0
9863,2465.75,topo,topoI,0.25
9863,2465.75,topo,gyrase,0.25
9863,2465.75,RNAP,RNAP,1.0
9863,2465.75,mRNA,tetA,35.0
9863,2465.75,mRNA,Raspberry,2.0
9863,2465.75,mRNA,mKalama1,3.0
9864,2466.0,topo,topoI,0.25
9864,2466.0,topo,gyrase,0.25
9864,2466.0,RNAP,RNAP,1.0
9864,2466.0,mRNA,tetA,35.0
9864,2466.0,mRNA,Raspberry,2.0
9864,2466.0,mRNA,mKalama1,3.0
9865,2466.25,topo,topoI,0.25
9865,2466.25,topo,gyrase,0.25
9865,2466.25,RNAP,RNAP,1.0
9865,2466.25,mRNA,tetA,35.0
9865,2466.25,mRNA,Raspberry,2.0
9865,2466.25,mRNA,mKalama1,3.0
9866,2466.5,topo,topoI,0.25
9866,2466.5,topo,gyrase,0.25
9866,2466.5,RNAP,RNAP,1.0
9866,2466.5,mRNA,tetA,35.0
9866,2466.5,mRNA,Raspberry,2.0
9866,2466.5,mRNA,mKalama1,3.0
9867,2466.75,topo,topoI,0.25
9867,2466.75,topo,gyrase,0.25
9867,2466.75,RNAP,RNAP,1.0
9867,2466.75,mRNA,tetA,35.0
9867,2466.75,mRNA,Raspberry,2.0
9867,2466.75,mRNA,mKalama1,3.0
9868,2467.0,topo,topoI,0.25
9868,2467.0,topo,gyrase,0.25
9868,2467.0,RNAP,RNAP,1.0
9868,2467.0,mRNA,tetA,35.0
9868,2467.0,mRNA,Raspberry,2.0
9868,2467.0,mRNA,mKalama1,3.0
9869,2467.25,topo,topoI,0.25
9869,2467.25,topo,gyrase,0.25
9869,2467.25,RNAP,RNAP,1.0
9869,2467.25,mRNA,tetA,35.0
9869,2467.25,mRNA,Raspberry,2.0
9869,2467.25,mRNA,mKalama1,3.0
9870,2467.5,topo,topoI,0.25
9870,2467.5,topo,gyrase,0.25
9870,2467.5,RNAP,RNAP,1.0
9870,2467.5,mRNA,tetA,35.0
9870,2467.5,mRNA,Raspberry,2.0
9870,2467.5,mRNA,mKalama1,3.0
9871,2467.75,topo,topoI,0.25
9871,2467.75,topo,gyrase,0.25
9871,2467.75,RNAP,RNAP,1.0
9871,2467.75,mRNA,tetA,35.0
9871,2467.75,mRNA,Raspberry,2.0
9871,2467.75,mRNA,mKalama1,3.0
9872,2468.0,topo,topoI,0.25
9872,2468.0,topo,gyrase,0.25
9872,2468.0,RNAP,RNAP,1.0
9872,2468.0,mRNA,tetA,35.0
9872,2468.0,mRNA,Raspberry,2.0
9872,2468.0,mRNA,mKalama1,3.0
9873,2468.25,topo,topoI,0.25
9873,2468.25,topo,gyrase,0.25
9873,2468.25,RNAP,RNAP,1.0
9873,2468.25,mRNA,tetA,35.0
9873,2468.25,mRNA,Raspberry,2.0
9873,2468.25,mRNA,mKalama1,3.0
9874,2468.5,topo,topoI,0.25
9874,2468.5,topo,gyrase,0.25
9874,2468.5,RNAP,RNAP,1.0
9874,2468.5,mRNA,tetA,35.0
9874,2468.5,mRNA,Raspberry,2.0
9874,2468.5,mRNA,mKalama1,3.0
9875,2468.75,topo,topoI,0.25
9875,2468.75,topo,gyrase,0.25
9875,2468.75,RNAP,RNAP,1.0
9875,2468.75,mRNA,tetA,35.0
9875,2468.75,mRNA,Raspberry,2.0
9875,2468.75,mRNA,mKalama1,3.0
9876,2469.0,topo,topoI,0.25
9876,2469.0,topo,gyrase,0.25
9876,2469.0,RNAP,RNAP,1.0
9876,2469.0,mRNA,tetA,35.0
9876,2469.0,mRNA,Raspberry,2.0
9876,2469.0,mRNA,mKalama1,3.0
9877,2469.25,topo,topoI,0.25
9877,2469.25,topo,gyrase,0.25
9877,2469.25,RNAP,RNAP,1.0
9877,2469.25,mRNA,tetA,35.0
9877,2469.25,mRNA,Raspberry,2.0
9877,2469.25,mRNA,mKalama1,3.0
9878,2469.5,topo,topoI,0.25
9878,2469.5,topo,gyrase,0.25
9878,2469.5,RNAP,RNAP,1.0
9878,2469.5,mRNA,tetA,35.0
9878,2469.5,mRNA,Raspberry,2.0
9878,2469.5,mRNA,mKalama1,3.0
9879,2469.75,topo,topoI,0.25
9879,2469.75,topo,gyrase,0.25
9879,2469.75,RNAP,RNAP,1.0
9879,2469.75,mRNA,tetA,35.0
9879,2469.75,mRNA,Raspberry,2.0
9879,2469.75,mRNA,mKalama1,3.0
9880,2470.0,topo,topoI,0.25
9880,2470.0,topo,gyrase,0.25
9880,2470.0,RNAP,RNAP,1.0
9880,2470.0,mRNA,tetA,35.0
9880,2470.0,mRNA,Raspberry,2.0
9880,2470.0,mRNA,mKalama1,3.0
9881,2470.25,topo,topoI,0.25
9881,2470.25,topo,gyrase,0.25
9881,2470.25,RNAP,RNAP,1.0
9881,2470.25,mRNA,tetA,35.0
9881,2470.25,mRNA,Raspberry,2.0
9881,2470.25,mRNA,mKalama1,3.0
9882,2470.5,topo,topoI,0.25
9882,2470.5,topo,gyrase,0.25
9882,2470.5,RNAP,RNAP,1.0
9882,2470.5,mRNA,tetA,35.0
9882,2470.5,mRNA,Raspberry,2.0
9882,2470.5,mRNA,mKalama1,3.0
9883,2470.75,topo,topoI,0.25
9883,2470.75,topo,gyrase,0.25
9883,2470.75,RNAP,RNAP,1.0
9883,2470.75,mRNA,tetA,35.0
9883,2470.75,mRNA,Raspberry,2.0
9883,2470.75,mRNA,mKalama1,3.0
9884,2471.0,topo,topoI,0.25
9884,2471.0,topo,gyrase,0.25
9884,2471.0,RNAP,RNAP,1.0
9884,2471.0,mRNA,tetA,35.0
9884,2471.0,mRNA,Raspberry,2.0
9884,2471.0,mRNA,mKalama1,3.0
9885,2471.25,topo,topoI,0.25
9885,2471.25,topo,gyrase,0.25
9885,2471.25,RNAP,RNAP,1.0
9885,2471.25,mRNA,tetA,35.0
9885,2471.25,mRNA,Raspberry,2.0
9885,2471.25,mRNA,mKalama1,3.0
9886,2471.5,topo,topoI,0.25
9886,2471.5,topo,gyrase,0.25
9886,2471.5,RNAP,RNAP,1.0
9886,2471.5,mRNA,tetA,35.0
9886,2471.5,mRNA,Raspberry,2.0
9886,2471.5,mRNA,mKalama1,3.0
9887,2471.75,topo,topoI,0.25
9887,2471.75,topo,gyrase,0.25
9887,2471.75,RNAP,RNAP,1.0
9887,2471.75,mRNA,tetA,35.0
9887,2471.75,mRNA,Raspberry,2.0
9887,2471.75,mRNA,mKalama1,3.0
9888,2472.0,topo,topoI,0.25
9888,2472.0,topo,gyrase,0.25
9888,2472.0,RNAP,RNAP,1.0
9888,2472.0,mRNA,tetA,35.0
9888,2472.0,mRNA,Raspberry,2.0
9888,2472.0,mRNA,mKalama1,3.0
9889,2472.25,topo,topoI,0.25
9889,2472.25,topo,gyrase,0.25
9889,2472.25,RNAP,RNAP,1.0
9889,2472.25,mRNA,tetA,35.0
9889,2472.25,mRNA,Raspberry,2.0
9889,2472.25,mRNA,mKalama1,3.0
9890,2472.5,topo,topoI,0.25
9890,2472.5,topo,gyrase,0.25
9890,2472.5,RNAP,RNAP,1.0
9890,2472.5,mRNA,tetA,35.0
9890,2472.5,mRNA,Raspberry,2.0
9890,2472.5,mRNA,mKalama1,3.0
9891,2472.75,topo,topoI,0.25
9891,2472.75,topo,gyrase,0.25
9891,2472.75,RNAP,RNAP,1.0
9891,2472.75,mRNA,tetA,35.0
9891,2472.75,mRNA,Raspberry,2.0
9891,2472.75,mRNA,mKalama1,3.0
9892,2473.0,topo,topoI,0.25
9892,2473.0,topo,gyrase,0.25
9892,2473.0,RNAP,RNAP,1.0
9892,2473.0,mRNA,tetA,35.0
9892,2473.0,mRNA,Raspberry,2.0
9892,2473.0,mRNA,mKalama1,3.0
9893,2473.25,topo,topoI,0.25
9893,2473.25,topo,gyrase,0.25
9893,2473.25,RNAP,RNAP,1.0
9893,2473.25,mRNA,tetA,35.0
9893,2473.25,mRNA,Raspberry,2.0
9893,2473.25,mRNA,mKalama1,3.0
9894,2473.5,topo,topoI,0.25
9894,2473.5,topo,gyrase,0.25
9894,2473.5,RNAP,RNAP,1.0
9894,2473.5,mRNA,tetA,35.0
9894,2473.5,mRNA,Raspberry,2.0
9894,2473.5,mRNA,mKalama1,3.0
9895,2473.75,topo,topoI,0.25
9895,2473.75,topo,gyrase,0.25
9895,2473.75,RNAP,RNAP,1.0
9895,2473.75,mRNA,tetA,35.0
9895,2473.75,mRNA,Raspberry,2.0
9895,2473.75,mRNA,mKalama1,3.0
9896,2474.0,topo,topoI,0.25
9896,2474.0,topo,gyrase,0.25
9896,2474.0,RNAP,RNAP,1.0
9896,2474.0,mRNA,tetA,35.0
9896,2474.0,mRNA,Raspberry,2.0
9896,2474.0,mRNA,mKalama1,3.0
9897,2474.25,topo,topoI,0.25
9897,2474.25,topo,gyrase,0.25
9897,2474.25,RNAP,RNAP,1.0
9897,2474.25,mRNA,tetA,35.0
9897,2474.25,mRNA,Raspberry,2.0
9897,2474.25,mRNA,mKalama1,3.0
9898,2474.5,topo,topoI,0.25
9898,2474.5,topo,gyrase,0.25
9898,2474.5,RNAP,RNAP,1.0
9898,2474.5,mRNA,tetA,35.0
9898,2474.5,mRNA,Raspberry,2.0
9898,2474.5,mRNA,mKalama1,3.0
9899,2474.75,topo,topoI,0.25
9899,2474.75,topo,gyrase,0.25
9899,2474.75,RNAP,RNAP,1.0
9899,2474.75,mRNA,tetA,35.0
9899,2474.75,mRNA,Raspberry,2.0
9899,2474.75,mRNA,mKalama1,3.0
9900,2475.0,topo,topoI,0.25
9900,2475.0,topo,gyrase,0.25
9900,2475.0,RNAP,RNAP,1.0
9900,2475.0,mRNA,tetA,35.0
9900,2475.0,mRNA,Raspberry,2.0
9900,2475.0,mRNA,mKalama1,3.0
9901,2475.25,topo,topoI,0.25
9901,2475.25,topo,gyrase,0.25
9901,2475.25,RNAP,RNAP,1.0
9901,2475.25,mRNA,tetA,35.0
9901,2475.25,mRNA,Raspberry,2.0
9901,2475.25,mRNA,mKalama1,3.0
9902,2475.5,topo,topoI,0.25
9902,2475.5,topo,gyrase,0.25
9902,2475.5,RNAP,RNAP,1.0
9902,2475.5,mRNA,tetA,35.0
9902,2475.5,mRNA,Raspberry,2.0
9902,2475.5,mRNA,mKalama1,3.0
9903,2475.75,topo,topoI,0.25
9903,2475.75,topo,gyrase,0.25
9903,2475.75,RNAP,RNAP,1.0
9903,2475.75,mRNA,tetA,35.0
9903,2475.75,mRNA,Raspberry,2.0
9903,2475.75,mRNA,mKalama1,3.0
9904,2476.0,topo,topoI,0.25
9904,2476.0,topo,gyrase,0.25
9904,2476.0,RNAP,RNAP,1.0
9904,2476.0,mRNA,tetA,35.0
9904,2476.0,mRNA,Raspberry,2.0
9904,2476.0,mRNA,mKalama1,3.0
9905,2476.25,topo,topoI,0.25
9905,2476.25,topo,gyrase,0.25
9905,2476.25,RNAP,RNAP,1.0
9905,2476.25,mRNA,tetA,35.0
9905,2476.25,mRNA,Raspberry,2.0
9905,2476.25,mRNA,mKalama1,3.0
9906,2476.5,topo,topoI,0.25
9906,2476.5,topo,gyrase,0.25
9906,2476.5,RNAP,RNAP,1.0
9906,2476.5,mRNA,tetA,35.0
9906,2476.5,mRNA,Raspberry,2.0
9906,2476.5,mRNA,mKalama1,3.0
9907,2476.75,topo,topoI,0.25
9907,2476.75,topo,gyrase,0.25
9907,2476.75,RNAP,RNAP,1.0
9907,2476.75,mRNA,tetA,35.0
9907,2476.75,mRNA,Raspberry,2.0
9907,2476.75,mRNA,mKalama1,3.0
9908,2477.0,topo,topoI,0.25
9908,2477.0,topo,gyrase,0.25
9908,2477.0,RNAP,RNAP,1.0
9908,2477.0,mRNA,tetA,35.0
9908,2477.0,mRNA,Raspberry,2.0
9908,2477.0,mRNA,mKalama1,3.0
9909,2477.25,topo,topoI,0.25
9909,2477.25,topo,gyrase,0.25
9909,2477.25,RNAP,RNAP,1.0
9909,2477.25,mRNA,tetA,35.0
9909,2477.25,mRNA,Raspberry,2.0
9909,2477.25,mRNA,mKalama1,3.0
9910,2477.5,topo,topoI,0.25
9910,2477.5,topo,gyrase,0.25
9910,2477.5,RNAP,RNAP,1.0
9910,2477.5,mRNA,tetA,35.0
9910,2477.5,mRNA,Raspberry,2.0
9910,2477.5,mRNA,mKalama1,3.0
9911,2477.75,topo,topoI,0.25
9911,2477.75,topo,gyrase,0.25
9911,2477.75,RNAP,RNAP,1.0
9911,2477.75,mRNA,tetA,35.0
9911,2477.75,mRNA,Raspberry,2.0
9911,2477.75,mRNA,mKalama1,3.0
9912,2478.0,topo,topoI,0.25
9912,2478.0,topo,gyrase,0.25
9912,2478.0,RNAP,RNAP,1.0
9912,2478.0,mRNA,tetA,35.0
9912,2478.0,mRNA,Raspberry,2.0
9912,2478.0,mRNA,mKalama1,3.0
9913,2478.25,topo,topoI,0.25
9913,2478.25,topo,gyrase,0.25
9913,2478.25,RNAP,RNAP,1.0
9913,2478.25,mRNA,tetA,35.0
9913,2478.25,mRNA,Raspberry,2.0
9913,2478.25,mRNA,mKalama1,3.0
9914,2478.5,topo,topoI,0.25
9914,2478.5,topo,gyrase,0.25
9914,2478.5,RNAP,RNAP,1.0
9914,2478.5,mRNA,tetA,35.0
9914,2478.5,mRNA,Raspberry,2.0
9914,2478.5,mRNA,mKalama1,3.0
9915,2478.75,topo,topoI,0.25
9915,2478.75,topo,gyrase,0.25
9915,2478.75,RNAP,RNAP,1.0
9915,2478.75,mRNA,tetA,35.0
9915,2478.75,mRNA,Raspberry,2.0
9915,2478.75,mRNA,mKalama1,3.0
9916,2479.0,topo,topoI,0.25
9916,2479.0,topo,gyrase,0.25
9916,2479.0,RNAP,RNAP,1.0
9916,2479.0,mRNA,tetA,35.0
9916,2479.0,mRNA,Raspberry,2.0
9916,2479.0,mRNA,mKalama1,3.0
9917,2479.25,topo,topoI,0.25
9917,2479.25,topo,gyrase,0.25
9917,2479.25,RNAP,RNAP,1.0
9917,2479.25,mRNA,tetA,35.0
9917,2479.25,mRNA,Raspberry,2.0
9917,2479.25,mRNA,mKalama1,3.0
9918,2479.5,topo,topoI,0.25
9918,2479.5,topo,gyrase,0.25
9918,2479.5,RNAP,RNAP,1.0
9918,2479.5,mRNA,tetA,35.0
9918,2479.5,mRNA,Raspberry,2.0
9918,2479.5,mRNA,mKalama1,3.0
9919,2479.75,topo,topoI,0.25
9919,2479.75,topo,gyrase,0.25
9919,2479.75,RNAP,RNAP,1.0
9919,2479.75,mRNA,tetA,35.0
9919,2479.75,mRNA,Raspberry,2.0
9919,2479.75,mRNA,mKalama1,3.0
9920,2480.0,topo,topoI,0.25
9920,2480.0,topo,gyrase,0.25
9920,2480.0,RNAP,RNAP,1.0
9920,2480.0,mRNA,tetA,35.0
9920,2480.0,mRNA,Raspberry,2.0
9920,2480.0,mRNA,mKalama1,3.0
9921,2480.25,topo,topoI,0.25
9921,2480.25,topo,gyrase,0.25
9921,2480.25,RNAP,RNAP,1.0
9921,2480.25,mRNA,tetA,35.0
9921,2480.25,mRNA,Raspberry,2.0
9921,2480.25,mRNA,mKalama1,3.0
9922,2480.5,topo,topoI,0.25
9922,2480.5,topo,gyrase,0.25
9922,2480.5,RNAP,RNAP,1.0
9922,2480.5,mRNA,tetA,35.0
9922,2480.5,mRNA,Raspberry,2.0
9922,2480.5,mRNA,mKalama1,3.0
9923,2480.75,topo,topoI,0.25
9923,2480.75,topo,gyrase,0.25
9923,2480.75,RNAP,RNAP,1.0
9923,2480.75,mRNA,tetA,35.0
9923,2480.75,mRNA,Raspberry,2.0
9923,2480.75,mRNA,mKalama1,3.0
9924,2481.0,topo,topoI,0.25
9924,2481.0,topo,gyrase,0.25
9924,2481.0,RNAP,RNAP,1.0
9924,2481.0,mRNA,tetA,35.0
9924,2481.0,mRNA,Raspberry,2.0
9924,2481.0,mRNA,mKalama1,3.0
9925,2481.25,topo,topoI,0.25
9925,2481.25,topo,gyrase,0.25
9925,2481.25,RNAP,RNAP,1.0
9925,2481.25,mRNA,tetA,35.0
9925,2481.25,mRNA,Raspberry,2.0
9925,2481.25,mRNA,mKalama1,3.0
9926,2481.5,topo,topoI,0.25
9926,2481.5,topo,gyrase,0.25
9926,2481.5,RNAP,RNAP,1.0
9926,2481.5,mRNA,tetA,35.0
9926,2481.5,mRNA,Raspberry,2.0
9926,2481.5,mRNA,mKalama1,3.0
9927,2481.75,topo,topoI,0.25
9927,2481.75,topo,gyrase,0.25
9927,2481.75,RNAP,RNAP,1.0
9927,2481.75,mRNA,tetA,35.0
9927,2481.75,mRNA,Raspberry,2.0
9927,2481.75,mRNA,mKalama1,3.0
9928,2482.0,topo,topoI,0.25
9928,2482.0,topo,gyrase,0.25
9928,2482.0,RNAP,RNAP,1.0
9928,2482.0,mRNA,tetA,35.0
9928,2482.0,mRNA,Raspberry,2.0
9928,2482.0,mRNA,mKalama1,3.0
9929,2482.25,topo,topoI,0.25
9929,2482.25,topo,gyrase,0.25
9929,2482.25,RNAP,RNAP,1.0
9929,2482.25,mRNA,tetA,35.0
9929,2482.25,mRNA,Raspberry,2.0
9929,2482.25,mRNA,mKalama1,3.0
9930,2482.5,topo,topoI,0.25
9930,2482.5,topo,gyrase,0.25
9930,2482.5,RNAP,RNAP,1.0
9930,2482.5,mRNA,tetA,35.0
9930,2482.5,mRNA,Raspberry,2.0
9930,2482.5,mRNA,mKalama1,3.0
9931,2482.75,topo,topoI,0.25
9931,2482.75,topo,gyrase,0.25
9931,2482.75,RNAP,RNAP,1.0
9931,2482.75,mRNA,tetA,35.0
9931,2482.75,mRNA,Raspberry,2.0
9931,2482.75,mRNA,mKalama1,3.0
9932,2483.0,topo,topoI,0.25
9932,2483.0,topo,gyrase,0.25
9932,2483.0,RNAP,RNAP,1.0
9932,2483.0,mRNA,tetA,35.0
9932,2483.0,mRNA,Raspberry,2.0
9932,2483.0,mRNA,mKalama1,3.0
9933,2483.25,topo,topoI,0.25
9933,2483.25,topo,gyrase,0.25
9933,2483.25,RNAP,RNAP,1.0
9933,2483.25,mRNA,tetA,35.0
9933,2483.25,mRNA,Raspberry,2.0
9933,2483.25,mRNA,mKalama1,3.0
9934,2483.5,topo,topoI,0.25
9934,2483.5,topo,gyrase,0.25
9934,2483.5,RNAP,RNAP,1.0
9934,2483.5,mRNA,tetA,35.0
9934,2483.5,mRNA,Raspberry,2.0
9934,2483.5,mRNA,mKalama1,3.0
9935,2483.75,topo,topoI,0.25
9935,2483.75,topo,gyrase,0.25
9935,2483.75,RNAP,RNAP,1.0
9935,2483.75,mRNA,tetA,35.0
9935,2483.75,mRNA,Raspberry,2.0
9935,2483.75,mRNA,mKalama1,3.0
9936,2484.0,topo,topoI,0.25
9936,2484.0,topo,gyrase,0.25
9936,2484.0,RNAP,RNAP,1.0
9936,2484.0,mRNA,tetA,35.0
9936,2484.0,mRNA,Raspberry,2.0
9936,2484.0,mRNA,mKalama1,3.0
9937,2484.25,topo,topoI,0.25
9937,2484.25,topo,gyrase,0.25
9937,2484.25,RNAP,RNAP,1.0
9937,2484.25,mRNA,tetA,35.0
9937,2484.25,mRNA,Raspberry,3.0
9937,2484.25,mRNA,mKalama1,3.0
9938,2484.5,topo,topoI,0.25
9938,2484.5,topo,gyrase,0.25
9938,2484.5,RNAP,RNAP,1.0
9938,2484.5,mRNA,tetA,35.0
9938,2484.5,mRNA,Raspberry,3.0
9938,2484.5,mRNA,mKalama1,3.0
9939,2484.75,topo,topoI,0.25
9939,2484.75,topo,gyrase,0.25
9939,2484.75,RNAP,RNAP,1.0
9939,2484.75,mRNA,tetA,35.0
9939,2484.75,mRNA,Raspberry,3.0
9939,2484.75,mRNA,mKalama1,3.0
9940,2485.0,topo,topoI,0.25
9940,2485.0,topo,gyrase,0.25
9940,2485.0,RNAP,RNAP,1.0
9940,2485.0,mRNA,tetA,35.0
9940,2485.0,mRNA,Raspberry,3.0
9940,2485.0,mRNA,mKalama1,3.0
9941,2485.25,topo,topoI,0.25
9941,2485.25,topo,gyrase,0.25
9941,2485.25,RNAP,RNAP,1.0
9941,2485.25,mRNA,tetA,35.0
9941,2485.25,mRNA,Raspberry,3.0
9941,2485.25,mRNA,mKalama1,3.0
9942,2485.5,topo,topoI,0.25
9942,2485.5,topo,gyrase,0.25
9942,2485.5,RNAP,RNAP,1.0
9942,2485.5,mRNA,tetA,35.0
9942,2485.5,mRNA,Raspberry,3.0
9942,2485.5,mRNA,mKalama1,3.0
9943,2485.75,topo,topoI,0.25
9943,2485.75,topo,gyrase,0.25
9943,2485.75,RNAP,RNAP,1.0
9943,2485.75,mRNA,tetA,35.0
9943,2485.75,mRNA,Raspberry,3.0
9943,2485.75,mRNA,mKalama1,3.0
9944,2486.0,topo,topoI,0.25
9944,2486.0,topo,gyrase,0.25
9944,2486.0,RNAP,RNAP,1.0
9944,2486.0,mRNA,tetA,35.0
9944,2486.0,mRNA,Raspberry,3.0
9944,2486.0,mRNA,mKalama1,3.0
9945,2486.25,topo,topoI,0.25
9945,2486.25,topo,gyrase,0.25
9945,2486.25,RNAP,RNAP,1.0
9945,2486.25,mRNA,tetA,35.0
9945,2486.25,mRNA,Raspberry,3.0
9945,2486.25,mRNA,mKalama1,3.0
9946,2486.5,topo,topoI,0.25
9946,2486.5,topo,gyrase,0.25
9946,2486.5,RNAP,RNAP,1.0
9946,2486.5,mRNA,tetA,35.0
9946,2486.5,mRNA,Raspberry,3.0
9946,2486.5,mRNA,mKalama1,3.0
9947,2486.75,topo,topoI,0.25
9947,2486.75,topo,gyrase,0.25
9947,2486.75,RNAP,RNAP,1.0
9947,2486.75,mRNA,tetA,35.0
9947,2486.75,mRNA,Raspberry,3.0
9947,2486.75,mRNA,mKalama1,3.0
9948,2487.0,topo,topoI,0.25
9948,2487.0,topo,gyrase,0.25
9948,2487.0,RNAP,RNAP,1.0
9948,2487.0,mRNA,tetA,35.0
9948,2487.0,mRNA,Raspberry,3.0
9948,2487.0,mRNA,mKalama1,3.0
9949,2487.25,topo,topoI,0.25
9949,2487.25,topo,gyrase,0.25
9949,2487.25,RNAP,RNAP,1.0
9949,2487.25,mRNA,tetA,35.0
9949,2487.25,mRNA,Raspberry,3.0
9949,2487.25,mRNA,mKalama1,3.0
9950,2487.5,topo,topoI,0.25
9950,2487.5,topo,gyrase,0.25
9950,2487.5,RNAP,RNAP,1.0
9950,2487.5,mRNA,tetA,35.0
9950,2487.5,mRNA,Raspberry,3.0
9950,2487.5,mRNA,mKalama1,3.0
9951,2487.75,topo,topoI,0.25
9951,2487.75,topo,gyrase,0.25
9951,2487.75,RNAP,RNAP,1.0
9951,2487.75,mRNA,tetA,35.0
9951,2487.75,mRNA,Raspberry,3.0
9951,2487.75,mRNA,mKalama1,3.0
9952,2488.0,topo,topoI,0.25
9952,2488.0,topo,gyrase,0.25
9952,2488.0,RNAP,RNAP,1.0
9952,2488.0,mRNA,tetA,35.0
9952,2488.0,mRNA,Raspberry,3.0
9952,2488.0,mRNA,mKalama1,3.0
9953,2488.25,topo,topoI,0.25
9953,2488.25,topo,gyrase,0.25
9953,2488.25,RNAP,RNAP,1.0
9953,2488.25,mRNA,tetA,35.0
9953,2488.25,mRNA,Raspberry,3.0
9953,2488.25,mRNA,mKalama1,3.0
9954,2488.5,topo,topoI,0.25
9954,2488.5,topo,gyrase,0.25
9954,2488.5,RNAP,RNAP,1.0
9954,2488.5,mRNA,tetA,35.0
9954,2488.5,mRNA,Raspberry,3.0
9954,2488.5,mRNA,mKalama1,3.0
9955,2488.75,topo,topoI,0.25
9955,2488.75,topo,gyrase,0.25
9955,2488.75,RNAP,RNAP,1.0
9955,2488.75,mRNA,tetA,35.0
9955,2488.75,mRNA,Raspberry,3.0
9955,2488.75,mRNA,mKalama1,3.0
9956,2489.0,topo,topoI,0.25
9956,2489.0,topo,gyrase,0.25
9956,2489.0,RNAP,RNAP,1.0
9956,2489.0,mRNA,tetA,35.0
9956,2489.0,mRNA,Raspberry,3.0
9956,2489.0,mRNA,mKalama1,3.0
9957,2489.25,topo,topoI,0.25
9957,2489.25,topo,gyrase,0.25
9957,2489.25,RNAP,RNAP,1.0
9957,2489.25,mRNA,tetA,35.0
9957,2489.25,mRNA,Raspberry,3.0
9957,2489.25,mRNA,mKalama1,3.0
9958,2489.5,topo,topoI,0.25
9958,2489.5,topo,gyrase,0.25
9958,2489.5,RNAP,RNAP,1.0
9958,2489.5,mRNA,tetA,35.0
9958,2489.5,mRNA,Raspberry,3.0
9958,2489.5,mRNA,mKalama1,3.0
9959,2489.75,topo,topoI,0.25
9959,2489.75,topo,gyrase,0.25
9959,2489.75,RNAP,RNAP,1.0
9959,2489.75,mRNA,tetA,35.0
9959,2489.75,mRNA,Raspberry,3.0
9959,2489.75,mRNA,mKalama1,3.0
9960,2490.0,topo,topoI,0.25
9960,2490.0,topo,gyrase,0.25
9960,2490.0,RNAP,RNAP,1.0
9960,2490.0,mRNA,tetA,35.0
9960,2490.0,mRNA,Raspberry,3.0
9960,2490.0,mRNA,mKalama1,3.0
9961,2490.25,topo,topoI,0.25
9961,2490.25,topo,gyrase,0.25
9961,2490.25,RNAP,RNAP,1.0
9961,2490.25,mRNA,tetA,35.0
9961,2490.25,mRNA,Raspberry,3.0
9961,2490.25,mRNA,mKalama1,3.0
9962,2490.5,topo,topoI,0.25
9962,2490.5,topo,gyrase,0.25
9962,2490.5,RNAP,RNAP,1.0
9962,2490.5,mRNA,tetA,35.0
9962,2490.5,mRNA,Raspberry,3.0
9962,2490.5,mRNA,mKalama1,3.0
9963,2490.75,topo,topoI,0.25
9963,2490.75,topo,gyrase,0.25
9963,2490.75,RNAP,RNAP,1.0
9963,2490.75,mRNA,tetA,35.0
9963,2490.75,mRNA,Raspberry,3.0
9963,2490.75,mRNA,mKalama1,3.0
9964,2491.0,topo,topoI,0.25
9964,2491.0,topo,gyrase,0.25
9964,2491.0,RNAP,RNAP,1.0
9964,2491.0,mRNA,tetA,35.0
9964,2491.0,mRNA,Raspberry,3.0
9964,2491.0,mRNA,mKalama1,3.0
9965,2491.25,topo,topoI,0.25
9965,2491.25,topo,gyrase,0.25
9965,2491.25,RNAP,RNAP,1.0
9965,2491.25,mRNA,tetA,35.0
9965,2491.25,mRNA,Raspberry,3.0
9965,2491.25,mRNA,mKalama1,3.0
9966,2491.5,topo,topoI,0.25
9966,2491.5,topo,gyrase,0.25
9966,2491.5,RNAP,RNAP,1.0
9966,2491.5,mRNA,tetA,35.0
9966,2491.5,mRNA,Raspberry,3.0
9966,2491.5,mRNA,mKalama1,3.0
9967,2491.75,topo,topoI,0.25
9967,2491.75,topo,gyrase,0.25
9967,2491.75,RNAP,RNAP,1.0
9967,2491.75,mRNA,tetA,35.0
9967,2491.75,mRNA,Raspberry,3.0
9967,2491.75,mRNA,mKalama1,3.0
9968,2492.0,topo,topoI,0.25
9968,2492.0,topo,gyrase,0.25
9968,2492.0,RNAP,RNAP,1.0
9968,2492.0,mRNA,tetA,35.0
9968,2492.0,mRNA,Raspberry,3.0
9968,2492.0,mRNA,mKalama1,3.0
9969,2492.25,topo,topoI,0.25
9969,2492.25,topo,gyrase,0.25
9969,2492.25,RNAP,RNAP,1.0
9969,2492.25,mRNA,tetA,35.0
9969,2492.25,mRNA,Raspberry,3.0
9969,2492.25,mRNA,mKalama1,3.0
9970,2492.5,topo,topoI,0.25
9970,2492.5,topo,gyrase,0.25
9970,2492.5,RNAP,RNAP,1.0
9970,2492.5,mRNA,tetA,35.0
9970,2492.5,mRNA,Raspberry,3.0
9970,2492.5,mRNA,mKalama1,3.0
9971,2492.75,topo,topoI,0.25
9971,2492.75,topo,gyrase,0.25
9971,2492.75,RNAP,RNAP,1.0
9971,2492.75,mRNA,tetA,35.0
9971,2492.75,mRNA,Raspberry,3.0
9971,2492.75,mRNA,mKalama1,3.0
9972,2493.0,topo,topoI,0.25
9972,2493.0,topo,gyrase,0.25
9972,2493.0,RNAP,RNAP,1.0
9972,2493.0,mRNA,tetA,35.0
9972,2493.0,mRNA,Raspberry,3.0
9972,2493.0,mRNA,mKalama1,3.0
9973,2493.25,topo,topoI,0.25
9973,2493.25,topo,gyrase,0.25
9973,2493.25,RNAP,RNAP,1.0
9973,2493.25,mRNA,tetA,35.0
9973,2493.25,mRNA,Raspberry,3.0
9973,2493.25,mRNA,mKalama1,3.0
9974,2493.5,topo,topoI,0.25
9974,2493.5,topo,gyrase,0.25
9974,2493.5,RNAP,RNAP,1.0
9974,2493.5,mRNA,tetA,35.0
9974,2493.5,mRNA,Raspberry,3.0
9974,2493.5,mRNA,mKalama1,3.0
9975,2493.75,topo,topoI,0.25
9975,2493.75,topo,gyrase,0.25
9975,2493.75,RNAP,RNAP,1.0
9975,2493.75,mRNA,tetA,35.0
9975,2493.75,mRNA,Raspberry,3.0
9975,2493.75,mRNA,mKalama1,3.0
9976,2494.0,topo,topoI,0.25
9976,2494.0,topo,gyrase,0.25
9976,2494.0,RNAP,RNAP,1.0
9976,2494.0,mRNA,tetA,35.0
9976,2494.0,mRNA,Raspberry,3.0
9976,2494.0,mRNA,mKalama1,3.0
9977,2494.25,topo,topoI,0.25
9977,2494.25,topo,gyrase,0.25
9977,2494.25,RNAP,RNAP,1.0
9977,2494.25,mRNA,tetA,35.0
9977,2494.25,mRNA,Raspberry,3.0
9977,2494.25,mRNA,mKalama1,3.0
9978,2494.5,topo,topoI,0.25
9978,2494.5,topo,gyrase,0.25
9978,2494.5,RNAP,RNAP,1.0
9978,2494.5,mRNA,tetA,35.0
9978,2494.5,mRNA,Raspberry,3.0
9978,2494.5,mRNA,mKalama1,3.0
9979,2494.75,topo,topoI,0.25
9979,2494.75,topo,gyrase,0.25
9979,2494.75,RNAP,RNAP,1.0
9979,2494.75,mRNA,tetA,35.0
9979,2494.75,mRNA,Raspberry,3.0
9979,2494.75,mRNA,mKalama1,3.0
9980,2495.0,topo,topoI,0.25
9980,2495.0,topo,gyrase,0.25
9980,2495.0,RNAP,RNAP,1.0
9980,2495.0,mRNA,tetA,35.0
9980,2495.0,mRNA,Raspberry,3.0
9980,2495.0,mRNA,mKalama1,3.0
9981,2495.25,topo,topoI,0.25
9981,2495.25,topo,gyrase,0.25
9981,2495.25,RNAP,RNAP,1.0
9981,2495.25,mRNA,tetA,35.0
9981,2495.25,mRNA,Raspberry,3.0
9981,2495.25,mRNA,mKalama1,3.0
9982,2495.5,topo,topoI,0.25
9982,2495.5,topo,gyrase,0.25
9982,2495.5,RNAP,RNAP,1.0
9982,2495.5,mRNA,tetA,35.0
9982,2495.5,mRNA,Raspberry,3.0
9982,2495.5,mRNA,mKalama1,3.0
9983,2495.75,topo,topoI,0.25
9983,2495.75,topo,gyrase,0.25
9983,2495.75,RNAP,RNAP,1.0
9983,2495.75,mRNA,tetA,35.0
9983,2495.75,mRNA,Raspberry,3.0
9983,2495.75,mRNA,mKalama1,3.0
9984,2496.0,topo,topoI,0.25
9984,2496.0,topo,gyrase,0.25
9984,2496.0,RNAP,RNAP,1.0
9984,2496.0,mRNA,tetA,35.0
9984,2496.0,mRNA,Raspberry,3.0
9984,2496.0,mRNA,mKalama1,3.0
9985,2496.25,topo,topoI,0.25
9985,2496.25,topo,gyrase,0.25
9985,2496.25,RNAP,RNAP,1.0
9985,2496.25,mRNA,tetA,35.0
9985,2496.25,mRNA,Raspberry,3.0
9985,2496.25,mRNA,mKalama1,3.0
9986,2496.5,topo,topoI,0.25
9986,2496.5,topo,gyrase,0.25
9986,2496.5,RNAP,RNAP,1.0
9986,2496.5,mRNA,tetA,35.0
9986,2496.5,mRNA,Raspberry,3.0
9986,2496.5,mRNA,mKalama1,3.0
9987,2496.75,topo,topoI,0.25
9987,2496.75,topo,gyrase,0.25
9987,2496.75,RNAP,RNAP,1.0
9987,2496.75,mRNA,tetA,35.0
9987,2496.75,mRNA,Raspberry,3.0
9987,2496.75,mRNA,mKalama1,3.0
9988,2497.0,topo,topoI,0.25
9988,2497.0,topo,gyrase,0.25
9988,2497.0,RNAP,RNAP,1.0
9988,2497.0,mRNA,tetA,35.0
9988,2497.0,mRNA,Raspberry,3.0
9988,2497.0,mRNA,mKalama1,3.0
9989,2497.25,topo,topoI,0.25
9989,2497.25,topo,gyrase,0.25
9989,2497.25,RNAP,RNAP,1.0
9989,2497.25,mRNA,tetA,35.0
9989,2497.25,mRNA,Raspberry,3.0
9989,2497.25,mRNA,mKalama1,3.0
9990,2497.5,topo,topoI,0.25
9990,2497.5,topo,gyrase,0.25
9990,2497.5,RNAP,RNAP,1.0
9990,2497.5,mRNA,tetA,35.0
9990,2497.5,mRNA,Raspberry,3.0
9990,2497.5,mRNA,mKalama1,3.0
9991,2497.75,topo,topoI,0.25
9991,2497.75,topo,gyrase,0.25
9991,2497.75,RNAP,RNAP,1.0
9991,2497.75,mRNA,tetA,35.0
9991,2497.75,mRNA,Raspberry,3.0
9991,2497.75,mRNA,mKalama1,3.0
9992,2498.0,topo,topoI,0.25
9992,2498.0,topo,gyrase,0.25
9992,2498.0,RNAP,RNAP,1.0
9992,2498.0,mRNA,tetA,35.0
9992,2498.0,mRNA,Raspberry,3.0
9992,2498.0,mRNA,mKalama1,3.0
9993,2498.25,topo,topoI,0.25
9993,2498.25,topo,gyrase,0.25
9993,2498.25,RNAP,RNAP,1.0
9993,2498.25,mRNA,tetA,35.0
9993,2498.25,mRNA,Raspberry,3.0
9993,2498.25,mRNA,mKalama1,3.0
9994,2498.5,topo,topoI,0.25
9994,2498.5,topo,gyrase,0.25
9994,2498.5,RNAP,RNAP,1.0
9994,2498.5,mRNA,tetA,35.0
9994,2498.5,mRNA,Raspberry,3.0
9994,2498.5,mRNA,mKalama1,3.0
9995,2498.75,topo,topoI,0.25
9995,2498.75,topo,gyrase,0.25
9995,2498.75,RNAP,RNAP,1.0
9995,2498.75,mRNA,tetA,35.0
9995,2498.75,mRNA,Raspberry,3.0
9995,2498.75,mRNA,mKalama1,3.0
9996,2499.0,topo,topoI,0.25
9996,2499.0,topo,gyrase,0.25
9996,2499.0,RNAP,RNAP,1.0
9996,2499.0,mRNA,tetA,35.0
9996,2499.0,mRNA,Raspberry,3.0
9996,2499.0,mRNA,mKalama1,3.0
9997,2499.25,topo,topoI,0.25
9997,2499.25,topo,gyrase,0.25
9997,2499.25,RNAP,RNAP,1.0
9997,2499.25,mRNA,tetA,35.0
9997,2499.25,mRNA,Raspberry,3.0
9997,2499.25,mRNA,mKalama1,3.0
9998,2499.5,topo,topoI,0.25
9998,2499.5,topo,gyrase,0.25
9998,2499.5,RNAP,RNAP,1.0
9998,2499.5,mRNA,tetA,35.0
9998,2499.5,mRNA,Raspberry,3.0
9998,2499.5,mRNA,mKalama1,3.0
9999,2499.75,topo,topoI,0.25
9999,2499.75,topo,gyrase,0.25
9999,2499.75,RNAP,RNAP,1.0
9999,2499.75,mRNA,tetA,35.0
9999,2499.75,mRNA,Raspberry,3.0
9999,2499.75,mRNA,mKalama1,3.0
10000,2500.0,topo,topoI,0.25
10000,2500.0,topo,gyrase,0.25
10000,2500.0,RNAP,RNAP,1.0
10000,2500.0,mRNA,tetA,35.0
10000,2500.0,mRNA,Raspberry,3.0
10000,2500.0,mRNA,mKalama1,3.0
